Celtic Sea   and   Division  VIIj herring
101
Celtic Sea Herring acoustic survey
2002  2018
1   1   1   1
2   10
1   41500      185200     150600    29700     6600    7100     2700      0      0
1   13100      61700      60400     17200     5400    1400     300	 300     0
1   -1        -1         -1         -1        -1      -1        -1       -1      -1
1   64600      137100     28200     54200     21600   4900      700     0      0
1   21000      211000     48000     14000     11000   1000      -1      0      0
1   106000     69800      220000    30600     8970    13100    3650    1020    0
1   64000      295000     111000    162000    27000   6000     5000     0      0
1   381390     112040     209850    57490     124630  11710    3650    6350    880
1   346150     548940     155860    193030    65240   91040    6650    3110    0
1   342000     479000     299000    47000     71000   24000    33000   4000    2000
1   270000     856000     615000    330000    48500   121000   24800   22700   3260
1   697600     291400     197400    43700     37900   9800     4700    0       2100
1   41400      117300     112100    69400     19800   23600    6800    16500   1300
1   0          40100      48100     41200     37700   6800     5500    4600    0
1   125144     20629	  42736     39835     36124   24590    5462    6166    159
1   -1        -1         -1         -1        -1      -1        -1       -1      -1
1   55621      16104      26831     5984      110     101      0       0       0