752145 235335 49913.3 36492 35991.9 27228.6 26558.3 13974.4 37824.4
152060 104655 24604.3 35998.2 8554.32 11441.5 11125.6 3835.08 21226.7
385400 334635 34782.3 86949 75955.5 61917.3 48120.9 24387.5 66590.9
312506 132628 46910.1 25044.6 16008.2 16269.9 11680 6632.46 18739.7
634824 251295 41900.3 62034.3 38033.1 47751.9 46226.1 17367.6 46865.3
967737 193719 124646 36353.1 40004.8 29156.4 31484.1 18723.6 53161.4
256644 54545.4 28944.3 42891.8 24095.8 24683.9 20766.7 10635.3 33943.4
714227 101071 28480.6 21556.9 8157.46 9890.55 9404.82 4628.08 18798.6
314733 78140.6 21143.8 21408.2 6208 10587.1 9145.82 4456.33 16726
385809 48732.2 21633.5 44687.7 34457 33516.7 37199.2 21641.8 65390.3
207893 240680 43912.2 71149 24229.8 23871.2 24476.1 14150.7 53042.9
188453 210098 48078.5 84885.8 46990.6 35741.8 37233.2 21412.4 60072.7
282568 69791.9 36903.6 23032.9 14987.3 15459.4 12739.7 6875.56 25429.7
141151 164843 36022.1 36367.2 23897 37348.4 27693.7 13564.3 31060.9
66464.1 23602.8 37580.3 60776.8 33320.3 37484 47743.5 29661.9 86490.7
208981 187621 69831.6 65024.8 23145.2 37073.5 40698.2 22421.4 42014.6
125764 28323.5 35507.8 28495.7 19634.8 35449.2 26731.2 19423.3 35611.7
393805 109577 72192.1 60432.8 22536.3 35460.7 32374.6 17019.8 57142.5
94276.8 452435 22303.7 31965.6 25579 22130.8 19314.9 17717 59061.8
150835 53214.7 50546.1 37359.3 19147 22581.3 19138.3 10429.2 35670.4
313761 93642.7 50526.1 27678.7 16150.3 14529.8 10769.6 6853.62 14781.2
386366 109423 18354.6 29536 11796.6 8583.07 10637 4441.46 19097.4
717723 85428.7 38206 45394.6 35167.5 26354.1 24584.8 14017.9 44472.7
988560 173515 61562.7 41809.5 24594.9 18629 18567.4 8573.33 32531.3
153622 123051 78605 163654 116093 124372 111451 50152.6 134110
731048 81160.5 125845 56109.4 34126.4 38720.5 27323.9 23353.8 60004.4
131829 37887.4 33807.9 28210.4 14193.1 18655.2 14011 9736.59 28218.1
192868 65892.8 39213 63793 26912.2 50023 35103.8 19292.6 49528.2
103438 322667 15227.4 31833.3 22600.3 23664.6 33268.3 16841.9 40880.8
261523 161219 32188.2 13932.5 16398.2 22814 23810.1 12615.6 45273.1
120181 51057.9 31432.9 13220.8 9692.76 9840.74 8473.55 5281.28 18908.6
682451 191443 128805 141543 63624.3 85080.5 96063.6 51391.5 112661
136953 288199 63297.6 63737.4 54646.1 45350.1 28482.3 16664.1 49105.4
706025 124435 40100.4 36146.1 33678.7 20455.9 22658.6 13186.2 23138.6
100963 114457 77472.3 67233.8 39007.3 30651.8 26168.7 15995.5 53901.5
144657 165924 13721.5 60144.2 28066.4 41338.3 28397.5 21673.1 55391.2
856024 153371 60976.3 25893.7 20247.9 15406.5 16774.3 10071.2 28742.9
480382 126870 54428.2 48988.5 23682.4 39159.8 27446.9 20882.1 60125.4
133560 26498 37913.6 24404.5 12679.3 19302.5 12028.4 7529.22 15479.4
175618 160487 101339 64419.4 24519.6 39963.4 44929.1 28073.9 46133.4
445567 62127.6 14544.4 11474.4 11694 11116.3 11506.5 4239.49 21596
267086 23402.9 30511.1 37725.6 19373.2 18769.3 15131.3 9409.06 27379.5
468858 175693 53872.5 43493.2 17448.9 19745.7 18045.3 11910 40780.8
209154 46997.3 43090.1 40211.5 27770.2 30368.3 27750.9 13763.9 41744.9
660831 261731 68593.8 52762.2 38235.5 38670.3 43815.8 22365.6 64880.3
303726 763259 115903 56781 48801.3 76003.7 61595.3 35249.8 86821.3
179678 69106.7 41453.5 16149.5 9464.54 13263 10284.7 6242.57 27712.9
476640 209208 54095.7 45663.8 14614.7 21133.9 19284.5 11754.5 32206.5
426381 78654.1 42856.1 56581.3 50949.9 42468.8 40255.9 18558.5 54182.1
448421 145361 62458.9 43908.8 40993 34415 22637.3 12463.7 42729.7
576238 431355 133636 54290.8 39867.9 31767.4 31647.4 15425.5 43522.3
606643 238284 28942.5 47635.6 29694.7 29750 33685.5 17522.1 61975.8
244392 130990 58425.5 56393.2 34309.4 27118.3 17975.3 12319.8 35836.2
671678 88725.5 34686.5 30375.2 25244.3 33605.6 37081.6 19771.4 40792.7
293086 84405.9 17923.8 20901.4 9478.12 11408.8 9875.66 7756.19 26944.2
180142 94838 44543.8 96826.2 35602.6 74245.5 58474.2 26648.9 73779.8
191034 106525 30201.3 25905.2 32010.7 21431.6 20991.2 11673.4 48344.6
57168.1 404865 85913.7 90592.2 30541 37124.5 36400.2 21303.2 60789.5
158052 117683 27513.7 26001.1 9189.55 9430.31 11246.6 5060.2 23705.8
282174 97721.3 42735.2 62978.5 17618.4 22824.3 17193.6 8738.21 36547.8
167755 134578 48259.5 27233.4 20169.2 14929.7 11548.3 6332.14 28275
142414 143883 40514 72246.6 28593.5 38219.7 38430.8 18180.6 54795.9
305517 64881.1 68634.9 49426 30429 36681.8 51850.5 28211.2 55946.4
101315 107469 59718.5 25319.5 17933.6 17943.9 14745.8 4382.25 25590
220096 81398.1 62000.6 33344.7 19791.1 13112.9 10248.1 6608.85 26145
413491 35131.7 22871.9 23039.7 11847.8 14224.3 19631.6 7811.83 35717.7
1147980 53501.9 47927.6 24499.7 12493.7 12910.3 16371.6 9631.13 34261.5
711699 118080 23797.9 43885.9 27826 24893.6 20416.4 11652.5 29559.6
336673 227778 94406.9 73732 16757.2 38558.4 35004 16345.2 37108.6
829452 124553 64227.5 46047.5 19209.5 23470.8 28772.7 12032.2 60445
456485 58742.7 32472.9 54486.5 32385 26118 22386.5 15045.5 42051.7
604660 113612 17537.9 14709.2 14911.9 12369.2 8081.06 3916.26 15713.2
282615 186379 70704.1 43337.6 28200.9 59013.3 38443.2 16102.3 63153.6
392623 29978.2 27013.2 38400.4 18687.7 21872.4 19805.7 11624.2 44491.5
839368 102403 36892.1 51826.2 29315.8 24085.6 23238.7 10841.9 40729.3
1258550 124303 50738.2 58987.4 37798.1 28107.9 27500.9 25186.5 74332.8
204092 88162 65899.9 38837.4 33166.6 36131.1 44885.2 19119.4 49856
482221 84899.4 39459.2 21441 20711.2 15698.1 14792.2 10659 25348.2
847477 71377 33902.1 35605.2 18178.4 17904.7 15905.1 8305.84 41606.9
832705 123226 43306.6 70232.2 23141.5 35567.8 29822.5 19721.6 46180.5
58221.5 92947.4 47684.7 30954.3 31104.2 23526.5 40590.3 18419.9 37169.1
230869 148163 71293.4 95919 38226 55167.6 44634.3 41782.7 93803.7
1249980 118773 63029.5 37430.5 22073.5 25729 21134.4 14564.7 28213.1
625739 102916 60535.2 55048.6 18426.5 19652.8 24017 8990.31 26628
854149 107205 51000.2 43987.3 38544.9 22381.2 32380.8 10818.9 37218.5
192944 31327.7 28710.9 35710.3 20431.2 14922.6 19967.9 8470.18 30788.2
410317 215824 79917.5 70482.6 50701.7 45830 48450 30631.6 81295.4
792215 87217.1 24483.3 24820 27203.5 24747.1 21874.8 11966.7 26010.9
122327 51588 20236 19246.6 13550.7 22247.9 17085.5 7372.52 20885.7
381723 47726.1 73688.2 66078.8 42737.6 27878.9 33798.3 16809.4 34910.7
137206 81791 30445.9 33595.7 11545.7 18997.4 17225.3 8004.23 31701.4
86002.3 261095 30672.8 36776.5 15338 18461.5 24615.1 13618.5 42944
449401 44349.2 33576.3 28604.9 20204.9 16061.8 14781.3 11479 26867.6
272724 71586.8 21596 22134.4 23247.5 42734 29254.6 14742.5 45652.5
664985 89269 61731.1 56836.6 20320.3 32280 31521.2 18496.6 58525.7
428146 146801 144892 36274.2 34028.4 28031.5 25176.1 13199.8 35862.1
375284 53380.7 36630.4 21396.4 7989.34 9096.42 6057.51 3678.93 16038
458321 86870.3 11454.8 28747.7 11953.7 14983.1 17621.4 10283.9 45507.5
446969 53977.1 50747.4 33407.3 18236 20283.3 20786.6 11685.3 39590.6
233959 81029.1 24538.4 33987.7 24297.2 22101.2 21305.1 16341.3 46071.2
1291400 29507.8 77966.3 108907 50715.3 57900.5 57162.1 34376 72310.2
215296 178076 32349.9 31963.8 17752.1 20552.8 23486.1 11279.7 41093.1
365643 100300 21414.2 28798.9 14263.1 12220.5 12667.6 9711.14 28771.9
354650 76256.5 52284.3 48418.7 32334.9 59349.5 51340 34255.2 110326
170847 42988 51679.1 94444.4 31172.4 63941 58246.3 30381.7 93248.9
268141 71761.3 52313.2 57638.7 20939.2 23412.6 15208.3 14334.9 26159.8
261012 174382 75236 24016.3 29168.5 45703.4 40880.3 29138.7 60992.7
458201 146155 12874 25478.8 23061 21839.8 22327.2 14201.4 39928.3
325994 147752 55609.8 50552 33699.9 26437.7 27042.5 11952.9 39290.6
316156 165246 37112.6 39008.3 33844.8 38978.8 41527.3 19304 60299.1
1009440 42480.9 22537.3 22027.9 16400.1 16760.8 12936.2 11693.3 41454.1
77501.1 84307 17118.8 26685.6 7779.56 16207 11349.5 8798.44 22198.2
171366 160653 39480.8 65177.1 53914.4 56319 50893.4 25437.3 74077
729209 114692 41908.5 38669.6 27002.7 18259.2 18344.9 13042.7 30210.7
1036860 105826 41650 42147.5 26575.9 30669.3 37606.1 15427.9 40028.3
459117 194631 57791.9 79680.3 50221.7 52337 36690.4 21910.1 61405
335131 53038.1 33514.9 41190 34548.1 25282.9 31171 22139.8 42752.6
155545 94034.4 28864.4 25667.7 21598.6 19489.9 22597.9 14682.7 45148.5
153569 105864 29476.9 25137.6 6313.39 12226.8 9693.17 6713.52 18761.3
452638 152022 52069.1 76252.4 36658.5 38315.3 46947.4 20603 84003.9
562236 45031 43253.3 81723.7 59037 51007.3 50170.4 27967.3 70075.9
250066 114868 80861.1 36521.9 20516.4 31934.7 33501.1 16258.5 52576.9
103088 122041 20207.3 47684.5 26757.7 25682.2 29704.9 13237.4 54862
533783 185866 42199 49438.9 24616.2 29890.2 23214.8 11812 27394.4
121891 123740 106301 44485.8 42924.9 45236.6 48971.2 21754.8 66412.6
142526 91075.2 6337.14 24098.8 8601.63 13905.5 13596.7 6879.55 23069.4
165631 130342 32127.7 43157.8 45521.5 26264.9 48235.8 24436.6 61036
130847 97376.8 38176.2 42826.8 16808.9 21593.7 21018.5 11839.8 43356.7
252655 83589.9 62265.1 60525.9 34019 24356.8 18696.1 9628.13 26988.2
828083 41777.5 52137.2 24749.6 9470.11 20580.2 21161 17255.5 83231.9
515353 55808.6 17846.1 11920.8 10696.8 9761.13 11284 6687.33 30227.6
374862 94137.3 71438.2 44039.7 29664 29917.3 32970.8 14320.6 47074
370698 18497 26046.5 42509.6 25187.8 18140.5 18226.8 9413.29 40785.6
201333 193368 107416 127785 80827.2 99441 46774.6 28659.1 74545.4
342917 75415.2 21202.7 34110.4 11904.7 15087.4 26860.1 11364.8 30836.1
484964 78436.9 61571.2 90372.2 26678.3 32114 36014.9 20507.5 50233.6
483843 86299.2 25353.7 13108.9 8342.61 11096.4 11361.4 8244.99 26833.3
325372 241122 25282.9 53126.5 23341 26795.7 21776 13356.2 40568.4
387958 38236.9 84728.7 84741.4 30064.4 42614.3 37208.5 24522.9 65980.4
352955 330936 62428.7 35873.7 16867.5 23560.9 19714.8 9908.32 30537.3
643222 238339 85415.2 51865.4 22718.8 30602.7 24227.1 15525.8 47508
98446.2 152660 37317.9 54775 29474.3 27875 22427.3 14049.3 43287.5
256807 139426 56882.7 76888.4 29988.8 29497.6 54222.3 18312.8 58567.1
843210 137503 47853.2 52479.6 29033.6 46641.3 29096.7 16999.4 44324
153212 104259 22355 37447.5 19184.8 16209.9 18477.6 9620.86 33053.2
562174 199268 82782.4 60127.5 21048.9 21372.1 26068.6 11359.6 35476.1
729819 30460.3 16094.1 19228 15999.7 15066.7 22131.6 11560.1 39821.1
163694 66165.6 40473.6 43263.9 27417.7 21526.4 20886.1 12632.1 45193.7
454390 84361.4 28561.6 56394.1 20183.6 36080.8 34332 11363.1 35291.6
139237 109783 40685.1 38537.5 17251.1 23766.8 20249.6 7180.59 37724.1
65332.8 138100 42502.5 31768.3 14517 10221.9 10206.4 6166.31 19520.9
77677.1 114844 16756.1 36527.6 15338.3 27419.6 15797.1 7217.3 21657.3
273255 133896 30870.4 10177.3 18154.6 22142.8 22881.6 11080.7 31151.3
222274 174596 26587.7 14823.5 9024.17 12096.1 11747.5 4952.19 24533.6
281261 229563 11203 23397.3 12390.9 13135.2 12757 5257.69 27345
293258 105004 56374.4 92408.8 72535.7 51692 53134 28058.3 79998.6
420107 266380 73851.7 100726 37851 42054.5 37859 16384.6 46485.4
424126 139565 36898.5 35190.1 20858.3 30823.2 21069.8 11180.5 25346.7
490952 151329 23347.1 50645 23504.6 19871.3 18665.3 9560.96 27414
173174 177231 56100.7 53710.9 40551.9 55133.6 34502.6 25654.7 70720.9
358898 101268 11525.4 30594.1 26518.5 15701.1 14871.3 8817.7 28411.5
269437 91580.5 14537 17559.7 8432.37 9550.23 7991.1 3220.88 10745.2
477872 75435.7 85649.6 58786.2 22586.3 30203.6 17095.7 15109.2 45042.2
1126890 318458 41816 44127.3 43597.7 21740.8 23446.1 12430.6 42249
849001 194544 92020.5 70428.9 33946.1 37861.8 36715.1 32394.8 64181.6
524210 285059 39797.8 43929.8 45209.3 19969.6 19735.9 10977 22843.4
254413 54664.3 19091.7 11117.3 10812.3 12249.8 11752.9 6839.12 33971.2
355939 218068 61766 63760.8 26851.5 37544.8 29598.3 16952.9 41013.2
294294 276350 53453.3 63164.9 40343.7 47675 36103.4 12152.3 46000.4
287576 161623 59168.4 76241.2 49701 40671.9 38610.1 28967.8 71409.5
206476 72347.5 60262.9 38388.6 37326.7 25101.2 18980.3 12341 25335.2
577633 41107 21554.6 63031.7 30808.9 41023.6 28024.5 21917.8 48232.1
249397 53096.3 131760 46741.7 45168.7 41940 41090.5 19637.5 65968.5
280858 80677.4 40969.5 37455.3 22320.1 22859.5 24017.4 12876.3 32904.1
565030 37962.9 82211.6 25538.1 25641.3 16476.1 12359.3 13700.3 32381.6
198522 60366.8 73751.6 45281.8 39908.8 24851.2 29369.6 18481.3 51479.1
664074 389374 148197 88672.3 56289.3 44127.2 53814.2 27377.5 68368.6
362979 127481 34021.5 48170.4 29291.9 37333.9 36302 16038.8 60861.5
276262 70920.1 76498.4 50155.1 25895.5 30350 24378 14269.1 52239.3
242189 46016.7 17255.1 28546.3 10456.6 8054.15 9205.25 5926.53 22150.6
322934 121451 21068.6 52033.6 19247.7 20639.3 19203.1 9654.61 28932
1581110 318821 81276.2 97371.1 54218.8 47681.7 40695.3 18754.9 60138.7
305613 88596.9 34218.2 21797 24210.6 15717 10948.5 5888.34 24406.1
1699050 120638 41507.2 64495.4 14729.6 26369.7 21500.5 16077.2 27617.8
583748 54752 42066.1 32552 25320 29230.5 30875.4 13952.2 52106.8
318898 53692.9 41070.9 51734.7 34456.4 44125.3 33491.4 19439.2 54776.5
100965 195630 64036.4 99379.3 42723.5 37303 40930.6 20187.3 60771.1
775160 66406.2 63252.1 77650.4 25848.7 36914.7 31893 21708.2 60238.3
236137 148263 44e3 44963.2 50865.8 36847.4 33124.5 15507.7 35313.8
497600 77257.3 44814.5 27276.8 17686.7 17789.6 14207.7 8571.65 37161.4
424191 114656 18679.6 10783.1 14497.9 21847.7 17078.1 9794.89 31699.3
712203 49663.5 40591.7 28906.5 25427.1 23327.7 16124.7 10867.6 38499.1
611250 172303 30230.3 67788.2 54266.7 34804.2 53122.2 30633.4 81930.8
191876 199378 57337.8 25044.5 7970.97 8351.28 7309.22 4558.78 11220.9
625750 97260.8 82328.9 42580.4 22605.2 25297 27597 12872.7 45916.5
622979 256881 18709.7 24342.7 24532.1 26011.7 40102.6 14969 38117.2
807883 156815 81722.5 78523.9 44444.1 34081.3 39688.4 20177 43794.9
156145 154775 57421.1 32306.7 17029.8 21271 20861.3 12826.5 36359.3
237226 100992 69160.2 34574.7 15970.2 25879.3 20358.2 15274.6 46330
115744 73262.3 19649.7 18863.6 11213.6 16419.5 16378.6 11704.3 37219.6
1031150 397019 138529 148552 96819.1 74628.3 60013.9 48344.5 95105.1
227145 215388 35322 32258.3 18716.9 35961.2 29570.6 16142 35953.6
177841 154127 13716.6 23155.6 11287.3 11608.2 8256.71 3700.98 16860.2
292670 194229 38455.9 40682.8 14449.4 18211.1 12381.8 7023.58 25134.5
2747130 97593.8 53100.8 81249.2 23772.9 34860.1 29012.8 14184.3 33460.2
852315 61724.9 14852.2 24839.5 26255.6 20213.2 18535.9 9469.92 44697.6
198451 32265.9 72526.8 50655.3 66130.3 54573.4 60211.2 24112.7 65604.5
113960 57727.6 42211 70119.5 41543.5 30771.5 32343.1 18463.4 63256.1
607476 62508.3 62602.7 37030.4 17247.3 28773.3 29384.7 10001.7 39491.9
212146 90088.5 54128.6 56939.3 32015.7 26009.7 27586.3 17019.3 48797
174618 147619 61332.4 27145.4 45821.6 28478.9 29139.3 18712.8 50748.2
376339 384227 87748 105967 102632 75877.5 89079.1 49990.6 114370
286531 189417 54014.8 72308.7 31004.1 41994.3 36454.2 23906.8 38647.1
95629 161361 52884.6 41682.9 23697 23191.8 19670.2 13003 38179.6
80523.9 140302 57147.2 21629.9 20530.1 18867.8 20532.7 10056.6 37626.4
1056460 146918 35757.3 52651.3 37327.1 26443.2 27434.2 15570.4 46355.2
439712 64903.5 26210.5 40907.9 17648.5 21368.7 22464.5 15532.4 55532.9
262591 161999 39933.5 52158.5 25893 19368.4 17030.8 9552.27 24223.7
54416.7 175440 55026.5 45181.1 22303.2 18339.2 13149 8750.04 21469.3
154774 111896 32311.9 44750.4 48311.7 36248.5 22399.9 13995.3 38691.7
294125 60484.7 57249.4 36678.9 23742.2 20533.3 24259.5 10368.6 23663.4
478392 150078 19396.2 149828 43521.5 93798.3 78965.2 25926.4 69021.2
416362 164365 53516.1 50610.4 15410.6 30166.3 25083.2 10744.9 35847.1
151507 117695 31222.1 61482.3 13270.4 23025.7 20686.8 12407.7 37948.8
497467 159630 94014.6 55737.6 16648.6 16700.3 12742.2 7459.44 23057
1014610 209206 54296.4 52023.1 76945.1 71735.7 91324 57228.7 138125
47211 19173.5 30198.1 22498.8 22139.7 22370.9 19624.6 9901.95 28600
145181 114829 37637.9 24643.4 21967.1 21313.3 20873.8 9922.18 40724.1
233271 75950 87740.7 66186.3 44519.5 38043.4 28058.2 22324.5 54630.1
85230.1 151435 44423.8 20596.8 15252.9 13382.9 7691.62 5105.19 14625.7
129828 259268 29789.8 34382.1 31580 25661.9 18856.4 13762.4 39525.5
68741.3 61276.5 50337.6 22248.9 12412.8 9848.96 9995.9 4086.61 13197.8
142187 233246 53911.3 29963.2 10220 20253.6 15164.7 12195.1 30655.9
405453 199700 40680 31360 15189.1 19713.3 13644.5 6115.93 19434.4
163353 40876.8 81789.2 63508.3 45568.8 43421.4 34690.8 27729.2 57974.3
324302 273782 54706.2 52918.5 18868.1 22464.3 15139.2 10282.9 30133.3
1599300 181336 25066.6 33316.9 10951.5 8625.93 8850.5 7003.8 30374.3
252503 56605.3 17588.2 8586.45 6702.87 5674.77 5789.24 2070.6 11947.1
475074 134950 28178.7 50619.7 23899.8 30999.5 24559.1 10971.6 50963.3
169273 120704 65383.4 45365 22391.8 29884.4 31587.9 21266.7 49628.4
188930 34005.7 68894.2 128819 41189.7 70540.8 66661.9 30888.2 86030.1
996309 269820 45586.1 43733.7 61235.2 61240.3 46503.4 27774 68873.2
166976 61137.1 109938 31206.3 31937.6 37823.5 28987.8 17044.1 53064
416926 70621.4 57663.1 41818.2 28303.1 26626.2 32433.1 26749.4 69179.5
552291 236461 51581.8 36919.6 16946.9 25031.1 18545.3 8626.81 22735.1
638236 39513 45882.7 58161.2 26487.9 33669.4 42262.5 19523.5 53712.6
208046 58675.6 21766.1 53062.6 21771.5 27749.3 28635.3 13045.6 37055
282292 113337 27263.7 45824.4 40459.6 31021.5 17526.8 7918.04 20706.9
710291 122845 75383.8 34740.6 19699.6 34780.4 23133.5 14102.5 46098.5
374196 73526.1 43310.6 47244.1 19586.5 25707.9 23774.7 13560.3 35292.4
789150 73923.6 37728.6 16257.5 14572.7 11767.6 13386.3 6743.1 19399.9
153233 139881 33856.8 34596 17525.2 26351.8 31051.1 11941.2 42768.1
940946 126192 70143.3 24208.3 21004.5 18250.4 16436.7 9385.77 31144.6
1242610 127104 99014.4 93927.5 49346.2 55734.2 71465.4 46001.9 114404
287336 250226 81115.6 69427 38455.7 34964.1 38767.7 23852.6 59567.7
99863.1 45067.6 36133 22882.5 10823.7 10257.6 12244.9 7958.46 22508.3
256258 84853 67271.1 68590.5 14852.4 24262 20411.3 10356.8 36945.8
71099.6 382530 71023.8 46430.6 25552.1 23576.1 22190 14311.3 36534.1
249847 122437 13629 15024.4 6803.25 12326.7 16191.8 8254 24751.1
294700 193912 42584.1 53133.3 44024 46994.7 51055.5 31211.6 54597.2
1421870 323201 48929.7 48262.1 26508.1 27669.8 34132.8 13384.3 40846.2
523291 120846 229364 94105.6 42884.3 104034 66021.9 35186.3 99781.6
1425630 165783 71765.1 46750.3 40725.1 43704.5 29930.6 11835.9 39303.8
212533 63359 61394.5 58556 26694 22883.1 23353.1 8339.43 27140.1
206113 144017 24105 11670.4 16273.9 12108.2 11895.1 7467.48 16572.8
213973 92017.8 52680.7 18937.2 11665.5 7684.31 12217 6180.21 19866.2
472071 53257.8 48558.6 38478.1 31374.1 26590.5 33036 13900.3 46468
315462 67591.5 28407.5 16649.2 11253.4 11416.6 14140.5 6935.55 26855.6
382810 84207.3 28587 59815.2 15663.4 24725.8 21707.8 16625.7 40331
496484 119201 36612.8 32293 16793.8 25536.5 18726.3 14807.9 33035.5
304886 66076.8 27566.8 23162.4 24039.2 21231.7 16557.7 10602.2 30231.3
490067 91609 93511.6 58215.7 42478.8 23546.3 24848 9663 29887.9
302844 162169 28159 17462.1 19552 16953.8 15104.5 8465.38 26597.7
149914 144074 77799.3 34182.8 15349.7 24208.8 11361.8 10668 42991.2
743181 67454.9 81938.2 41704.8 35771.3 14195.2 11980.1 7896.79 24386.4
199165 41180.9 19786.1 25372.4 23723.6 15612.9 13272.5 10280 24292.9
348657 124250 49904.7 70048.8 27735.5 35319.6 31028.5 16264.7 29477.6
997745 180824 118416 83359.5 57108 76432.6 71556.7 28245.4 66985.1
719064 213818 93947.7 75690.7 45899.2 43149 49862 21035.3 50700.3
225685 72465.5 22387.8 44104.7 13841.4 23921.7 19319.5 15086.6 34881.4
384484 226202 46175.4 83075 55236.6 65311.9 53897.1 33594.6 68114.4
312311 107941 153250 79658.2 67265.1 43055.4 50966.4 29689 81561.1
71159.8 26416.7 41508.7 48020.8 51462.7 45380.5 47944.7 18573.6 63882.3
504959 690966 84134.1 72926.3 45273.2 38830.6 49555.2 19093.6 54351.7
156662 18700 14252.8 17786.7 16857 20119.4 20709.5 11468.8 37662.6
257540 177231 86612.4 34251.4 30830.5 21074.1 27383.8 13959.8 43466.7
378130 75646.5 29588.7 22905 19550 12468.4 14659.6 8082.51 17598.7
299768 71279 50026.4 50408 12659.6 16051.2 21141.9 10354.4 33131.3
112900 160961 29454.2 29875.3 21919.7 16701.6 19505.4 12882 32530.4
132732 291572 49083.9 36680 35527.4 30785.4 33009.6 15672.9 49708.8
346808 110053 44162.3 18535.9 28814.1 21113.1 19786.1 9516.57 39644.4
557365 101941 89096.6 46652.1 35933.2 33215.5 29225.4 14384.7 47358.8
95629 161361 52884.6 41682.9 23697 23191.8 19670.2 13003 38179.6
237345 91091.8 29252.4 71539.9 28019.4 37165.3 26476.2 17218.5 32075.2
527046 111154 75631.6 52366.8 26086.2 30891.5 25220.2 13756.9 43236.4
311259 90625.1 55702.1 33746.4 14253.1 12838.3 11158.3 5730.45 20982.1
268949 117395 76613.9 36569.5 27723.7 24943.7 37165 16299.1 49724.9
214564 51605.8 21432.9 12845.9 8091.5 10213.5 10039.9 5247.42 16181.3
1301540 167492 30528.6 70210.6 52673.7 70909.8 47883 18723 64423.1
198506 192081 20144.7 13302.3 29609.5 16326.8 12855.8 8496.16 25022.1
286575 87320 84371.4 29051.4 58047 29748.7 39599.4 21314.4 44522.8
319320 97198 47812.1 55937.7 17233.3 44780.8 27583 11245.2 40793.2
189941 64062.8 43225.3 63634.4 51519 42428.9 40751.3 30087.6 83889.2
187751 40106.3 39668.9 20400 14371.7 15997.4 14983.5 6236.14 26945.5
352532 50922.8 34227.6 25443.9 11834.1 12692 14779.8 10292.5 33459.6
524048 119255 75291.6 70063.3 81699.3 79120.4 58410.7 28372.6 89122.5
585931 16205 64717.9 48869.4 38383.7 48195.6 29201 23105.1 78776.7
814257 106940 58887.8 47462.7 33439.9 23406.3 27504.3 18024.9 50049.4
331757 157989 85991.3 42561.2 88232.5 62208.1 79248.9 34259.5 72795.2
171767 105652 46508.2 40998.6 25619.4 28244 15277.2 11361.7 33063.2
193211 73260.9 23951.7 40516.9 14393.8 19716.5 20872.3 10636.8 22761.4
558703 189998 33924.6 72396.9 32023.6 43909.2 42632.4 23921.1 45940.2
164359 164115 63958.7 61538.5 32178 44987.8 44819.2 25625.4 65155.5
669978 96290.5 61061.5 97554.5 76982.5 68499.4 44964.2 35707.2 81039.8
131189 136304 65487 80191.1 18239 12900.1 15534.8 12166.2 30882.7
113471 39566.8 41489.4 36264.3 16728.3 22072.7 14964.3 10907.5 43116
135258 83583.3 18658.9 24352.9 15106.8 16481.7 15431.2 11706.4 47161.3
193247 106291 72298.8 34910.5 34347.3 22366.1 30468.1 18647 42919.1
622334 77381.9 86732.3 37321.4 32070.9 19247.9 22020 10715.9 37205.7
176175 110703 38137.3 49780.5 30599.4 30148.9 24211.5 16264.2 54247.9
845422 142906 32964.1 68177.6 43908.8 44420.6 44338.9 23818.4 75631.3
34432.7 171310 21412.7 24024.5 15840.1 16837.3 11360.8 5900.26 14209
3157070 203394 70824.5 34301.5 31632.3 32756.1 23060.6 14778.8 37818.4
305840 159259 73027.7 42258.8 29116.9 37222.1 33485.7 19925 50042.9
807134 217560 118567 45943 31609.7 31225.7 41132 17384.7 42559.6
922307 287687 46142.7 51347.3 39712.6 44789 39090.9 29850.5 75807.2
115872 74755.8 48060.8 31808.9 21001.6 19340 19727.1 16926.4 40065.6
76674.7 91466.9 23068.2 34813.9 28909.8 27933.9 23363.3 15053.5 64846.5
879462 58608.3 34928.2 26326.9 8881.19 12691 11370.7 5678.11 25688.5
548037 169521 99492.3 34954.8 20920.5 15156.8 16868.3 7748.9 25071.4
28270.9 164424 42443.7 46303.3 15058.5 34162.6 20653.3 13994.7 32099.3
583274 84064.4 22326.1 35956.8 22306.7 27971.5 23296.8 12252.5 27425.4
822842 375274 49049.3 42181.7 23487 17569.7 16106.4 14301.1 28241.3
236725 99345.6 50942.6 35838 20076.4 20430.3 14833.8 9505.62 21891.9
342477 150145 34320.8 74461.9 25540.6 28500.9 25550.3 13650.6 45042.6
106665 68493.7 58392 47314.2 20282.1 24171.8 30079.9 18190.4 38944.1
567553 67185.9 89741 81939.6 24627.5 52934.4 31457.2 16295.1 39332.1
322363 157293 42481.1 79596.2 73612.2 78634.5 53814.1 23755 84554.8
134065 120084 30966 53810.7 27858.9 23848.9 21586.8 9222.1 29230.1
439726 111375 60865.1 66197.9 17821.7 40574.9 35304.4 16762.9 59159
72716.3 122473 90598 29956.7 38287.5 42766.2 27858.3 13848.1 36347.5
116459 84641.8 37645.6 15849.3 9929.2 14066.9 16568.7 7727.86 29946.3
183050 188984 52311.2 43951.5 17692.2 22338.5 29547.8 9101.96 27814
134549 106401 13131.9 31579.8 33867.3 21717.9 21480.3 11418.5 43558.5
482889 90911.1 122409 41247.8 37499.6 49299.2 29881 13459.7 50409
747090 87346.6 58605.3 36659 32021.8 34282.9 15491.8 10305.7 29532.7
1194420 215333 54438.6 71077.9 48344.8 48440.5 49292.5 29519.7 44104.1
185991 23362.4 46395.4 35093.4 12576 17105.7 20449.7 8037.02 34533.3
202487 141834 31975.2 44197.1 21154.2 24514.5 26864.6 15824 37190.1
311952 87702.4 83089.8 82960 27872.1 38489.1 25683 19472.1 47083.7
104494 151447 100876 41708.5 19063.2 27376.7 31958.6 12040.5 24375.2
359328 48683.1 39622.5 68756.2 55663.8 40369.4 43797.4 23492.8 49379.1
626730 97285.3 24230.9 13352.9 11881 16397.1 11720.4 8227.92 29790.2
185213 138843 52367.4 40568.2 16814.8 29927.9 28092.4 13850.3 49560.4
107337 101399 72367.6 68386.3 29912.2 50521.9 40486.6 21831.1 69183.2
364008 302728 72785.8 49599 31855.5 33154 33902.5 22150.5 49867
207890 123190 56665.7 68331.1 25252.3 21722.3 15720.3 9429.12 29650.4
163186 106074 83380.5 43494.2 16600.7 24676.6 24276.1 13696.7 46351
105038 108864 65014.9 39341.5 12784.6 13843.9 15095.7 10534.6 39785.1
705398 146644 40871.8 57239 36906.8 35156.9 45344.5 27715.4 60278.6
285279 101066 44323.3 29065.7 24307 23189.5 21827.6 12044 29698.4
271271 68851.6 37152.1 40189.7 24650.7 34900.8 24441.8 13670.2 33022.9
429487 77614.7 39589.6 94254.3 26997.8 27057.4 36125.9 21294.4 47535.8
630161 181263 71870.4 39613.1 43427.7 36639 33612.5 17297.2 62952.4
273901 357195 80244.2 54634.7 32884 31985.1 38925 21593.8 53521.5
400857 101631 95162.1 33716.8 15208 18627.7 28593 15450 40464.4
374078 70019.3 77851.6 37221.7 32219.6 45387.5 41831.1 21401.2 74063.9
178890 78325 80380.2 130347 63908.5 75431.1 64533.5 31063.4 81828
578228 74260.6 26967.8 16558.4 12710.4 20086.3 16933.6 8821.49 23632.1
99753.5 116212 41608.2 47551.2 24102.5 27538.3 18588.2 9875.65 31957.4
319770 157186 33308.8 42872.3 73248.8 47196.6 42968.9 20737.7 55450.5
891250 159510 39403.6 45349.6 41860.4 25486.5 34603.2 17515.7 56503.2
463424 87883.9 79602.7 34158.9 18653.7 35966.5 24834.1 15571.3 60718.7
552641 211153 71032.9 72589.5 34727.9 51394.2 44746.7 20610.2 62943.6
255770 228424 76992 33730.4 24267.7 20125.3 21772.3 10944.5 43022.1
261830 130162 46281 36893.2 20757.1 24153.1 21126.8 19012.7 46210.4
504413 79235.9 55366.5 102421 58360.3 62342.3 56219.9 32316.6 86384.5
1131080 720180 69784.5 101419 41219.4 41195.3 59652 42242.1 77762.7
85785.3 70716.4 23432.4 56360.9 22281.9 21023.6 26482.4 16516.1 56337.7
321594 127900 54576.6 58656.6 24511.9 29714.8 23527.3 16488.3 36401.6
370319 206461 88490 49198.1 32379.1 33626.3 35330.3 16091.5 42618.7
344078 106238 44509.3 66006.2 35333.4 36301.3 31582.7 22648.4 51312.3
225551 204503 72708.4 110134 46719.5 58256.7 55101.5 28118.4 68005.2
470423 45979.9 101145 33805.9 23575.1 25402.3 34735.4 14225.8 56357.6
1066100 78891.2 47257.4 23687.4 23565.8 29713.4 29733.6 14089 55120.8
335525 203306 27985 31363.1 12680.6 12176 9930.38 6734.67 24618
807186 112042 23000.1 25103.2 15118 12478.6 13009.5 6223.52 29175.6
167435 123106 37120.7 33038.8 19939.8 27425.8 22836.8 10562.2 42646.3
387856 78672.9 32071.1 36850.4 25861.1 24547.5 31780 18140.6 51303.4
161544 100187 69562.2 51399.6 26792.6 36620.7 33980.4 16454.8 53597.9
307785 289998 83802.5 83272.4 64723.4 46697.1 39118.3 15444.6 45882.7
294125 60484.7 57249.4 36678.9 23742.2 20533.3 24259.5 10368.6 23663.4
202442 63975.6 32265.4 27311.9 12263.6 17356.9 13874.3 7492.64 32929.6
410293 81194.2 39361.2 62742.5 39032.4 28636.1 23820.9 14969.2 53953.3
74075 70952.5 32814.9 38135.8 41967.5 26900.7 24216.4 12183.8 36064.5
396354 86384.9 13643.2 16229.7 10810 7945.07 8685.94 4327.67 15375.4
557293 111272 33880.9 23868.4 10033.7 8448.38 10176.3 5846.39 20831.8
321905 81953.3 39975.3 51367.2 32493.6 22390.3 22393.7 17864.6 52346.5
229191 132466 75458.5 47486.8 29611.3 30668.5 30418.4 23545.6 60583.1
193002 43642 10586.8 15347 14532.4 10256.3 13387.6 5457.83 31211.4
317750 67298 29137.2 31448.7 17614 20444 12809.5 6685.53 19330.4
282189 96110.3 94761.9 59013.9 17214.4 24447.5 18981 21688.5 59619.3
302890 216199 54045.8 50362.1 48435.9 55616 43928.3 22059.1 51545.7
446165 89800.6 67212.1 90652.4 65195.7 58831.8 89287.3 52398.6 105190
201870 182012 42596 62457.2 37696.5 55653.3 43908.2 22810 61644.9
333592 72973.9 150096 69979.4 59819.3 62679.5 59703 34770.1 96192.2
1442130 118915 41489.8 43925.1 16721.3 21688.7 26476.3 12590.2 36243.4
124697 17204.9 35318.3 53636.1 13976 15725.3 14946.8 6929.62 32604.9
96792.8 90122.4 47378.1 56168.7 18357.6 14828.4 16942.3 8868.02 33577
182750 99298.7 47670.1 17750.8 32094 31127.8 25116.1 14661.4 45173.2
362918 57287.3 63462.1 29558.8 35332.9 32982.3 27195.3 15380 49719.9
150835 53214.7 50546.1 37359.3 19147 22581.3 19138.3 10429.2 35670.4
308147 37257.5 97944 38450.9 30440.7 29995.8 27990.2 12923.7 55147.7
240121 85500.8 23218.5 24433.2 15874.4 28946.5 17956.9 7783.57 33778.7
375184 68058.3 40112.5 32690.4 19932.5 23321 20682.2 14165.5 43710.5
904168 148821 46570.5 30738 24317.7 38947.8 33922.2 23568 61216.5
165992 70243.1 10785.2 9588.06 8100.55 11421.8 13634.9 7204.7 29332.3
160448 64418 31706.6 40817.7 23421.6 24676.1 17740.4 10176.5 25442.9
223441 88334.9 21560 14314.6 13263 13439 14733.1 5508.93 16699.6
237797 128282 16730.2 22131.3 10863.2 16856.3 10823.2 7661.44 24192.9
1183040 52574.2 20572.6 16045.9 13164.9 7326.66 9571.04 7194.99 27323.8
172428 142877 46774.5 115015 43950.6 49110.1 40552 21697.9 65232
170603 135187 35284.9 37162.6 25340.9 22778.3 24614.1 9000.9 31158.1
1015220 114910 166382 92128.7 90051.7 77022.4 95383.1 43680.6 138530
103175 175803 35440.2 40166.3 42297.6 52937.1 34622.6 20975.6 51656.7
462198 36206.5 39380.9 22986.2 21178.9 19357 19371.1 9366.94 29706.1
218416 78782.1 70613.6 30384.5 14529.4 22940.2 17215.5 11230.2 31066.7
285198 87997.7 58222.6 44832.6 17768.8 12407.1 18036.1 8537.56 35780.7
78104.1 75555.6 46275.9 45710.9 29429.1 23920.2 14037 10438.8 28661.1
348037 104514 41791.1 27248.5 17322.7 37100.6 29463 22202.4 46749.9
66239 288097 59609.9 84046.1 30913.9 31113.2 45250.1 23678.8 53735.5
152020 167019 64769.6 23130.6 24308.6 23763.3 18810.9 10961.1 37122.4
290488 90194.1 42796.7 108293 45643.3 54442.7 66856 31040.2 86832.2
193341 194597 85245.7 84034.5 28298.4 25742.4 34290 16576.6 50263.5
529320 46428.3 55800.8 41401.8 27111.1 23564.5 21948.2 9037.04 44129.6
193224 60373.7 52158.9 57860.1 37593.6 42786.3 28424.5 24225.2 58956
150361 124619 52359.6 70045.4 38825.4 36501.1 35691 9349.72 35365.3
198736 25202.6 52031.7 30502.8 11395.8 21025.7 21677.9 12211.5 37128.8
666617 69013.6 48659.9 21281.8 20043.1 19297.3 19783.2 8086.6 22581.9
256601 73818.5 72245.6 135292 77687.7 101540 68197.1 38397.4 120736
740098 139334 44850 44885.9 33582.2 23844 28298.2 27414.3 57615
472482 122937 61678.8 49170.1 13986.6 21314.9 17870.9 9675.88 35504.8
251320 121316 31813.6 31028.3 16865 13360.9 14380.3 7457.86 19704
374112 170131 62195.2 69507.8 59232.4 72452.6 53751.4 30724.6 79472.5
362628 188542 62965.5 70879.3 40111.8 37813 25789.4 20909.1 49470.1
911463 238791 50282.7 33048.4 32424.5 44371 30028.7 14983.4 60429.7
1381950 427603 41490.3 29170 17301.1 17715.9 20106.8 11857 36235.1
507808 152086 91188.2 65907.7 26970 30063.8 28329.1 14067.5 33307.4
618459 146183 70952.5 51643.5 37018.4 31629.1 33167.5 9700.08 38389
248536 93856.9 14198.3 13064.1 6997.64 10028.5 7482.72 3506.23 9094.43
150127 168794 55972.3 59062.4 36107.9 68950.5 45672.6 32594.7 94587.4
141062 69155.6 54610.1 39641.8 26039.6 40187.5 28300.6 20119 40656.2
245499 184345 44829.6 73345.3 36082.2 47045.1 36353.8 22306.3 68350.2
56550.4 71444.8 25849.8 29392.3 19762.9 16129.8 21574.1 8614.5 49876.5
229393 66858.9 31288.2 18730.9 21347.2 13186.4 17483.5 5889.56 21666.1
566705 39639.7 30120.7 25504 9747.08 24949.7 13714.8 9093.84 36177.8
558097 169037 46771.3 52254.5 31059.7 36029.2 27753.3 14146.9 38045.7
644460 87186.6 57013.7 125371 37505.9 49565.4 49345.7 19343.5 85911.1
514516 350999 59625 125392 50658.1 45443.1 38823.8 27720.6 88349.8
500388 482614 62786.7 97096.4 74866.8 64332.8 67233.5 30701.3 70496.8
899356 90165.8 34712.3 42071.2 27492.3 32040.6 23855.3 11339 42185.5
431752 121052 58870.6 99810.8 24234.1 36812.4 48865 20039.2 64736.1
173545 113350 25152 26556.5 22940.9 15486.1 12212.7 7262.51 16089.1
327896 81346.5 19459.1 27723.1 17525.8 27659.7 26045.7 14546.4 29105.1
1408090 116688 43377.9 57699.7 33594 27252 33875.6 17094.8 32840.3
834977 145108 73671.1 57843.1 22861.6 24174.8 26844.8 14793.9 37711.4
150026 82836.1 17704.9 27909.7 10746.2 13712.7 14491.1 5661.17 23542.6
269022 252797 22899.9 35780.9 17330.4 9364.18 11314.4 7207.07 22970.5
936722 165800 71134 35368.3 23307.6 20685.2 20488.9 11153.5 43966.8
114202 190060 25878 36722.1 22753 10490.8 11510.4 3702.08 15864.1
425895 196535 68106.9 38336.1 33425.3 34600.7 25603.3 13273.9 43428.8
530986 110386 100683 75599.6 43671.1 36322.3 43559.9 24125.6 34660.8
98426.9 54909.7 45584.4 28471.9 20522.5 26421.3 25466.7 10712.4 36316.8
530509 90448.4 34843.9 29396.1 27435.7 31346.2 25943.8 14325.1 32662.8
158799 72573.9 15549.4 20273.1 14953.8 22234.7 11747.7 9721.45 28905.4
392844 120559 45325.3 90304.2 31543.5 37463.7 26011.8 14264.1 49843.8
302367 35451.7 34180.8 27506.4 21716.9 29947.4 24202.8 13552.4 39628.3
193963 57632.1 23250.9 26406 10310.9 9425.67 9628.92 4969.78 24928.7
148902 269207 109955 96432.3 40054.8 42762 32537.8 28792 65566.2
349619 118420 68040.3 61602.8 34602.7 24436.6 28395.6 20352.3 66977.9
522619 97434.7 19601.8 41665.1 46344.1 52012.5 39366.9 26122.3 70037.4
389579 72338.8 13143.7 9614.16 15542.3 12788.2 14293 8798.93 27111.5
136758 89420 35203.7 61368.7 47533.9 52434.6 52121.3 39800.1 79063.8
108690 108401 56842.7 27293.9 33254.7 30819.3 32581.7 16020.3 42791.6
65607.1 122400 59649 40096.6 30087 29961.4 16404.2 8647.9 28558.5
109919 66634.8 53933.1 51718.8 27109.1 37890.2 38444.3 23817 48370.1
120751 71839.1 50597.1 35813.4 16621.2 23230.6 31019.7 16060.7 48662.4
393985 38593.1 22927.9 12465 7593.11 8203.83 5816.37 4284.69 13972.2
244752 87770.2 68828.3 75918.9 42903.6 46423.8 35744.3 21785.4 55509.9
335123 47858.5 43699.9 105526 28272.7 55059.7 36815.1 27373.6 58258.8
229755 182667 22133.5 39826.4 48468.1 40312.6 25955.8 19859.7 65783.1
63711.3 188667 64979.2 58521.5 41806.6 32852 37318.7 28121.3 70927.9
90547.8 174095 54898.2 37852.7 17805.6 18663.3 19417.6 8870.09 24776.3
1008170 102089 17381.8 57603 45823.2 37783.3 36573.2 21579.2 67884.8
294207 131779 57460.6 36425.6 17467.1 18544.5 24000.1 18887.2 49669.5
87387.7 149606 93272.4 59591.6 64608.2 48351.2 52504.4 28048.6 49877.2
706096 88695.5 23107.8 22592.6 10962.2 8985.24 6988.44 4002.87 15625.3
170403 64606.3 31229.5 50609.6 48952.5 38302.5 47220.4 18433.8 59706.5
214929 152271 61780.5 62449 20145 22029.1 20227.9 8115.87 21216.4
169341 98727.1 59424 72756.8 40206.9 24819.5 26361.2 15375 34714.1
604409 169171 57813.7 106024 62575.2 95863 59394.1 31109.2 84024.5
628576 107460 79122.9 91079.7 67027.4 89398 61442.9 28891.7 82884
357822 156003 39157.9 56936 18518.6 30215.7 20387.7 14507.6 38628.4
101139 90947.1 11010.5 37301.2 18641.5 12238.4 14523.3 7526.09 16386.5
184066 60691.7 47608.7 59594.7 22095.7 15058.2 20014.4 8875.67 38839.4
211338 77418.4 24881.4 35909 22171.2 25021.5 20457.2 13643.6 40806
466483 158696 47284.6 67122.4 56675.2 44946.2 49636.5 20238.3 64482.9
159066 66198 15836.7 16865.2 10019.7 11657.8 12840.9 6568.85 31117.1
1239100 87656.9 45874.6 59902.2 31663.8 28626.1 36606.4 15928.1 44689.9
83052.4 42510.9 35580.9 16606.6 6374.78 10192.3 8751.28 4022.76 17647.1
124386 378880 30423.8 49236.4 17760.4 23168.7 27146.4 12662.9 46161.4
105538 164417 44846.4 88864.5 29560.5 56390.7 52425.6 30180.5 91972.5
68418.5 66858.2 52991.6 22417.4 7810.66 11990.3 11297.4 6916.75 22182.7
102546 22416.1 22370.6 21190.6 11290.3 10831.2 11743.2 4605.88 15776.8
171689 69534.2 41980.4 81610.3 88207.2 44785.4 65872.4 31157 89219.2
291971 38538.6 40389.5 59309.9 23569.5 30182.5 31619.1 16791.7 41821
575873 64709.9 40875.6 80031.9 41142.6 39837.5 46832.5 26821.8 40470.4
763644 93803.2 60412.3 47956.8 26817.6 43404.2 29955.4 19502.8 45934.6
306104 391712 85587.9 97408.7 74527.6 44512 37673.4 23435.7 55274.5
128034 228248 18245.9 38942.9 15222.6 17871.1 14299.4 8527.3 17043.1
439737 474700 50653.1 42263.9 31182 39915.1 43909.3 23584.9 47909.1
1215380 70562.2 48339.3 35468.5 20422.4 15874.4 14602.6 4537.31 28869.7
64518.5 45127.2 29836.9 19042.2 8914.98 14899.8 13741.9 8362.62 51962
76453 27838.9 26309.8 29773.5 13633.5 18227.1 10600.8 5739.59 15239.4
183388 109496 53658.1 28813 20783 18711 13500.1 5638.48 26119.6
65235.8 113156 30257.7 21756.2 19564.6 23986.2 21212.2 13179.3 44080.7
331955 26578.7 31565.7 32808.2 27071.8 29551.1 21526.6 9944.74 33247.7
262367 69149.6 169496 61436.8 36385.9 55278.9 69726.9 29228.4 129013
349064 50739.1 35047.4 45150.5 15103.7 20491.1 17153.4 9194.64 34961.6
367057 85670.3 43849.1 27998.5 17117.9 16519.3 20238.6 8874.65 25433.9
276818 185258 119384 99099.6 106242 81363.1 92201.3 42210.8 102083
311218 41263.5 43030.1 43668.6 22706.8 23921.4 20898.8 15441.4 32470.6
696320 97388 34660.1 28482.8 29199.7 18517.3 20413.8 9249.39 35143
677397 59384 40328.1 13080.3 17021.2 17426.4 17316.9 7036.55 29535.3
1340090 276699 70843.7 142940 68288 80244.3 64142.6 21467.3 64494.9
133761 45265.9 54330.3 65287.2 24337.5 27891.3 29849 11500.6 37683.8
178890 78325 80380.2 130347 63908.5 75431.1 64533.5 31063.4 81828
181452 30654.3 66654.8 23330.1 44931.1 36339.8 45165.6 21901.4 74593
162557 49659.7 64070.1 27318.6 17435 17960.4 15447.3 8077.84 29896.2
811509 142169 62246.1 52953.9 33268.6 27148 25427.6 14032.8 43037.3
563676 61789.2 61088.3 35206.6 39723.8 41425.2 31332.4 19478.4 88874.1
556193 136239 101634 60259 48366.2 46631.9 36724.4 15291.2 52377.3
250602 85958.6 72826.7 68739 38394 42922.7 43755.1 22014 48936.3
1884320 94912.4 38904.9 45356.1 28363.2 21308.3 24470.4 16508.6 52762.8
376264 35201.3 44100 50988 28498.6 22879.5 22757.4 16868.7 35862.9
369891 176590 51604.5 98314 42817.6 45324.2 50811.2 29832.8 91620.2
1274100 125995 132316 66264.5 25683.6 42862.1 34348.1 20400.5 41587.5
512223 176837 34884.8 62635.2 24928.7 34315 37744.2 25295.3 51441.7
191358 64718.5 48919.1 60963.9 34245.7 41692.3 31236.3 17552.3 28394
436742 85941.5 84516.5 34626 26002.9 33013.9 13365.9 10017.6 31881
280124 178037 37663.2 45550.6 14723.2 27775 22166.8 13294.5 40355.3
170078 35253.1 65650 56572.9 25469 49819.7 28748.2 20114.2 45705.1
178529 67846.7 65017.2 34951.4 19857 21133.3 20590.6 9707.96 38025.9
130624 68878.9 59035.6 21635 32406.7 16729.2 19124 12201.6 33097.2
357281 32623.7 51139.2 18888.4 10623 20857.6 16621.1 15029.7 41624.1
224954 123128 44427.2 25468.1 15562.8 8001.12 9151.92 4383.37 13387.8
348309 47404 128564 35116.5 19728.9 23164 15239.7 11570.8 28208.1
328520 128077 135036 63203.5 108118 76932.2 63660.6 37691.2 77116.2
584011 125119 51220.7 26345.9 19813.8 17794.6 19914.9 11856.3 42936.3
547459 76670.6 47682.9 51828.7 17352.5 23372.6 20884.1 14672.1 42733.3
759759 79002 34382.1 18446 19290.6 19695.9 13213.8 9642.98 28412.4
210611 67751.2 53943.4 33694.7 27819 25723.9 29048.1 20710.3 54497.4
62582.4 294683 96677.6 72400.9 61110.9 50645.1 38499.2 24639.3 53531.4
302461 145311 57759.8 43418.9 17486.4 21270 20851.7 7592.11 26904.5
1413400 115829 15528.6 19048 14261.4 11217.3 11196.3 8607.47 34333.5
170702 123703 32813.4 25545.5 14578.6 20093 21784.5 10338.2 28638.4
374508 138163 57120 73862 37242.1 40580.3 38065.9 31638.8 88431.9
1675520 26678 14344.3 22027 16933.5 15945.3 12531.6 7752.64 20288.8
378067 178807 82429.8 43569.8 18432.9 13879.4 15278.1 8982.46 17982.9
412465 223499 32304.1 27577 46504.7 31888.8 22383 15952.4 48400
154370 68993.6 23709.7 25316.3 8175.4 11919.6 17232.3 7723.29 28257.5
825709 69717.1 31564.1 28878.2 11242.1 18660.4 17717.5 9435.1 28927.7
605278 116796 26046.4 41119.2 31197.6 35165.6 43199.2 19165.2 57710.5
314688 140245 48446.9 26700.9 21433.8 16458.9 12454.5 5328.88 13997.5
180249 57323.6 63154.2 47832.2 34364 28277.8 31919.3 14813.3 56529.3
70390.5 99705.6 57969.9 24051.1 20732.6 30754.7 23133.7 11634.9 25533.4
385390 94115.8 87017.2 51422.6 59334.7 37351.8 54052.5 36937 67996.3
384923 192901 42921 25574.1 22046.9 23625.7 22037.7 17891.9 49200.4
233711 70892.3 44415.3 41569.5 32641.7 33679.6 22216.7 13711.5 43864.4
203244 81033.4 52919.2 30814.1 20547.9 21442.5 17645 14079.6 30968.9
118905 32285.4 72341.9 52067.4 30903.5 51235.7 38546.8 22622.3 47782.8
312041 121591 40445.4 45427.1 13699.6 29308 22616.4 13012.6 46786.2
520566 46396 22447.2 18236.2 15879.4 13048.7 12855.3 8917.66 45141.2
545392 87950.5 61497.1 54858.9 45603.1 34409.9 43349 19848.8 55996.3
531228 104009 41114.7 26419 16066.8 43260.2 27774.1 21622.4 54822.4
318555 171831 74276.1 110873 52018.4 60265.6 48442.5 34601.9 93640.6
243886 109649 33879.1 51043.4 23209.7 15216.5 33572.2 13205.3 42064.3
378580 108121 33220.2 63123.5 25491.2 18572.4 22038 11206.5 27392.5
377018 79263.6 56832.7 35628.3 15265.9 27440 17045.5 10302.9 19666
201121 76194.3 62270.5 22754.8 19828.9 16094.2 14180.4 5937.6 19531.1
483203 73112.6 27064.7 21828.1 17802 14607.9 16675.6 11681 40260.8
202435 102969 17484.1 41777.2 26925.2 27132.6 30225.6 16847.9 57214.3
115448 78103.6 41816.8 48935.8 39913.7 45070.5 45858 18527.5 42810.9
81719.8 17439.9 45617.6 21955 12281.1 16649.9 10268.6 7880.02 33508.1
490223 64027.4 17713.8 13297.7 9933.12 18015.9 12347.1 9048.01 43894.6
377928 81139.4 30214.2 31481.1 17773.6 23280.2 15056.2 11392.5 26411.1
114225 128793 40900.5 43431.1 41495.3 36725.6 26512.1 11003.8 26422.7
311026 116611 55695 67342.8 19758.7 30458.7 21642.4 11410 38194.4
207226 229839 152669 37995 14024.9 19514.2 20902.4 13981.1 46757.8
93765.5 113886 44743.3 35827.9 17901.3 18864.2 10193.6 8478.24 26124.6
308355 158726 19296.5 59754.9 35415.7 34507.2 30611.5 9661.46 35375.8
210080 352831 38286.6 38990.3 25505 23567.1 23657.4 8590.2 27870.8
215008 108660 46322.3 84147.5 54815.8 46811.8 36817.4 25345.5 56248.8
550734 132333 26965.9 30181.4 14422.7 29779.8 24094.4 11052.3 35642.7
289147 50030.2 29419 16005.9 9575.51 14050 18601.6 6568.25 41840.3
228268 101249 35023.7 22259.7 8326.67 18724.3 18922.6 6752.54 18814.4
278118 144838 28236.8 31291.2 13813.1 22569.8 24026.5 13411.4 34909.6
249009 58473.7 54913.3 72941.6 37514 43307.6 52016.6 25936.6 99433.4
380876 32891.2 44312.3 34026.1 17227.9 16733.5 16438.6 8294.1 28598.9
994718 144857 23105.7 30761.9 36183.4 27571 27604.1 12737.6 38055.3
664727 86729.6 58401.5 12289.1 29527.9 26201.7 22715.4 13949.3 39347
346974 140185 51540 26647.9 17289.2 21433.6 11678.1 8228.99 26151.4
637503 97493.8 18503.2 52605.9 13556.8 18997.2 17624.1 6357.21 29420.8
472608 73430 22784 31499.3 20909.3 21833.5 21375 11117.9 27016.3
126868 83086.1 68257.1 39722 30744.8 62407.1 33761.3 21354.1 74338.7
501895 89953.6 34433.3 29673.4 13339.4 15505.7 12168.2 10073.8 27663.7
344457 245612 41577.1 54795.2 14724.8 19297.1 20375.5 10746 34370.3
262288 106391 35523.1 42377.3 25846.9 25333.6 18549.2 9974.82 38465.9
288692 30881.9 30990.8 40752.1 23609.4 17128.3 19113.2 11722.4 36638.8
115596 318258 31717.4 83932.3 28257 36990.7 49887.2 16986.9 39194.8
239099 53229.3 38529.3 26835.7 27152.8 18850.5 19504.9 8265.35 32146.2
147e4 117369 18735.2 10807.3 7487.35 8906 6088.03 2863.88 8571.29
567861 48545.3 39199.6 67667.8 46067.3 42554.8 49825.9 24297.6 59066.7
553575 148628 82571.6 85445.6 36337 36605.9 28505.5 13527.3 52762.9
516303 134650 34501 30771.1 29583.4 34523.8 24056.8 11922.3 31108.5
391317 42599.7 43115.1 53312.8 17145.9 23847.6 27945.7 12058.1 34918.5
218153 132291 24014.1 48971.9 12062.2 26813 17448.4 10944.5 27417.8
1026610 216016 143533 104511 40707.5 55089.1 67896.6 28381.8 65586.9
319740 141054 22796.5 30452.7 16904.7 15172.9 14306.9 8654.27 27166.6
398857 29297.4 30894.7 33483.7 22870.8 24597.9 21649.6 6752.35 36720.3
220068 141036 42258.8 59437.9 47132.9 51769.7 43876.5 25429.1 57157.3
70452.9 117760 34273.1 22338.1 19797.1 17889 15867 12846.6 19670.8
385334 113417 48817.5 26273.1 26203.7 25296.2 33216.7 19081.9 61310.4
592192 68430.5 35027.5 32242.9 26976 20848.7 22338.1 8309.7 28189.4
275644 187947 21245.2 27562.7 20282.2 20701.8 19740.8 15170.7 35715.3
263203 110105 27958.3 35035.6 20640.1 29994.4 32026.1 16469.8 41841.9
2692290 295067 59692.7 53154.7 34620.6 33796.4 43226.9 21846.4 65520.4
299418 91497.5 73739.8 51074.5 19586.9 32433.6 29348.2 13343.1 27761.3
742778 134194 32879.5 50044.7 40908.9 23755.9 36726.3 17435.5 62543.9
123417 179119 107238 45950 17363 29106.9 34032.9 15359.2 43639.5
109774 204282 51395.4 31805.7 35673.7 30887 30012.8 11993.3 58105.6
78743.6 118602 52633 69888 34096 15239.4 41824.9 27219.9 50602.2
450153 120001 27621.1 35441.9 17808.2 18378.7 14036.8 10429.3 33877.4
253749 104641 85332.1 36831 23454.1 26930.4 26306.6 13740.4 38304.2
132940 67396.9 15035.8 30348.3 21297.5 31299.2 29432.6 13015.7 56882.4
182273 125229 38424.1 76655.8 55079.1 51010.4 51415.9 25601.3 63920.4
827322 235236 20900 18035.8 7148.2 8028.68 10458.8 5429.76 28058.4
562771 188003 110078 34554.6 38567.6 36118.2 33467 17967.6 53728.3
2669230 281538 38807.2 70569.2 48404.8 46430.1 45396.6 26232 45974.7
341956 65882 6470.78 3901.64 4777.04 5476.65 5942.67 3244.98 17037.3
455053 116972 38032.7 29657.8 34994.5 25059 25844 12329.6 40859.9
457859 296664 162798 127785 65843 63264.6 95993.4 49401 104827
486179 78824.8 43416.1 37060.1 36990.8 31663.7 29389.6 13187 33822
655508 79489.2 52909.1 78358 77462.5 61766.4 54899.2 33666.2 80758.4
288485 116344 28370.7 18329.2 11956 14090.9 18656 8248.96 26625.8
337265 223124 56621.5 35344.4 15991.2 20969.3 12956.8 5972.04 15687.8
126990 95376.6 22676.8 21638.8 15675 13287.9 11957.4 9514.59 18747.5
303194 41338.2 30201.4 26505.5 20772.8 21732.1 20565.4 10492.2 37512.1
743957 56644.4 26483.4 24931.9 12803.9 15501.9 11725.4 7471.49 24816.7
774163 110433 19255.3 20397.9 12317.1 20651 15486.7 11323.2 47081.3
219696 397190 54027 64978.6 22442.8 29594.3 32154.3 15752.7 42684.4
396296 49942.5 27907.1 48913.7 19772.4 30754.8 27253.2 13769.2 44346.4
214485 114127 29904.4 17017 10803 8619.88 10061.1 6517.58 15733.3
129630 118579 24490.9 14520.2 18062 18430.1 18980.3 10921.2 25847.7
116470 40426.6 72369.6 85776.2 38456.2 53183.3 34756.2 14946.7 46832.3
183205 280770 41672.9 37246.8 32723.1 37522.2 21590 16123.8 43018.1
154955 55389.6 32696.2 28914.4 14302.5 14053.2 15315.3 7962.55 30721.8
269770 98356.6 33696.1 47896.1 42591.3 39464.4 40193.6 29023.6 70814.5
170914 191865 105865 62042.2 27844.4 37816.5 31975.9 10801.6 42977.8
172730 177546 43959.9 40677.6 37149 38239.5 31426.2 17264.4 34859.9
489664 108395 34393.5 30812 18257.3 12874.6 9947.27 3403.45 8523.3
113955 97713.3 38933.7 57702.3 26673.5 20255.6 34253.2 18485.4 58536
213057 197224 59248.4 116399 37297.9 54591.1 43145.6 18884.3 51100.5
192157 48407.6 57955.3 37742.1 29030.2 39459.8 23831.8 8651.2 27765.3
493512 36183.6 44813.3 32355 15137.3 17028.2 13879 9076.62 29202.4
299099 99605.3 37827.4 38059.7 18193.2 16253.8 30267.4 16046.6 57519
204874 17070.1 35052.5 28910.6 25220.8 35124.6 23501.4 13240.8 42676.2
250271 99188 49859.4 28266.9 9048.18 14410.2 13469.8 9142.32 33053.3
131348 64120.4 14827 15863.4 27873.7 22515.9 24711.5 14853.1 36866
348092 218104 35879.5 60090.5 39194.9 36515.2 35801.9 18083.7 56857.7
246218 89900.2 62613.8 40627.7 26588 34851.5 42212.5 15880.8 60612.4
444494 87512.9 54544 80930.3 47429 42850.5 34752.7 15609.4 32489.3
389395 44843 67946.9 65162 35007 42850.2 35290.8 19616.5 57077.5
359936 47486.2 35163 36664.4 38079.1 24563.8 17816 7980.95 26306.6
509928 133325 48987 80802.3 54722.5 35191 42607.2 27781.7 69474.7
136872 51025.9 30729.5 23998.5 14533.1 9317.81 10446.3 6496.14 16522.5
180483 55116.5 61277.7 46311.5 27183.1 20749.7 21263.6 11153.3 42996.9
131247 74496.6 29605 18141.6 26961.1 23071.3 26963.1 15954.5 38389
168976 82499.9 33057.6 22119.9 14381.5 16422 29597.2 13389.8 39322.3
126058 328941 66176.7 154289 42891.2 124257 99535.4 69254.9 129741
168014 50785.7 98015.4 79167.6 28227.6 32345.7 33477.2 26665.7 48450.8
749994 138648 50713.3 41658.5 26310.3 21135.8 17428.3 15954.1 48004.9
302687 38357.7 139297 64984.8 47386.2 49246.7 37856.1 17195.7 38411.4
147079 169188 28634.3 63476.8 29854.6 59299.2 62750.7 23036.6 58078.8
418425 86002.7 67908.1 41764.4 15555 36835 22636.1 8810.75 29896.2
132262 64333.7 32980.2 30057.8 11413.3 13307.1 14334.7 8902.66 30830.9
259534 94604.3 27054.1 25832.1 15694.2 25359.4 25854.9 9680.23 31615.8
86730.9 55132.5 33550.7 12744.7 10123.3 11176 7918.98 6496.85 26796.6
146305 163468 28202 43775.9 10757.5 25826.1 17148.6 8361.98 19145.6
420068 216093 23583.2 46856.5 25887.6 25850.3 27093.6 13674 38468.8
606732 157671 35762 34114.1 28059.5 28475 20697.6 11584.5 39989.9
412745 207953 98247.3 107740 28368.5 85495.3 53826.2 38804.8 115504
269439 155624 61407.2 83086.7 61786 54373.1 47314.6 25408.6 70345
412253 350814 75672.6 47317.1 27307.4 18764 25882.5 9954.61 40496.4
347756 68138 46389.2 83909.4 36574.8 24044.9 36693.7 17278.7 48974.3
498313 56413.7 38385.9 16381.1 22747.8 11606.5 11727 6053.01 17103.4
958594 301014 65122.4 49093.7 30818.3 18661.6 24870.9 14954.2 38127.4
707347 249656 33302.5 65367.6 28465.4 48582.7 39161.6 26180.2 49334.7
127485 254331 21425.8 23942 32404.8 37684.1 27845.2 13851.6 45310.2
119388 121529 84044.4 44903.5 31381.3 31663.2 21008.5 10268.4 36115.4
92592.8 54162.3 59871.3 25868.2 23068.6 16445 22054.2 17512.3 39799.9
204907 90909.8 54877.6 44189.2 41537.3 39635.2 47693.5 23482.5 60387.7
614383 36316.2 45333.8 57364.5 21854.9 25115.3 19191.9 14099.7 23495.7
1112350 91114.6 111805 79049.1 21164.5 21711 30310.8 17166.2 59034.7
576395 88966.3 57800.1 26116.1 17029 27137.9 29719.5 13078.6 52030.5
810375 176709 47784 53149.7 41026.2 20682.6 24382.9 17144.4 44383.3
1971840 263808 59305.6 64541.2 26695.6 27801.3 34234.9 16737 37487.2
136202 190629 38045.2 42030.3 30619.6 28088.1 27845.1 10835.7 38242.7
141038 170401 59101.7 69508.9 17915.7 20925.4 22630.5 11768.6 56029.1
96559.3 114198 28703.6 39284.3 23522.3 38202.3 35691.3 18046.6 31089
185989 159800 28350.6 23882.5 19624.2 25551.8 21872.7 6763.76 24149.5
250651 119081 49315.9 40640.8 44482.4 34036.2 28694.5 18832 64705.6
103019 523700 112331 109322 47199.6 46147.5 51821.4 25228.9 69791.2
205305 165761 73347.7 47159.4 45581.5 43771.3 37276.4 22352.9 50083.7
326367 79786.5 37623.1 23539.6 14097.7 21250.4 17576.5 5335.36 17172.1
190320 57912.7 27437.5 72219.9 21076.4 43430.3 37472 15668.6 58376.9
276856 135961 42739 30054.4 12433.6 12526.3 10459.8 7363.72 24701.2
399834 65185 163396 73150.1 49107.1 52726 52480.3 20376.8 36852.4
921167 69200.4 60054.4 100002 61366.6 46320.2 52904.2 21993.8 50932.1
205409 161857 101258 94892.9 41325.4 52002.8 62250.7 33059.5 85261.1
274570 41954 26986.3 93661.3 40434.4 50267.9 39324.5 32395 99006.3
1143130 113528 71228.3 62474.5 35489.5 31778.7 24153.8 15059.1 40152.7
867190 121774 36135.3 33330.1 18623.4 23461.3 31661 11884.5 38624.1
619096 77375.8 34322.4 40054.7 18402.8 35406.2 25492.8 11045.6 40013.1
796334 71145.2 123016 115088 69718.6 67925.1 69534.8 45940 130207
393555 59480.2 22189.5 23694.8 18999.3 23626.6 19739.5 13874.1 39689
564813 85244.6 30247.2 57846.5 32796.7 38568.4 38698.7 18690.7 57912.6
189794 167379 27437.5 24034.2 22655.2 21717.4 26022.6 10425 35904
681427 113010 88587 69796.1 69859.2 47385.7 45394.7 27450.1 67131.9
264460 49536.4 70553.8 29225.1 11144.2 13134.9 10838.9 8238.44 34368.7
121926 106149 61563.2 38185.2 49877 27067.7 36128.3 29536.3 75309.8
615387 149629 83361.8 34307.6 27097.9 39858.8 51651.3 24412.6 70354.9
180707 97305.2 31948.2 17884.8 18757.2 16677.1 16660.8 8625.55 31435.7
201396 45725.9 13206.9 23319.3 11110.6 16972.2 15342.3 10062.6 28444.2
475898 90284.6 60806.2 51225.6 42639.4 38730.1 43197.2 17432.3 45464.3
268338 153644 53130 23582.6 11658.3 15410.9 14113.9 9451.97 40084.8
217668 264412 55773.2 48873.7 18738.6 46344.4 39894.5 26301.2 69141.6
333623 63746.2 39658.1 13558.9 17073.6 16875.1 15924.1 6871.72 22513.1
973502 48746.8 42644.3 19362.7 18348.3 18983.6 9860.2 4962.83 23313.9
2158990 94245.4 93336 116572 40294.9 39040.1 32422.8 13111.3 40776.2
563255 67472.6 80603.6 118834 31510.4 37975.5 32630 17502.2 40727.6
493156 125998 46945.8 46988.1 30454.2 27285.9 24887 13516.3 44124.7
202667 142607 73251.1 58251.7 48839.6 31435.2 27164.9 19128.1 33277.4
241011 122286 33260.6 106185 61989.2 40133.9 35062.4 20847.4 50512.3
449857 341334 56962.8 44836.3 36504.8 41318.1 33554.3 15021 49521.3
133147 171987 97386.2 23958.2 28406.2 25788.7 26352.2 11946.5 35688.4
408418 110093 39017.1 16008.9 4453.04 4212.82 4896.23 3265.18 10795.4
391167 140672 23170.5 24933.2 5553.31 12139.1 9065.79 7830.76 18757.1
392820 228778 31554.7 34536.7 23869.8 28647.8 23032.8 13825.2 29998.3
445769 213525 24231.2 77639.8 54937.9 33246.3 33316.1 14718.4 30208.2
1137480 201473 127093 157282 62032.5 46348.7 50208.7 22356 61560.2
359313 144101 38570 39230.7 26626.5 23476.5 23983.9 11723.3 27239.2
337491 63648.7 29946.2 49510.2 25277.2 21851.6 24790.9 13245.4 29706.5
310946 98175.6 28064.5 75194.8 38744.8 24587.2 27878.4 12458.7 48668
166185 173095 22708.6 62089 28322 33850.6 33673.7 14932.7 66603.6
630316 132630 67585.3 81556.5 33463.8 34208.9 50495.3 26507.9 59364.9
384501 112051 60121.3 43805.3 44910.2 51394 55297.2 22322 63820.5
462198 36206.5 39380.9 22986.2 21178.9 19357 19371.1 9366.94 29706.1
55184.6 43574.2 26529.2 21718.5 17237.7 25500.3 19882.4 7903.07 32448.2
118212 73862.7 48660.8 58111.2 40602.6 26131.7 30557 11701.5 47417.4
157042 49056.5 55550 44873.4 27552.2 23991.5 23528 11264.7 32703.7
182761 90756.9 42515.8 32878.5 11100.8 18331.8 16160.5 10885 34093.2
245392 129140 146710 39341 42493.3 42093 40271.3 16623.7 50343.6
271621 92718.3 50709.4 27384.3 13093.3 21030.6 16191.5 7464.37 22266.1
253726 29688.6 35166.4 39198.3 15111.9 18330.8 18188.1 9374.57 26021.9
385023 89624.1 47609.7 28888.5 15541.1 12610.3 15893.3 9792.56 31274.6
296849 48458.7 28725 67284.2 31554.4 39115.8 38744.3 19108.2 57019.5
362364 29910.8 30267.2 43406.9 23051.1 21868 18664.2 15915.4 46138.4
346950 103873 58826.7 40152.2 41674.9 43343.4 48176.5 24760.9 56887.3
796977 203052 60221.1 69726.9 46330.4 63876.9 55830.1 34683 104784
467896 49560.3 90468.2 71638.7 73633.2 69058.1 70097.5 44709.4 116785
303095 75623.6 53857.4 73859.9 33823.1 49474.4 54205.8 22879.7 53338.2
204874 17070.1 35052.5 28910.6 25220.8 35124.6 23501.4 13240.8 42676.2
363982 95713 51366.6 33239 19668.7 19897.8 14952.3 6699.07 29513.6
228085 87834.8 100889 88064.1 34630.8 23355.9 30417.1 15702.4 47058.2
764096 125264 20158.6 15305.5 8564.16 11245.5 8537.1 4319.57 32475
303613 58801.1 17692.7 15898.5 14237.6 15469 10524.8 6292.01 20158.8
549942 153459 43002.9 49202 34249.3 49662.2 31568.1 19286.2 57018
157477 51293.5 14666.9 18871 9127.55 7973.02 7406.56 3311.9 15648.7
474242 116386 96604.1 61895.4 42127.1 56595.1 42763.1 25605.8 63476.2
212667 24764.1 24888 24000.8 14288.1 7944.98 10302.5 4878.45 17118.6
157848 156418 25515.4 63526.1 31211.8 26991.3 41338.4 18971.4 30563
185830 105530 32735.3 30207.7 20275.4 27698 27820.9 12362.1 49845.8
193114 81589.9 54745.2 76889.5 32836.1 57848.2 49132.3 18241.9 46863.4
453565 137693 42835.1 40054.5 25397.5 26189.2 24729 11699.6 25561.6
94419.7 261833 33725.1 73964.4 62608.9 51116.9 55506.4 24964.6 79053.4
251488 158134 30919 19624.8 17207.3 12041.3 12332.9 6638.7 23701.5
300041 72380.9 41781.8 41462.2 17408.3 11568.5 8436.14 5344.88 18158.4
382386 86402.3 84766.6 59627.1 47190.6 45816 41420.7 32172.2 84593.2
283338 52634.1 44883.1 25459 18769.7 21637.5 20504.3 9544.4 39721.9
313252 78814.3 29461 13095.1 7503.68 15665.3 14609.3 5157.48 16214.4
467761 49017.4 54800.9 34143.3 15562.3 12508.2 8666.41 4395.45 14991.3
341452 193748 14603.4 10912.2 12985.7 10955.5 11396 8290.38 23388.5
191709 97693.1 61621.9 39149.9 33251.2 29628.3 30760.3 11174.2 32512.4
221857 96490.7 22900.7 21168.6 10256 8486.86 11715.3 6221.78 19252.3
77205.2 152016 27374.6 21503.2 9871.12 16305.8 20015.5 15501.8 41208.6
416409 93539.9 57175.2 44066.3 37308.3 37370.7 47774.4 26014.9 65759
217078 61811.2 27214.4 57260 40713.1 23852.6 26396.2 15201 38318.2
184228 108875 20029.6 42095.3 60327.8 22336.3 25388.6 18334.2 45994.6
1107260 144699 24629.3 38125.5 51729.1 42596.6 31996.3 15321.7 56252.6
348387 52505.6 54989.1 21425.2 38437 23965.3 16583.9 14958.1 28232.2
171908 109521 50802.7 39513.4 20656.3 15562.6 15844.4 9677.82 29009.7
146369 20514.2 36974.4 20481.3 13695 14301.1 12407 7728.53 20551.5
185192 137323 60268.2 62519.9 39187.7 23676.6 30276.4 17592.1 51266.8
236632 151512 74384.3 79676.8 52708.2 42324.6 43596.4 25294.7 79008.3
304969 24968.7 29563 44725.6 44217.9 35075.1 43751.7 22763.8 46972.9
219747 55764.5 60439.8 72452.1 41848.6 35695.2 36326 18074.5 72707.4
1058090 88714.9 55927.8 32288.5 30684.5 17895.2 23411.5 14063.5 33522.9
1317210 63705.1 43330.2 49911.6 49055.2 26956.7 40710.7 15763.5 56476.7
244027 66664.7 15860.5 26462.5 9955.27 10388.2 8350.18 5979.04 15679
199887 69034.3 41245.4 25792.1 10038.2 13390.2 10682.9 7706.53 28907.8
385810 107990 61215 73290.1 55595.7 79988.8 78582.4 48980.1 80546.6
293622 149856 88004.8 41718.8 26334.5 25549.5 27383.7 14988.2 50747.3
451387 143577 38329.7 25060.1 28900.8 30894.1 27534.4 14092.9 44394.3
363375 2e5 28869.9 33128.3 20796.6 16296.1 22156.2 14265.7 36392
200630 175084 40274.9 64363.5 22531 34961.7 36627.1 18498.3 43392
1110900 137051 86644.2 54260.4 31384.7 30366.6 32116.9 17924.2 34265.8
690948 242541 42334.6 38773.7 37499.4 25503.6 29151.1 12365.4 43839.8
768422 334535 199073 150630 87693.3 78027.1 93476.2 38926.3 88208.6
369203 65192.7 30875.8 30960 18599.7 16056.9 13365.9 7092.84 30504.8
881548 145426 34982.6 32008 38938.5 29065.7 34675.8 11798.3 48301.7
427786 340773 94098 116680 50895.6 49634.8 63253.7 25774.3 80020.9
205827 78962.6 37894.5 28816 22703 14613.9 20978.1 9033.27 30277.9
165353 37240 53015.3 54208.4 37257.5 36260.5 37774.9 25513.8 68250
133159 39816.7 36909.5 36728.1 14267.9 17845 13617.6 12818.4 27887.1
111176 33600.1 26900.8 19915.5 11769.5 7877.27 3982.67 3242.55 9191.31
1013170 84493.4 41466.9 30070.5 12586.1 11829.8 10909 7167.25 22685.6
163787 89134.4 32669 9700.4 11097.6 8516.87 11062.4 3880.65 17163
417108 117804 38916 30474.2 9414.33 10744 11842.8 7181.31 22617.1
165772 290915 56871.2 38902.2 26348.4 39400.6 35510.2 15579.8 48354.2
140958 135527 40950.1 68284.4 19468.5 17528.1 21611.6 12792.1 63112.8
283045 112537 36895.9 37848.2 26762.4 25764.6 22501.5 15013.7 48805.1
120443 73148 14315.9 32870.5 22241 17001.8 13068.2 14825.7 36346.2
286285 62849.4 46041.4 40657.7 32825.5 39948.2 38160.2 16403.9 71197.1
209099 140833 39968.1 70177.6 65856.1 58606.8 48770.4 32111.4 86852.8
1251880 209121 56612.2 56713.4 57132.6 53879.6 37693.7 18195.5 54775
448919 61584.6 43638 25494.1 19182.9 12796.1 12255.8 6621.7 22487.4
825543 72380.3 89001.4 86259 66527.8 61399.4 78518.8 45512 89698.3
994607 100144 81033.3 48710.1 19914.8 21385.6 22019.4 9919.05 33716.8
757906 44762.9 43202.5 47202.3 16165 37526.3 21446 15711.6 44502.5
173744 117164 80197.7 37828.8 68713.5 43140.1 49471.5 23330.9 84450.5
130226 121013 67455.9 34471.3 22688 20000.2 29832.3 11765 31485.6
640351 116260 30715.1 40539.4 54669.3 39509.2 24242.5 26962.7 42021.2
166273 134964 34276.5 26590.9 15040.6 17126.4 18964.4 11919.6 47882
268429 72821.1 80344.3 84187 48989.6 69831.2 35580.5 24732.8 63642.3
279242 331313 36709.4 23550.2 11168.3 15828.8 18972.3 16811.9 57315.6
425836 397601 69315.8 47525.6 41326.1 29534 38286.2 19518.5 40173.5
289507 111555 35225.5 69912 51501.9 42072 51734.5 27284.2 69356.1
505068 319642 87602.6 32353.6 26286.8 22602.9 20689.5 8608.73 29604.7
497927 123885 114720 32774.4 65510.3 55943.9 40207.8 18839.7 52648.3
320545 113865 39384.6 67000.3 22870.5 28692.4 34128.1 14350.3 34618.1
377424 137191 56878.1 106841 37357.6 33242.2 37348.2 17582 63736.8
392361 36920.3 41496.6 85588.5 27954.8 42881.4 26534.2 15478.1 36154.5
313218 33970.9 19794.7 27459.8 19758.5 26860.9 17058.8 14423.7 33178
163108 102848 54576.3 37317.3 37744.4 30505.6 27042.8 14886.1 28825.1
190841 373522 35751.6 69003.7 65665.1 52268.7 41906.9 26377.6 72232.7
712669 339914 59471.9 44105.5 74327.2 75027.4 70891.4 42380.7 89568.1
165341 66818 64423.7 34262.8 25734.5 24981.4 36190 17343.5 57692.4
556078 84436.6 30609.5 44070.3 18629.3 23791.4 23277 11584.7 36359.4
369679 118968 68851.8 47033.1 27061.8 26132.2 23202.6 11045.9 27931.3
137820 202943 46600.7 36632.2 36299.1 29805 33481.8 20605.7 57798.3
647504 97376.9 94392.1 57951.7 44327.7 49410.7 49626.7 29347.6 77038.6
383575 128820 44552.9 39378.7 19104.8 26643.3 13890.3 6812.18 21637.9
239145 52649.1 37702.1 18571.2 10409.9 12458.2 12963.5 8687.55 28818.7
140958 135527 40950.1 68284.4 19468.5 17528.1 21611.6 12792.1 63112.8
354737 224917 31633.9 30422 19795.1 23910.6 25152.9 21709.2 67523.2
274444 155091 48188.6 32581.4 15466.3 16715.3 15253.1 7685 30383.1
184754 131660 64119.4 46667.5 16964.7 26146.3 12025.1 6306.74 21040.4
267489 119388 51769.8 54591.3 15526.4 32494.4 28257.7 15084.5 42468.6
237495 56033.3 136129 73070.5 86098.3 82300.2 114584 32784.6 126504
665241 102845 66932.7 55109.8 29894.4 19778.5 21123.5 12415.5 32553.5
168555 131123 40473.7 33455.4 26572.7 21663.1 29539.2 19981.9 36380.9
1674280 217688 104096 81121 57905.9 56882 76920.9 27854.1 79292.9
496346 69307.1 174084 49426.4 66460.7 69294.5 88085.8 35055.7 131456
280860 276402 39837.6 55802.7 40961.4 30444.5 40427.2 21523.5 75835.7
629677 88611.3 50563.8 35411.8 36085.1 36772 28022.9 16824.3 42944.9
215187 114276 93189.6 52931 29267.1 31545.1 31317.1 12404.9 32637.6
155609 173275 55258.4 63526.9 34866.1 17489 26296 12149 44619.7
187581 285806 98735.4 128471 58990.6 63702.7 75575.3 21435.7 110655
876724 289294 127427 153494 55516 60565.9 50911.9 31281.9 70866.6
526371 95448.7 22007.8 44361.7 26956 18579.1 22218.1 11651.7 43672.8
96513.8 58379.9 115421 49729.3 19629 22308 24879.9 10044.1 26073.7
373852 84951.1 60206.2 63537.4 48110.1 45357.5 49588.7 34688.8 63415.5
77838.7 201104 50362.5 55164.2 20208.5 17201.3 17851.8 11217.4 22624.9
400480 160224 44611.7 31806 26713.9 18957.2 19384.6 9208.51 34398
502013 127207 44186.4 35966.9 14696.2 42985.6 25373 15481.2 39506.9
339179 146713 140488 90751.3 67367.8 46083.2 65501.5 47371.5 89471.1
866136 100740 23887.7 90958.4 40359 33975.6 32205 15411.2 48030.2
484629 62428.4 42056.9 46775.1 20121.4 29623.6 33492.9 14785.5 50486.4
203018 63523 37844 16304.8 17304.5 14824 16071 11053.3 37716.7
217517 50217.3 77588.5 30190.7 50888.9 31622.9 40058.9 19682.3 59220.2
152714 530906 40541.3 63867.8 31719.4 38749.4 52521.7 26187.6 66403.8
609359 118620 39302 96985 37449.4 66193.9 61612.8 26813.8 57013.1
630911 153795 53344.9 69231.1 35537.1 29055.9 24908.5 14931.8 35763.3
131312 80877.8 36308 47400.6 21404.1 25833.6 26075.2 12543.6 30974.5
928630 81261.2 32345.8 41450.8 39114.6 24032.4 17840.4 12739.6 30724.4
241455 81619.6 46838.7 44619 24957.5 41163.7 41250.7 25086.2 46704.7
149573 258806 50527.2 40874.5 35825.8 27798.9 23125.3 14888.9 35822.6
364496 148381 31137.7 24271.4 14233.7 16258.2 10746.4 8289.82 27145.9
318339 220860 37356.3 15668.7 10821.7 13226.8 13433.7 7603.52 26131.9
366745 245284 68407.3 86273.9 56962.2 29272.9 42049.8 24362 91765.8
271010 84301.8 87062.4 73342.7 34133.3 39619.4 33258.4 19199.5 55078.8
489187 72652.6 28610.3 29478.1 13271.8 27643.2 20193.7 8782.13 29129.5
685692 246043 84045 53476.6 23500.9 35989.5 39580.9 16312.8 66755.9
153864 218145 53567.9 68655.6 26706.2 35942.1 26768.7 14219.7 47985.1
76797.8 103772 45503 23037 34308.4 26757.1 21732.2 11708.2 41645.5
539452 52042.6 34448.3 39480.3 18181.4 19756.4 20595.1 13551.4 43057.5
438451 188443 84363.6 58468.6 15932.8 29695.9 34257.8 13395.7 34900.2
286464 55473 19946.3 30755.1 19253.5 12640 10453.6 6893.74 23794.1
379001 110334 42067 18961 9302.62 17330.7 13965.9 6331.13 24085.6
451864 276727 45227.9 156112 44616.9 52047.7 52458.5 35266.4 93055.9
924800 157702 82027.8 62589.4 30544.1 40239.8 50062.5 17546.8 49819.3
118693 30447 41787.9 37720.5 19693.9 20045.6 16784.2 8681.4 38548.3
113413 189716 75162.5 23392.5 23014.8 17513 18052 11733.3 42029.9
143012 80039 68201.3 45904.5 34439.2 37507.8 36927.1 16746.7 43912.5
160674 21949.9 50753 16838.8 7746.13 11802.7 11928.9 6540.88 22479.5
516303 134650 34501 30771.1 29583.4 34523.8 24056.8 11922.3 31108.5
485272 29836.3 21189.9 53676.7 46618.6 42527.7 25251.3 18253.3 37372.1
431394 84007.9 77823.1 79738.1 73009.8 42745.5 39339.3 22107.5 51702.2
377247 75380.5 40446.9 28496.4 23672.3 16033.2 12154.1 8566.83 25474.4
394844 33402.8 28456.2 24100.8 15013.6 16395 12514.4 6927.06 24836.4
363729 243184 85666.5 38316.4 15033.4 30089.2 25228.8 13983.7 37647.2
249772 118490 28371 54210.5 13271.6 17671.9 17803.4 10628.1 36144
240021 188307 59215.4 36992.9 30316 19771.9 18589.4 8267.8 34797.6
338289 85053 25889.6 18367.1 7393.02 6776.94 5589.73 3846.63 23031.5
84415 122841 43804.4 54979.1 36335.7 37230.6 34262.1 13392.7 50253.3
457727 150098 61190.2 46679.7 16664.3 16426.2 20726.6 10869 32865.3
64064.6 27860.5 11975.9 19028.5 13796 8929.97 11258.8 4348.1 8237.48
1781770 152749 31222.7 34328.3 30410 35577.5 40106.1 22147.4 63865.8
284777 78258.3 67723.8 68467.3 30936.2 36660.9 57948.5 31249.8 65242.6
73494.3 102814 65236 84091.5 39833 29758.7 42522.8 25356.6 80010
380601 244290 64408.4 77406.1 42889.3 39217.3 29505.8 23783.4 60001.4
804953 165341 30285.4 27824.7 35351.8 22207.9 27873.6 14711.6 51327.2
228754 286072 16327 39586.4 30178.2 24105.7 20835.4 8835.93 22477.4
335893 257457 43064.5 69071.6 23358.8 42669.5 24567.9 19929 48169.1
126746 98457.9 54530.2 31727.8 12892.1 15161.6 14373.8 10060.4 32749.9
325222 85243.9 33986.7 78046.2 48864.8 39905.2 35754.2 19982.6 70721.2
389834 30308.8 18865.7 74031 33304.8 32432.1 31748.2 15780 45527.2
188892 42251.6 27690.4 15105.8 11043.3 10350.9 9141.37 5806.49 26493.9
315337 66581.5 43905.3 46210.3 26377.7 36974 31562.9 17006.8 57051.2
198264 57036.9 59876.2 53189.6 17903.1 19879.5 13921.3 9683.75 28064
465828 109737 22629 49829.2 27624.5 30871.9 27708.2 11874 42341
84060.2 115224 34146.5 53535.8 38665.5 18173.5 23938.8 11469.2 36472.3
823899 39517 125313 52477 32180.6 38658.2 49505.1 27011.5 72974.7
454744 135438 27434.1 32520.4 19447.9 17396.3 17329.1 8360.24 24135.9
539261 270609 102675 74394.6 44831.6 49273.8 41550.6 15694.6 52355.7
826123 132798 69805.5 66917.8 24691.7 31373.6 32355 20530.3 71953
310338 42172.5 36790.5 24979.7 28501.1 22929.5 21498.5 11385.9 37853.5
155024 517231 44111.4 44014.2 69496.2 42249.9 42893.1 18462.9 51403.2
118691 115764 30677.1 28176.2 20361.2 18737.3 17246.7 8159.42 41510.4
439690 267430 56935.8 120512 31338.7 42323.4 31854.1 19861.9 73777.8
397843 48815.8 32893.9 38166.6 28055 21754.1 22456.5 11974 33200.9
204889 332249 52046.1 40096.3 36528.5 29905.5 39563.8 25586.1 83793.1
552182 65748.8 50362.3 29080 16272.4 11225.5 17563.3 10867.3 34329.1
675145 234856 62775.8 57193.9 47056.4 39060.4 43573 20002.1 44121.9
497382 107178 42758.3 25564.5 29444.3 20845.8 31558.7 13822.2 35943.6
174025 244393 49711 47255.4 28396.3 28493.1 40094.1 16932 44262.2
234346 117973 65222.7 45943.9 28856.9 41995.3 38061.5 22473.3 39035.3
323920 98194.1 30840 51380.6 54189.6 25941.7 27179.1 12959.8 46298.1
351175 171833 31842.9 64097.3 28767.9 36117.3 29037.8 17049.2 61702.7
2301710 137763 80125.2 76866.5 38355.3 72667.6 55558.5 21997.8 50922.5
146968 54484.6 35616.6 10270.8 8814.68 6561.7 8358.52 6373.81 37447.5
161736 177647 51758.3 28832.4 26311 22013.4 20441.3 9701.88 34275.2
526066 111791 39088.7 50122.9 18679.8 24375.7 25336.6 9742.71 32416.6
227062 65862 27622.6 12481.7 11916.7 8821.88 8111.32 4572.69 19384.9
614136 15281.5 31998.9 26753.6 20646.1 21082.6 18605.3 10956 36217.6
269673 584412 92390.2 69507.7 36296 40248.7 37450.7 21378.2 53939.8
138970 19056.4 9869.3 13445.2 9642.08 6518.86 7816.28 4071.31 17207
380415 161506 36082.7 72648.3 53954 41881.2 61529.5 21343.9 72338.3
149336 49637.9 38587.2 25924.1 12582.7 15158.2 11958.3 4053.82 21465.6
502439 103573 42583.1 17610.9 14892.1 19539.9 12235.7 5553.1 15136.2
139030 67042.5 19345.5 68701.2 33693.3 28941.8 28049.3 15935 41485.7
876070 155877 77593.8 44511.6 43320.9 41435.8 32683.6 23025.9 77872.4
2035110 91321 48459.4 26579.6 25657.1 31494.5 30524.8 15846.4 53742.2
207543 57275.5 35942.2 34592 19284 24355.5 18562 15161.3 42944.9
265058 128917 41564.3 35238.2 26159.4 26215.4 18013.9 10907.4 34307.5
406931 60716 17994.3 17447.6 6907.81 12319.6 12215.7 2980.04 18061
340386 126674 28234 29568.9 23348 18564.7 25889.5 14468.4 52760.4
311865 136411 29055.8 30335.5 18443.5 22208.3 16495 10208.5 36384.9
399432 118361 100776 92471.4 40532.8 43961.2 34842.3 23966.5 60471.7
274971 40433.5 75576.4 97610.7 60699.7 51129.9 51917.3 19026.3 79551.4
601117 87955.1 59838.6 20306.1 27320.6 14252 24315.2 16177.2 50816
109321 60294 71649.9 33901.8 28979.3 28367.2 20569.7 8475.28 29802.6
939479 196615 44532.9 53877.2 39649.3 36623 45896.4 15827.8 47684
232281 101944 65860.7 80611.3 30848.6 27892.7 38097.3 23872.5 79734.8
84928.5 60719.7 102432 34370.7 18635.9 28706.7 29845.8 16767.8 41422.5
815866 70660.2 52604.2 26907.3 15630.7 21796.3 16303.7 14270.1 42749.4
402471 157744 24359.8 70864.9 36170 37457.3 36342.2 20603.4 65813.4
358947 70845 60570.9 45306.4 65722.6 33149.7 49913.3 30892.8 63767.5
1271640 170280 77224.6 39217 46600.1 53927.2 45940.3 23818.6 50825.7
