454375.93962503463 200464 42761.5 33214.8 18871.9 7842.66 9324.81 5919.98 17269.2
472821 187093 39885 23537.2 17688.6 20359.1 18846.9 7972.97 34762.7
313343.00644100044 124768 29146.7 39011.5 41503.7 40193 28557.8 26869.7 58719.5
448769.51835784223 75768.8 19598.3 30325.5 8284.85 15336.4 10617.9 8398.54 28160.5
319434.82403384993 103658 64815.1 44579.3 21331.4 20411.9 19804.6 12260.3 32648.7
472821 103896 33115.2 69385.2 27318.2 23878.4 20333.9 9311.85 41774
395995.31823298585 124709 31899.9 41574.9 39143.6 33039.4 22261.9 16013.9 57716.5
384002.84299020964 127302 73291.4 55526.7 25810.9 28980.9 27093.4 15131 38448.8
472821 94691.8 29694.8 57530.3 17091.4 31949.3 31959.1 22630.5 62565.2
472821 170349 19075.8 66994.7 26416.4 36981.7 34540.6 14306.5 44582.4
392894.59151175234 83286.6 31858.4 32207.8 12978.5 10207.5 13953.2 7055.92 24983
472821 226335 48359.2 45904.8 30532.7 30102.1 27527.5 14541.6 30458.1
472821 97444.6 52060.2 41563.1 17092.2 14796 16891.2 8056.19 26476.6
447585.07635855564 97285.3 24230.9 13352.9 11881 16397.1 11720.4 8227.92 29790.2
472821 138648 50713.3 41658.5 26310.3 21135.8 17428.3 15954.1 48004.9
415454.2759522771 83009 38160.8 39739.8 23242.1 15901.2 15115.1 5362.42 23853.7
301834.9904653375 124216 51352.1 53602.7 33965.5 33005 33065.1 18522.2 51865.9
428202.02038130723 77573.2 57206.4 68435.6 47607.4 50544 32191.7 23770.4 59407.2
472821 150432 90810 47611 32033.6 48683.3 32322.3 20185.5 47977.7
450339.09141860565 106336 85756.3 43072.9 25541.9 23826.5 23586.9 11906.4 30158.6
345150.5216496889 206166 32785.9 36519.5 26213.9 17776.9 14495.1 9108.62 38806.3
453398.5875639146 92659.3 59793.7 65549.5 25688.9 36515.4 30242 20409.2 56499.6
472821 153557 32241 25588 20501.7 28358.6 18789.9 9749.65 31228.2
472821 104331 54506.2 62433.3 70645.1 45449.5 69619.8 27886.7 111169
472821 274115 35295.5 25124.3 15053.6 16901.1 16497.3 6206.32 32859.1
472821 179860 62233.6 33135.8 22265.3 19916.8 12657.4 11635.8 23179.9
472821 169819 57440.4 77945 37235.6 54346.1 56392.9 33358.9 75626.9
472821 82504.7 52066.5 46545.6 17371.8 20581.8 24476.1 12664.2 28503.5
304951.6471818146 203086 108465 77399.4 40688.1 44059 49569.7 20535.7 55496.7
472821 27991.1 42052.5 33642.1 21843.4 14027.5 14841.3 7536.09 24163
472821 35535.8 60973.4 22331.1 31777.6 18333.8 16622.7 9198.02 35147.3
472821 28472.4 77286.3 26810.8 31619.2 29502.4 26917.6 14559.2 41579
275557.99478179874 76052.3 33038.8 65973 30920.3 45830.8 35591.3 25736.1 54474.7
472821 277290 23852.6 19684.4 11598 11467.4 9955.78 6903.14 22192.3
301135.94479170797 38622 35356.2 65321.7 17919.2 16851.9 18842 8346.48 40944.6
364625.40936422365 93563.8 54040.1 30456.6 35501.9 37958.2 28593.7 15099.7 49287.3
472821 224364 61669.2 76660.6 73168.9 66715.2 41605.8 31156 70315.8
352066.01370248524 228083 162645 138478 56352.2 65658.5 71645.6 38396.5 72401.5
348681.35824249865 175769 117062 74735 61329.6 76280.9 37059.1 27043.8 68185
425016.02133259346 149094 29931.1 69729.9 71395.4 54975.6 45194.5 22648.7 65774.5
310448.4325993896 31342 67968.8 49441.6 30163.8 25564 29487.2 19020.5 40446.3
472821 122226 92696.1 49733.9 32029.9 31147 34997.9 18698.8 59280.7
338146.00903523725 51621.7 29638.1 21635.3 14945.7 17783.7 15334.3 5858.49 17913.9
444546.1955012089 144329 23509.2 13606.2 16961.1 19724.8 21848.9 9591.38 34687.4
444444.0561199413 167193 64532.5 70882.7 37054 48027.8 39272 19755.8 48866.6
472821 186492 44264.8 51960.1 30469.6 29371 35208.3 22038.2 64855
393920.67061714694 75421 31896.1 32668 19816.3 17328.6 15766.6 6556.32 24045.9
472821 210364 80422 58033.3 27023.7 34116.8 35808.1 17882 52282.2
472821 56467.4 67346.4 88607.8 33170.3 30269.2 31525.9 21595.3 57576.9
472821 86586.5 26873 37983.4 30997.7 22720.1 26352 13065.2 38206.9
396943.62147925 258582 81660 98232.3 58357.3 63853.4 64994.8 41934.8 78234.4
384814.3356890879 88104.8 43967.2 35289.8 22722.6 21857.4 20888.8 11485.9 32360.4
376375.18644417136 36527.1 18068.3 21144.7 15663 14137.3 11004.8 5228.87 20308.5
388135.2711681002 272160 72714.1 71616.6 44173.6 50386.3 42462.4 25236.6 74198.7
472821 109338 51050.8 52308.3 21080.4 17374.2 26642.1 15720.7 36830.1
472821 214255 74415.6 134571 78075.9 64720.4 58921.2 41048.7 92862.9
472821 54887.3 23705.3 30069.5 23007.5 20195.3 18831.1 11178.2 35246.3
329542.8745451663 71676.4 32421.2 21408.2 14189.4 11035.7 14221.9 7508.21 25731.9
465231.762854255 53495.8 42374 25012.3 12444.9 17392.3 13674.7 10072.2 31166.3
457916.14680328197 110937 121533 69041.2 33883.3 43501.5 36194.1 22592.9 73064
472821 71853.5 97408.8 36413.6 30821.3 30011.7 33876.9 16667.3 37586.9
472821 70963.5 67216.4 121221 50970.6 82624.1 81517.6 43666 126947
472821 265982 48828.4 128096 75136.8 64923.5 51314.4 30609 73347.1
472821 122845 28096.1 23190.8 13152 14239.1 11142.3 7179.13 19157
432553.7202584328 56939.2 35335.8 57636.4 22869.9 24680.2 18149.5 14121.1 29908.3
472821 206804 22701.5 47113.4 22743.7 26387.8 16771.1 10233 22831
389599.8936719648 198414 40754.8 26909.5 37365.4 25137.6 22884.1 19068.8 46050
415018.54372943833 117373 72751.4 32092 19600.7 16239.1 17039.5 7669.59 30702.2
411472.7141999286 79871.5 35050 29841.5 18463.2 17261.3 15399.6 8700.73 22199.1
454297.22670736053 195339 42831.3 99039.7 98465.7 120391 79221.7 50502.5 98985.1
472821 287543 106781 87772.1 36476.2 56357 71422.3 36521 84338.3
472821 109723 41718.3 84220.1 44953.7 33808.6 48923.3 28734.7 59245.3
300197.94918942486 72035.8 36896 34952.6 31306.3 34168.6 33878.7 19493.5 74978.3
244080.32418050655 89289.1 31565.2 10277.9 12985.2 12791.8 8372.48 4620.65 15933.8
442476.2331780887 192757 109201 156131 84944.1 101859 148567 65631.3 154206
472821 199340 56536.7 90790.7 52826 60073.6 71230.2 32008.1 66503
440052.99978397874 97774.7 22713.8 45178 22823.8 21714.6 30573.6 12472.4 43138.4
375663.0219509295 91468.1 43003.8 18647.1 20075.5 19776.5 24031 12883.5 27221.9
340596.41712711565 129790 128480 59541.2 48185.1 79809.7 83747.9 40128.4 123122
472821 110531 77747 63437.4 32925.4 32244.6 35893.6 24139.3 43093.5
472821 58762.5 35171.6 33596.1 22642.1 29671 13644 8616.28 37548.8
472821 69954.4 35416.6 18250.3 17438 20433.6 13618.6 6193.88 13690.6
241829.50955844464 61980.2 27325.3 46844.1 17933.6 19291.7 18636.9 9718.88 31396.1
472821 111685 31314.5 38028.9 15546.7 25538.5 21101 10132.1 24080.6
472821 117586 73018.7 41259 33374.5 24553 26447.4 17132.5 44015.7
472821 306196 64192 55971.7 24338.1 27051.5 33888.3 15872.5 53238.8
388354.5428673352 57312.2 50297 23519.8 20188.5 17639 20767.4 9579.12 32118
472821 91282 32400 52524.6 40204.5 33185.8 36018.6 22578.1 56193.4
472821 107071 71468 43035.1 46607.1 36204.6 40901.8 24967.5 73733.3
390208.0446668517 106401 13131.9 31579.8 33867.3 21717.9 21480.3 11418.5 43558.5
346372.445990725 49201.8 59042.2 46724.8 22340.6 40242.6 31197.6 19251.8 43511.9
472821 164834 31766.6 47923.1 21710.3 24532.4 32918 20727.5 66819.2
472821 589221 33907.3 30059.2 23469.1 42263.7 35939.6 17391 47432.6
306274.7738455745 165324 31978.4 35662 34585.4 30495.6 28201.1 12781.2 38338.3
469947.9785048952 95627.1 30996.3 30899 38653.2 27602.9 41294.7 15692.2 47250.4
472821 199707 58783.6 42385.6 19835 28183.8 24236.6 15221 72910.2
472821 66059.1 51392.6 17751.6 15427.4 19613.7 19777.6 12331.7 25263.9
472821 185056 53508.9 121901 47055.9 33548.2 37470.7 18964.7 49833.9
400336.7104661302 41569.4 57103.3 37906.9 23515.2 27233.1 23082.5 10878.7 29190.6
472821 208897 66869.8 60029.2 71684 59065.2 71019.9 37604 81596.8
340376.2083693369 195291 90612.2 79181.5 49931.2 49971.5 41317.8 25724.2 68352.6
315180.57824527327 238783 39841.5 23551.6 24642.8 24975.9 29469.8 13771.5 48127.7
472821 72015.7 44762 28305.1 29110.7 13874.9 18985.9 11997.4 41554.8
409404.6259938959 43996.2 32216.5 41991.1 20411.6 27002.3 23451.5 9091.77 30313.9
472821 74901.6 45840.6 75681.7 57150 36847.3 40389.5 16578.5 53128.3
265078.8690871616 171540 22542.7 30995 21417.4 32629.8 29422.1 13847.3 40238.7
338534.8883308891 50985.3 82876.6 101324 28205.1 49421.8 34305.1 23323.9 76364.6
472821 251012 53515.1 31662.9 32563.7 24167.4 31882.7 14507.4 43827.3
464957.2047009395 204036 19785 33131.4 24189.4 21567.6 15719 8983.47 22087
472821 111147 23432.7 30190.5 22798.3 18150.1 27109.7 13874.6 40915.1
472821 92836.4 44201.5 35492.8 24203.1 9689.22 14237.7 6148.83 19528.8
472821 119674 24568.8 62339.8 23472.6 15613.5 16303.8 12298.5 30493.1
472821 181927 59935.4 63268.6 19602.6 29874.1 26303 15291.8 55809.7
326024.21971342503 104874 26109.5 35117.3 19634.1 12751.4 19354.9 9962.14 30588.1
382739.6880732491 139102 40103.5 17917.2 14011.2 17363.4 16308.1 6952.58 28398.2
472821 81470.4 13978.7 15039.8 14786.6 17466.2 16717.2 10060.8 38263.8
462329.6925442943 91670.2 110546 55782.8 40350.7 38533.2 37785.3 19037 65641.1
472821 157248 53426.9 77950.2 32077.7 21586.9 35020.8 12945.3 33897
457462.6104681121 288106 93107.4 62785.4 42987 46780 25279.6 17366.7 62584.1
378252.11470728135 353339 50797.2 84027.8 68873.8 57276 52074.3 28429.5 89996.5
472821 89269 61731.1 56836.6 20320.3 32280 31521.2 18496.6 58525.7
472821 72386 59528.7 48859.4 24556.1 17667.9 16970.2 9047.33 24387.9
400074.3340738832 84693.2 47560.8 97973.1 39571.1 42549.1 32041.6 19462.1 63507.5
472821 179706 69674.5 61110.6 30491.7 51898.8 47795.5 18213.5 43376.8
472821 108979 36743.6 28011.9 12460.5 12260.5 8367.01 4416.55 20268.2
383786.38246660586 91458.2 85036.6 95296.1 29033.6 33481.6 37566.3 13281.3 48910.9
358617.92704031075 327397 47901.8 62201.3 27443 36250.7 39731.5 21067.9 55562.7
472821 106671 29825.1 57601.8 18109.5 22699.9 12517.5 8966.38 18609
405040.7443557017 205312 74615.6 36638.6 46658.7 40608.1 49527.3 22662.9 87751
472821 56807.6 53360.1 45102.8 27832.6 37113.9 22891.9 18377 52365.2
431841.5557651909 85902.8 89149.3 40279.9 28922.7 30198.3 23075.5 13419.3 32709.3
472821 66059.1 51392.6 17751.6 15427.4 19613.7 19777.6 12331.7 25263.9
472821 30326.8 14943.2 20228.5 15712.5 23999.4 16606 9125.52 29322.6
472821 41528.1 21250.5 27629.8 23810.8 26767.5 21647.9 11457.7 27798.5
472821 72792.5 64964.3 61472.6 34916.5 26477 35787.1 21660.2 71157.9
472821 89405.1 61994.2 17624 31503.8 20236.5 17514.8 13879.8 34091.2
472821 119286 37294.5 14763.2 17709.1 15428.8 17611.8 13668 49444.9
413680.4241289785 46936.3 47029.5 37659 6785.77 7012.64 9129.43 5140.83 18507.2
472821 186419 29073.8 33071.8 38345 50696.2 31849.5 18850.6 45550.9
472821 114147 117761 51121.6 34000.3 33988.7 28251.3 17402 42801.9
470085.7261108248 98553.5 83561.5 41488.4 37393.3 30943.5 21137.8 11963.1 25874
304842.94839074084 248362 94275 54019.4 23660.4 43928.9 48031.2 17338 65090
435426.7417535376 39901.2 27763.4 54170.2 34255.5 31176.7 31226.6 18258.6 41571.3
472821 101918 34638.5 37614.1 22836.2 23681.2 22360.7 10688.7 28746.2
472821 139547 39578.4 31354.3 15628.8 12169 14276.7 9985.03 21754
472821 198881 30491.8 35311.2 12572.4 20483.2 20370.3 10392.3 49121.8
472821 68720.1 32965.9 21974.1 9856.99 13598.8 9377.33 5897.79 16710.9
472821 67182.4 61020 30563.3 10319.8 12054.6 11363.2 7253.71 25038.6
319583.8163423045 121176 56205.6 66848.5 36807.8 40855 36180.2 17296 41266.1
285158.15956240834 115991 22097.5 61547.5 39312.1 26256.7 27245.4 15811.1 34400.8
472821 213742 105921 63229.9 52731.1 58813.4 36380.9 29452.8 64018.2
472821 31623.7 38575.4 49225.3 28489.7 24229.8 26558.5 14443.2 43851.1
472821 94573.6 29412 24270.6 14609.8 14163 17285.4 9946.32 31247.6
472821 55369 76209.6 45318.6 31563 42176.9 55649 36527.9 59293.8
472821 194806 35541.1 58321.9 58384.4 69227.6 73650.8 33267.2 87996.2
403055.11730151816 169320 59591.6 36579.3 29820.4 36940.9 27678.9 17896.3 40460.8
472821 72915.6 78317.7 27678.6 35210.7 28341.5 36132 17472.7 45627
344713.85236830637 83499.7 61812.6 29734.3 25304.5 19053.7 17270 9870.39 34163.3
467938.924987118 163061 40417.1 18189.8 27384.4 27958.3 26883.5 14517.9 38345.3
431983.0516052955 73479.2 24397.1 25070.8 15757.8 12217.4 13517.2 7871.5 30072.3
472821 103026 11049.6 21980.5 12223.8 12635 8922.85 5471.17 23176.9
468414.9507273376 129767 38238.1 30127.3 20657.4 16012.1 20504.7 8493.21 26997.3
472821 56666.8 53748.8 69468.6 33592.4 27643.7 29513.4 18116.1 37737.8
472821 146833 201007 102292 36568.3 67208.2 51863.8 24796.4 66870.8
472821 60190.3 27662.5 14333.8 12857.7 22644.4 18638.3 9052.51 19539.4
294937.3025248722 159144 17032.9 41243.9 13709.3 17643.6 18371.2 12744.2 25384.9
359174.53981529194 29809.8 29750.3 19645.4 12184.7 14572.4 20415.1 10927.6 32937.1
472821 66987.5 56001.8 69146 31671.2 46198.9 43787.2 26903.3 76242.1
428948.85604066745 185266 86620.7 63523.7 81387.9 66469.6 59027.1 44371 102340
430001.1727852868 157546 38186.1 48476.1 31812.5 28680.5 26723.4 14394.2 39981.1
472821 283630 113345 49090.5 37664.9 37623 31630.7 22119.9 49644.3
446021.12564905465 371041 32222.8 121723 107030 86290.9 58711.4 39785.2 91109.9
472821 150741 69218.7 61320.7 48420.5 60483.4 61725.3 38299.9 107256
472821 81398.1 62000.6 33344.7 19791.1 13112.9 10248.1 6608.85 26145
472821 64636.5 17522.9 22894 14384 27219.5 20425.3 10248.9 29610.4
247197.91795552737 97496.5 22745.4 49686.7 24466.9 22690.8 16142.4 12379.8 36073.9
352963.71578738745 126374 32329.4 57896.4 19272.1 35055.5 34211.4 24238.7 61643
472821 53830.7 11528.2 32864.7 20040 25066.2 24260.9 12560.5 32048.1
472821 79154.4 35596.5 54960 32074.3 28760.3 24905 14884.9 38910.5
472821 41481.3 94342.3 22206 25883 25792.2 24697.9 9441.06 29160.6
449929.5968349915 53578.5 39018.4 18781.6 10479.3 13499.3 12255.6 7599.16 14613
403691.38005271705 51540.4 56142.6 23826.5 18575.4 14520 14319.6 8168.89 39697.3
472821 164627 13918.1 37003.9 14180.4 10961.2 14523.9 9788.56 56263
460025.46558523923 26721.9 37515 30427.6 21806 18176.8 15544.3 8857.32 32225.3
472821 92607.4 120329 70062.5 37478.5 56953.5 33858.2 38188.5 87457.9
472821 619093 67997.2 48701.9 19075.7 17394.4 17924.6 10883.8 30561.5
472821 133813 33267.3 38554.5 18522.9 50485 34266.8 21364.7 50278.5
447572.894597487 25993 35071.9 30246.2 27600.8 31713.5 25708.1 19007 57452.4
472821 71807.4 81325.1 60875.5 52981.7 35274.6 37716.1 16506.1 35299.8
472821 193872 39160.6 50958.5 59176 49186.7 30479.9 21204.3 56779.9
249993.16359150186 217384 50931.4 48959.1 29191.4 37156.5 34852 28445 86955.6
403680.13535019226 197512 63236.6 58672.8 42405.9 32327.3 33212.7 22681.7 51572.2
472821 28329.8 98283.5 59152.3 27968.2 49162.5 55878.7 28360.5 89636.8
472821 115156 106574 47389.7 20590.2 19472 20471.6 12289.3 29770
472821 62113.8 13903.2 46642.1 24162.8 20816.2 17653 9904.35 23683
472821 31522.3 36358.5 34032.4 11793 28413.5 18306.3 9553.23 39325
294629.94732252567 65359.5 70842.5 21132.8 17420.5 35096.1 35975.5 23772.6 47895.3
472821 101390 34444.1 17035.8 5794.65 14908.5 12156.2 8240.22 20836.6
428300.4115283999 289510 55671.3 117379 38856.8 48378.5 43663.4 28239.8 99831
472821 72036.7 46059.7 53994.7 35178.6 30515 29303.2 13626.9 38538
472821 162094 74937 37888.3 44607.9 44239 31640.9 17724.8 30260.6
472821 323085 41749.9 27552.6 44066.7 27570.3 23430.9 13968.9 40838.7
407845.36057711364 407934 48399.5 25146.7 23870.2 29148.4 25183 10864.1 34902.6
472821 98799.3 51303.4 39336.5 19744 16989.6 23995.5 8660.77 27812.1
472821 80837.3 34592.2 34770.2 22287.6 17910.1 23871.6 13521.6 35668.2
206718.86298307506 74936.5 54465.9 36242.2 34203.6 33531.5 28916.1 22091.7 79143.8
472821 116355 38931.2 26050.3 18142.1 23478.6 20535.2 12061.1 37935.8
468741.0471005589 63068.3 25065.5 42986.6 33827 26814.6 24482.8 17476.8 37422.1
472821 272885 113689 56133.9 19729.8 20756.1 19968.3 13419.2 38773.4
426799.24374132935 149967 29812.7 35189 17625.4 17275.9 30017.5 11790.8 41742.6
472821 176686 93711.8 47441 52710.5 100221 89832.2 47850.9 116104
412559.70211066626 74741.2 38193.3 59236.9 23390.3 19324.2 19849.5 12227.4 51182.3
451088.7382535971 116991 47955 34776 18694.6 16736.1 19408.4 12598.9 32816
472821 133640 64401.2 49001.9 19227.2 30787.8 21675.9 12099.2 37651.3
417911.2434539616 96490 25322.9 50141.7 20814.5 36729.3 21270.9 13627.1 49657.7
378538.85462166555 118122 18408.5 15917.6 5677.5 9962.32 7843.9 5710.5 19186.2
472821 148176 28854.2 23705.9 36618.3 36467.4 39471.5 20384.5 51450.8
366914.64338657894 123282 47805.9 23178.4 14272.6 18637.5 12768.4 7316.66 21371.4
472821 34038.5 51604.2 14245.3 13217.1 14201.2 9776.15 3985.38 20716
373967.883045305 22204.7 79747.1 60131.4 37500.4 38100.3 30864 11302.7 39011
472821 378883 24517.6 56217.1 29601.3 16528.2 26403.9 11672.7 36644.8
466014.20673827734 86667.2 8547.72 18535.2 8899.83 6138.87 8035.85 6104.82 18120.5
462695.14537635265 55607.9 28954.5 37534.2 21331.3 20496.9 15891.1 9740.36 29944.8
346122.2513595465 15785.6 27442.2 23453.2 12786.8 17476.6 17921.9 6884.55 37734.3
472821 38078.4 99524.8 40587.8 48928.6 52032.2 87783.5 29605.3 70074.1
472821 78363.4 69179 54289.1 27565.4 29128.9 37031.3 12955.7 46413.8
328590.82306472707 218787 62449.8 35898.1 39729.3 33003.8 37384 16159.5 48110.3
472821 133240 8588.88 21344 10591.2 13039 8868.71 5095.16 14578.4
426621.2026180189 34313.4 48302 38044.6 19371.9 27724.6 25992.7 12033.9 40357.4
472821 92810.7 83175.2 45359 50993.8 36837.3 43292.8 26258.3 81924.5
472821 288556 74085.9 64733.5 40997.3 35084.2 47264 20835.5 77570.5
415626.6947243252 33701.9 17933.4 25603.5 23072.3 22131 16562.3 8194.13 25734.5
337236.12518926634 121389 15901.8 39913 18869.5 14342.8 12365.5 4184.23 16220.9
472821 134643 43754.7 122212 58447.9 79367.4 75685.5 38924.2 88828.8
417413.66536723607 195616 20477.4 25285.9 13536.8 18337.8 19912.9 9530.6 31795.9
472821 227313 38404.2 73406.5 18977 23117 15027.5 11700.1 29481
472821 250322 109709 74081.7 52405.4 91040.7 89273.3 34696.5 113817
472821 155257 63219.3 78150.9 42015.2 42264.6 58264.1 27164.3 64043.4
467934.2396943993 32351.8 37561.2 58702.2 19670.6 23374.1 22926.5 10051.9 28747.4
472821 282708 19881.8 50039 32333.1 34584.4 38468.7 19067.1 51966.6
472821 69286 54669.5 26496.8 29421.2 28830.6 22443.1 7975.88 22013.9
472821 92791.5 31823.9 42128.4 22696.6 31656.2 20826.2 10761.9 28269.7
472821 161840 30143.8 56824 24684.3 25461.4 32305.4 13788.9 33389.2
384330.8134805184 41857.1 18642.2 32028.3 17796.3 22223.2 23595.6 11366.6 26951
356384.91653057997 142986 79888.4 34332.8 89899.6 70973.7 62864.3 29073 77900.7
388956.1344524158 170442 16771.9 56518.6 31661 38471.6 32115.3 14490.4 44323.1
472821 200044 87625.3 51516.5 29605.3 27102.7 26386.6 17823.5 54584.4
472821 158481 43595.5 40238.9 14290 10908.3 9694.37 9013.69 31726.5
472821 128682 75119.6 42747.7 33004.9 35237.4 31084.7 17828.5 46929.8
472821 79663 37813 55550.8 26042.9 36598.7 27388.4 17723.1 47639.8
417411.7912501487 146139 29093.8 48844.7 17262.8 19378.5 25163.2 13150.9 33177.2
433955.5598398668 56201 28498.1 32940.7 24329.7 32488.4 23431.1 10154.7 33805.2
472821 241246 88765.9 71203 60866.1 51663.4 46395.2 22784.1 41303.3
472821 127732 33557.9 29789.1 19391.2 23078.7 18319.5 12526.7 38894.8
472821 94146.1 42842.9 78389.5 34521.6 38597.9 29056.2 21992.6 52052.3
363377.2473839629 165419 31626.5 30239.2 22956.1 21971.4 24266.1 17231.9 45808.3
409098.2078500931 90855.2 75124 47119.4 31201.9 28760.7 20532.3 9857.6 42633.9
472821 167228 40856.9 55747.4 32012.8 50188.8 38702.4 23925.7 51063.9
472821 112314 53181.9 23421.1 25049.8 23405.1 21969.7 15665.9 57138.6
472821 56211.2 22344 25836.2 15816.7 16416.2 12850.5 7424.27 17405.4
472821 524537 102606 78629.9 42538.9 43973.7 35087.6 17937.4 36559.2
392140.2593840422 218877 71723.7 38316.7 15680 21386.6 20817.3 18086.3 34243.3
463655.63038368546 242821 22104.6 51461.3 25453.4 17447.5 20636.1 8766.72 28788
472821 69954.4 35416.6 18250.3 17438 20433.6 13618.6 6193.88 13690.6
415767.2535058861 57036.7 48458.5 17233.1 19137.6 16796 16206.1 7934.09 25560.5
434505.6132050418 293070 43113.5 60779.6 43437.1 45695.2 33572.5 15610.3 54405.4
282734.92616829835 480041 75969.5 63834.6 61103.1 57131.3 52638.3 26889 71503.3
472821 175761 24274.4 15333.1 10519.2 8829.55 12755.8 11351.1 34940.2
315828.08569899714 227187 60343.6 52851 26469.4 33875.9 26411.5 14650.4 46604.7
436167.0180030917 342989 35734.2 34330.5 25823.8 27511.1 19369.4 12726.4 33549.6
261761.68184232435 109561 17945 11810 9455.97 5343.06 8351.74 3862.87 13824.1
472821 159839 114892 49730.7 41232.2 47033 56085.3 31578.5 74141.9
472821 152338 50834.2 56696.6 24504.4 30491.5 29836.3 18223.5 47675.9
224635.42233937138 256270 45224.2 39289.6 25901.1 27892.2 25921.8 15537.5 38704.2
472821 186956 45631.9 89116.5 35584.4 42772.3 30443.1 17707.4 54514.6
472821 56807.6 53360.1 45102.8 27832.6 37113.9 22891.9 18377 52365.2
472821 112773 44591.7 30504.7 41721.5 32577.2 27376.5 12674.4 36191.2
203760.56916048992 224826 24550.1 37464.3 17512.1 23069.8 23094.7 10300 32867.9
420409.44153157086 29978.2 27013.2 38400.4 18687.7 21872.4 19805.7 11624.2 44491.5
472821 102462 45547.4 21673.6 15306.5 14452.9 10523.8 6011.02 37558.6
363496.25381901773 90916.5 15455.1 18979.7 8892.26 20249.4 14079.8 6381.48 31857
472821 68378.9 23117.8 32835.6 21777.6 23425.2 20884.7 8712.57 30188.6
472821 192860 25200.9 27976.4 26506.3 29319.7 20708.6 14568.2 40086.6
466365.6036921796 118232 83375.4 27908.1 20982.4 34807.3 28848.9 17200.5 38210.8
472821 71770.1 60803.3 29049.9 16880.1 15931.5 11772 9721.47 39571.8
320879.76830829604 66443 26912.5 61173.1 17786.4 24004.3 23968.7 10771 32530.3
472821 139229 38826.7 32965.7 37103.9 47905.8 41100.8 26697.9 61512.2
472821 200362 33499.6 72812.3 27257 31631.8 39986.8 20150.7 46196.9
472821 86106.8 47894.5 19977.9 12574.3 11909.3 9821.87 4746.02 18233
471725.5785623687 53723.2 52980 21526.9 13723.8 13572.4 20923.2 11425.7 33613.6
425031.0142692933 31864.9 51513.8 62799.6 16452.7 18648.8 23007.4 14906.7 49276.6
472821 94155.1 61370.6 55735.5 11838 20936 19163.9 8380.8 18978.9
436488.42908359424 138091 111827 35509.5 65817.2 69680.9 59954.4 25103.8 76167.3
463255.5063855087 79183.1 58169.1 52645.6 41859.2 44865.9 43351.5 25537 55708.2
472821 30552 68611.8 31644.7 25665.7 21809.6 30737.4 16650 50597.8
277335.5948392723 205655 65817.9 64755.2 33047.7 35433.8 50566.5 24868.5 69636.7
472821 185184 33368.5 62149.8 40748.6 25165.5 37147.9 18878.4 68081.4
472821 151306 23641.4 36348.5 24562.3 34166 41316.1 26626.9 69525.8
472821 176993 37352.3 33474.4 14169.4 12819.3 8970.09 8461.57 20674.3
472821 64382.5 28700.6 19220.4 13103.8 14425 7318.98 5555.06 22500.6
335129.61758294026 124731 55428.5 41035.3 20957.9 17643.3 18800.4 13257.7 22898.3
283460.20948115265 45620.8 76089.9 15588.2 20079.8 17184.2 16643.1 5867.33 33923.6
472821 161034 71865.8 113375 44128.4 53325.9 41262.9 30360.3 68086.9
472821 61079.9 135529 11255.4 36913.2 29082.3 23012.4 14069.8 31540
472821 59333.9 71273.4 33242.3 14034.3 20248.4 19028.9 11317.1 27371.5
472821 134284 123840 83033.4 23471.4 27063.7 24417.2 13484.6 35348.6
247724.5448571089 167963 68483.6 49473.2 24044.9 16596.8 18234 8907.47 25829.6
472821 44804.6 86246.8 71008.9 70526.9 54487 65192.6 39884.3 87572.3
472821 143594 15476.9 60683.2 23211 40846.9 30227.5 13215.1 40874.9
382071.5653315629 212998 54871.8 73096.5 16006.8 21514.3 17479.7 15556.4 40008.7
301359.9017836617 197486 22425.7 46807.2 28929.6 26386.8 19941.8 14825.6 42848.6
472821 122950 31534.8 58642.2 38768.9 39949.2 44947 21924.4 92538.7
464200.061397598 56976 52186.6 52613.3 50762.7 49652 30333.5 19448.5 57590.8
387059.5279598875 62289.5 45536.3 43735.2 18865.7 22049.4 21363.7 8524.44 28485.4
404750.2562071425 88037.8 129944 72795.9 27501.5 33829.4 31799.3 15818.7 43946.8
369168.2691842721 126138 45335.9 58599.4 16580.1 17171.9 19622.3 10023.7 32590.9
472821 167176 35496.5 53110 32170.7 25551 25537.2 12182.5 37708
352021.97195092944 38897.2 29422.4 53210.5 27297 21824.9 17373.6 14773.7 48127.9
472821 57484.7 45195.2 46629.9 27031.9 25908.8 23163.5 13156.8 27380.3
378283.03763922467 118005 48974.6 25510.8 27015.5 30155.3 22206 22763.3 42078.5
472821 61314.9 41505 15325.4 27672.3 32211.2 42480.5 16179.4 32502.3
472821 86407.3 17898.4 42558.4 22263.2 12024.4 12850.9 8355.16 34172
378584.7704903088 88423.9 19521 21363.1 37317.1 23295 23041.8 11207.2 44862.5
472821 136112 26138.8 12016.4 12206.4 17255.2 19290.1 10516.3 31515.5
472821 113277 43990.2 35936.4 27279.2 26972.4 32004.9 13974.8 44351.8
472821 53615.9 72962 25337.2 28761.2 23992 22303.5 13873.3 41383
472821 30953.2 27606.4 31442.6 21208.5 26539.2 24670.8 9586.71 43994.1
345183.3186987198 76644.5 100170 79891 46598 35787.8 35863.4 20544.7 52102.2
472821 179636 71229.8 32589.7 29194.5 35958.9 37920.6 21676.9 72288.2
472821 52951.3 51840.3 77820.2 11305.2 32510 31416.8 18697.6 42094
472821 152339 35738.3 24694.3 11222.3 17169.9 13072.4 6432.4 39324.8
442604.610198581 136884 29678.1 90678.8 37561.5 23280.6 26513.2 20543.2 52716.3
358660.094674779 129703 59023 66806.2 47839.6 39175.2 42633.2 27532.7 49551.2
472821 178741 31708.7 37497.3 18439.1 17401.1 14409.1 8190.96 20302.7
467832.1003131317 73760.2 35363.9 11864.2 16296.8 20023.2 16873 8533.69 36406.9
472821 60847.6 28950.3 31153.9 13989.5 29204 21147.2 14882.7 37213.7
472821 119982 32969.5 68625.2 40692.1 44694.2 44672.6 26076.6 63683.2
472821 147712 51156.8 56430.5 50388.3 55507.8 41990.5 19192.8 42206.5
472821 44750.9 50311.2 27170.1 22029.3 15472.5 13790.5 7088.83 19184.6
417239.3724781006 64874.3 29523 79307.5 39446 23974.5 19053.2 11864 43950.2
472821 103291 65615.1 51859.7 52148.7 40054.1 39812.9 30365.8 68037.7
392279.88110705937 220082 74270 73768.9 60333.5 60574.2 42771.5 17803.3 61401.6
348004.8019739189 78990.6 42356.2 22484.4 32545 24663.2 26611.6 14308.7 50695.5
449334.56465971697 102076 73594.3 46493.5 14748.8 18166.5 19402.6 10297.7 20193.5
447092.1835645488 66762.5 32334.6 33685.1 17345.2 28103.4 30198.9 17853.2 27544
472821 165275 30573.8 18280.1 22333.9 12947.5 15460 9420.41 45998.9
286351.9721471322 238632 82079.3 55575.3 35837.2 24987.4 20186 11148.2 43309
472821 56638.9 30270.8 19846.4 11564.3 17921.1 15042.2 9793.51 25557
443843.40159340436 45299.9 27709.5 29664.8 12835.3 10337.9 10235.8 4515.54 24736.3
444703.62133655715 76467.9 64956.2 39986.5 42278.9 43369.5 34861.2 19558.8 49195.8
317153.0864798446 90551.4 55703.4 52763 18870.2 30016.7 20396.7 18982.4 46941.5
382282.40350390424 90136.7 32388.3 16582.1 7161.21 17098.2 12273 6116.31 27185.8
448584.9178247255 82272.9 31645.8 37258.5 23046 28092.6 16511 10016.4 45134.2
375161.6956300289 101201 36381.9 34400.7 26840.3 20534.6 22389.6 11685 36386.3
428871.0801815372 200837 99069.9 75719.5 32835.9 43376.4 44346.9 19210.9 72573.3
472821 23627.3 30012.9 53164.6 24171 32241.1 25387.5 23228.4 63662.3
430571.8414384241 123990 32981.7 40449 26557 29736.6 26476.9 19758.1 48916.7
344893.7676087043 58563.7 18310 16126.4 9433.08 17300.1 15158.2 10779.7 42928.7
228532.6488227833 150596 58641.3 32866.3 21372.2 21963.8 21707.6 10394 32072.7
472821 84493.4 41466.9 30070.5 12586.1 11829.8 10909 7167.25 22685.6
472821 295133 30015.3 18993.9 13472.1 18850.6 12154.7 9446.97 25433
472821 54501.9 66733.4 82935.6 37887.5 47412.3 60324.1 27091.4 91249.7
472821 169261 38044.1 21757.5 5269.75 6748.56 8665.17 2629.94 16736.8
472821 91427.8 36698.5 25991.2 12010.8 13576.7 14364.3 9151.86 22861.6
416686.5079372944 98154.2 54913.3 29956.9 24382.5 41067.5 29007.8 11839.2 36809
472821 131584 45154.8 53331.4 24330 32413.8 29170.2 16462.5 60786.9
466263.464310912 59378.5 14148.3 33746 17919.4 17211.1 12803.3 8280.61 23461.3
472821 61663.9 57450.5 46991.4 34630.1 28152.5 42315.4 9968.99 31248.8
472821 78306.1 19060.5 23977.9 11679.9 23752.1 16129.1 13100.1 52127.6
466984.06233104755 46973 22753 25221.1 19483.3 23215.1 18325 10187.7 24030
472821 278228 54054.8 73556.2 43237.3 42276.6 41324.5 22405.6 60613.6
472821 124578 58725.4 27993.1 29247.2 21183.3 23009.9 16563.9 27914.9
257435.28254587975 163114 26063.3 33946 14207 11998.6 13536.8 6051.82 26695.1
472821 114084 83948.3 106635 65963.1 51752.2 54216.1 35183.4 78436.3
472821 62442.4 15774.3 45422.7 26785.7 17302.5 12105.3 6262.3 22997.2
355471.2844504341 71428.9 81555.2 41049.6 18148.5 46432.5 28136.9 18245.7 52081.3
410612.494456776 115163 16772 32896.3 30712.8 29399.2 31151.2 13200.8 24533.7
380550.71931507386 264016 137606 76217.2 81636.1 67842.4 98019.9 46875.4 80402.9
443163.09709064965 144749 65549.5 58692.5 32872.7 29534.6 42392.7 18204 54335.1
472821 101465 66130.8 32076.8 29372.6 33068.5 34493.7 20082.4 65657.8
472821 89476.6 58125.5 38176.6 28684.9 26886.3 28742.5 16273.9 52942.7
472821 135477 36990.1 51941 12997.2 14480.9 15839.9 7907.48 28800.7
472821 70826.6 22488.9 34374.9 14405.3 31517.9 15868.6 9515.06 30599.5
472821 147731 123449 138608 53807.8 87788.7 42021.8 31832.4 52041.8
390225.84877918265 91147.9 91665.2 21203.9 35145.4 25166.3 26974 13607.5 45426
471393.8598378849 132727 23921 40959.7 11642.1 19777.5 14856.3 7368.23 26475.9
472821 90603.1 59187.5 38210 21517 23514.3 24217 14531 30681.3
472821 150219 98370.9 54928.5 25404.7 43047 42349.8 20134.1 47332.2
472821 285621 95668.8 41417.6 53456.4 43152.1 62905.9 23330.7 70920.8
472821 146982 42993.9 43834.5 24772.1 21425.1 29508.2 15205.7 47051.5
472821 83698.7 23634.1 41715.7 54002.5 21483.8 19188.6 10636.7 25671.9
365387.2379602838 75680.9 42533.5 42646.5 33041.7 22907.6 18191 11765.8 26395.8
472821 327318 27342.8 85652.2 30259.8 53237.2 35405.1 19823 73192.3
472821 78111.5 65503.8 28789.7 27263.6 35420 19975.7 12936.7 33225.1
472821 197461 44705.1 43901.1 30390 22689.7 27144.4 14551.2 37621.7
472821 120036 58092.8 36940.5 37202 46271.3 32342 13621.9 30533.3
472821 70052.7 22116.5 32226.8 33065.4 24927.1 20194 20358 56127.5
472821 59459.8 33803.2 31294 32663.6 23864.2 30800.7 16091.4 45464.2
421474.87709580245 148783 30767.9 22930.8 25281.9 26978.4 20889.6 11315.8 22832.9
472821 95807.8 48011.1 28824 16245.5 18667.7 25980.7 11948.3 45269.3
472821 104017 53510.7 42573.2 29748.9 48088.1 39045.6 30842.1 62470.9
472821 24866.4 40795.9 37218.2 24021.4 21896.1 27069.4 11226 39996.5
472821 366007 36992.8 70606.1 35424.7 39272.8 30724.6 16920.4 48851.7
290406.6244658924 73556.2 37237.9 43760.8 12147.8 24573.5 21364.1 8460.47 32211.8
296144.2339292084 182825 36493 32777.8 23651.8 26240.7 23369.8 15331.1 38311.4
472821 189397 67679.5 36026.5 27878 23174.9 28028.5 11887.2 32589.1
393595.5113024694 56274 46541.9 30371.9 13682.2 25490.1 20388.8 8989.41 34194.8
314302.5543897896 207605 147308 94492.2 28646 45792.8 57260.9 33882.1 87289.2
388424.8222581157 233260 71968 61892.7 36535.8 25654.6 23997.5 13936.7 35276.2
441768.75397756544 129948 45313.6 115799 59863.7 36777.4 45767.2 22558.3 92779.7
408696.209734829 164830 86629.9 62083.2 26672.3 24239.4 29777.9 13662.6 35143.3
472821 107805 67069.5 104353 70729.4 45744.6 72116.6 26295.8 111585
472821 153026 22342.2 60474.4 45733.6 31348.2 31721.2 20584.7 52671.9
472821 57928.6 47624.6 20918 17568.6 23735.2 26173.1 9082.86 32939.2
397429.01780490705 185033 18941.7 31230.1 15179 31601.2 20561.7 13150.6 34914.9
472821 47569.2 20114.6 35833.7 16786.8 15037.2 13206.2 5346.67 25124.6
401163.1961017084 170570 41163.7 63864.4 47475.4 76232.1 52381.7 32710.3 70901.6
472821 97631 38101.2 21695.4 19208.3 15618.4 19045.5 10829.8 24261.9
461243.6416921004 73039 28956 50570.7 34144.4 30317.8 20720.8 14874.9 48554.2
370463.2840917198 77494.4 46597 35089.3 32566.3 26854.2 32371.3 13965.8 32874
472821 103055 88703.2 51435 49243.1 34907.4 30829 22525.7 81698.3
472821 192014 30637.1 51554.1 22350.2 42196 29029 15930.7 27397.9
472821 71652.5 86458.7 51450.9 34231.1 40666.3 38023.9 14797.7 36756.7
427497.3523564152 120204 61772.6 51889.7 43141.6 38111 34626.8 10790.2 40747.4
300848.2678187799 321187 35480.7 35583.5 31277.2 39769.7 27165.8 22369.8 47667.2
287693.839981767 193395 33657.1 37221.9 15680.4 18379.6 17549.7 10499.7 23014.7
404216.1328372111 195057 60178.3 85186.7 31745.2 39068.9 26967.3 21504.5 59388.7
472821 91262.2 94197.9 102676 36866.5 44645.1 46602.2 24438.4 53913
472821 180128 22896.5 29734.8 26774.1 16264.2 18635.1 8548.04 30587.2
428291.0409429625 78246.8 70380.8 64207.7 28425.4 30042 30593.8 16360.2 51122.1
472821 107156 71322 87947 37023.2 58583.4 52250.3 31294.1 102926
472821 76607.2 24116.1 23199.7 10036.4 18789.1 13962.3 8289.75 37999.1
351351.9750921558 288106 57436.2 70409.6 37346.2 30428.2 42986.7 20731.6 56529.3
472821 29525.4 61858.9 46691.9 10903.9 14952.2 15022.6 7358.92 44716.4
450346.5878869555 74830.7 75854.9 76586.4 32731.5 39061.7 39421.2 16405.3 50029.5
472821 204140 53630.7 53185.7 37012.2 37923.5 32562.5 16799.8 50207.5
320777.62892702845 263640 118278 64030.7 45682.2 32666.2 42540.9 27066.6 67653.3
472821 107739 39038.7 23626.5 14164 15952.1 17808.9 9523.47 21305.5
472821 189793 48206.9 51979.7 28710.2 29880.2 22498.1 19223.2 50528.7
466946.579989298 112319 37484.6 33421.5 24732 26128.3 18022.6 14620.7 48230.2
418614.97442031 60510 41824.1 17542.3 18702.3 16674.7 14929.1 9136.21 25018.2
472821 73845.9 76106.5 47124 13902.9 30744.1 21233.2 16753.6 35028.4
472821 494035 44477.3 56401.4 31185.2 28661.9 30386.1 17291.6 42661.1
472821 86273.1 22940.4 31334.3 14365.4 22668.7 23118.5 11400.5 35328.6
472821 170209 95824.6 46961.4 30228 30854.1 19543.6 18575 35022.5
472821 78013.3 56236 43818.6 19921.9 19840.6 17921.7 8697.47 35501.2
472821 133310 65565.8 115580 81156.8 111170 98238.1 74000.4 147892
472821 55132.5 33550.7 12744.7 10123.3 11176 7918.98 6496.85 26796.6
472821 81266.1 100896 175504 78757.8 97851.5 71296.2 46345.3 103995
402553.79098061763 177039 34107.5 44829.8 24111.9 28514.2 20517.8 12636.1 33199.9
371101.4209600064 71596.8 74427.6 35556 17404.8 29964.5 24358.6 13789.5 35963
377318.804397717 69007.3 30297.3 59843.9 33569 29535.7 35880.5 18418.3 43786.1
472821 133075 51522.5 63264.6 33755 24807.5 21393.1 10610.7 32290.7
472821 79097.4 49287.9 50856 36769 37189.2 23645.8 20057.5 54039.3
472821 154548 29784.1 58037.2 31226.7 25219.1 23629.9 13900.8 57477.2
472821 39367.9 41825.6 36715.1 34237.1 22841.7 19651.5 11045.9 42126.8
257766.06421181973 135646 97247.4 59201.1 57073.5 42272.3 45713.8 29394.2 69185.6
472821 46625.7 63089.2 57027 43780 36693.1 37177 21738.5 37824.4
472821 70398.7 31720.5 39086.8 18865.8 21960.4 17354.2 9402.93 29890
472821 104744 46282.2 58442 24325.9 26782.4 23011.6 19776.1 49565.5
472821 92315.6 33056.3 34793.9 8065.29 7768.8 10488.2 4057.13 22085.9
472821 122692 67473.7 36482 23235.6 16915 19938.9 6627.15 24088.6
472821 51353.9 16317.9 35401.6 19675.8 19415.3 17561.2 8456.63 26477.4
351405.387429149 174715 59179.7 44520.9 30574.5 22185.8 32314.5 16444.2 57037.3
442317.8702841968 168413 15403.8 35691.4 15958.7 15315.6 19352.5 11696 40190.9
472821 157882 33766.5 35524.7 19642.8 13502.9 16125 6323.85 23891.7
472821 56613.8 50173.3 32082.8 36758 19714.1 19595.3 13935.2 39159.9
472821 52628.5 26240.9 19222.4 10346.4 20497 13612 10826.8 27049.3
450106.7008997582 27536.7 49842.5 21060.5 37087.2 35005.5 26988.2 14370.4 40841.5
472821 86210.1 39232.9 48232.4 15345.8 14457.9 11539.2 6567.14 21575.9
313354.2511435253 149778 36653.4 28983.9 31459.7 23910.5 17882.3 13009.7 53554.1
472821 88220.8 80225.7 91922.8 38052.9 51920.6 48522.1 29432.7 66590.6
455660.64688850124 203268 32679.2 13351.7 20979 8650.84 11673 6925.08 30934.2
422204.84570137545 73809.3 43615.1 26279.9 11841 15652.8 19270.3 11037.5 43378.3
472821 283721 41297.8 50640 12222.2 17591.9 16668.2 8738.51 21342.8
304878.5566154029 103203 44506.3 100294 44668.1 63939.6 30611.8 23743.8 49497.6
282957.0090431646 89829.4 89643.6 101352 67239.9 43153.3 42107.4 23703.6 55934.9
472821 430003 65090.8 25516 24639 22878.6 20176.8 15364.6 37150.8
472821 105455 140296 81667.7 94797.4 62445.9 54361.6 33670.7 93408.1
409990.28758373304 87427.2 106366 29707.1 26091.1 21642.4 26666.2 11568.5 26080.6
472821 136751 67948.5 48640.2 43132.5 53681.7 40906.4 28788.5 76360.4
313092.81180982204 90448.4 34843.9 29396.1 27435.7 31346.2 25943.8 14325.1 32662.8
307952.10863886797 190848 59554.5 49445.1 16189.4 27656.3 21401.7 12179.7 31175.5
411657.31473304535 30420.6 16167.3 28088.8 11474.8 22796.1 14343.1 8158.34 24184.5
271218.47666574176 243690 20738.7 30205 17376.8 24385.3 17342.4 9896.5 27324.7
392959.2485512704 144136 49765 64819.2 28704.3 22848.2 23371.7 12974 36971
472821 49301.5 40016.8 26174.8 36549.1 24892.6 30208.8 21076.8 44401
472821 163094 70119.4 80462.6 70491.2 36680.9 51173.9 26709.7 66694.5
472821 174406 15833 30490.1 24227.3 20889.9 21091.7 11370.7 39327
472821 92762.5 20635.7 15271.3 18281.2 14456.8 14921.9 7198.34 29299.6
472821 58424.9 28972.1 18551.8 15193.7 14389.3 9537.55 4718.63 19291.4
472821 60211.5 117482 74657.7 47937.2 40069.2 37678.6 30230.4 51789
361645.56319513253 199700 40680 31360 15189.1 19713.3 13644.5 6115.93 19434.4
472821 44869.8 17774.2 7601.19 5142.8 9870.67 8020.73 8468.37 19685.7
472821 219843 64817.9 76326.5 26891.2 46318.6 23088.9 17842.4 59495.3
472821 186742 54372 131434 98555 85894.5 63109.9 30906.5 86203.9
472821 31779.1 13644.1 25159.6 10824.5 15298.7 12378.2 6452.73 24820.6
472821 61650.5 48410.8 75413.5 24143.1 35616.6 34453.4 18438 65619.3
472821 74578.4 49861.3 33613.5 15109.3 18552.2 13786.7 6677.65 22016.4
267280.0196064053 35398.9 41421.3 27558.3 25671 26339.9 20517.8 11528.9 28037.2
404774.61972927983 97399.8 44136.7 25389.9 20603.5 18479.6 20767.8 10554.7 22101.6
351747.4137976139 120211 33993.7 18325.9 5676.67 12257.6 10528.9 5796.15 16113.7
465727.46682389313 79718 46939.8 22669.1 32141.8 39307.6 37549 16185.6 46658.9
472821 173938 46439.5 37466.7 21645.9 17094.2 13611.4 7172.88 20671.3
472821 207231 64806.3 48458.1 52209 54204 45408.4 24757.5 67577.9
472821 57538 17664.5 26863.4 24598.7 24203.3 24051 9330.84 40696.5
472821 91427.4 31260 21300.4 8430.02 12576 18459.2 11221.8 31093.8
472821 83454 62129.5 63718 34373.8 26037 35581.6 27450.5 69594.4
472821 112657 39749.7 30891.1 22183.9 21429.3 16458.3 10364 38445.2
391175.08908399066 101111 22317.1 30204.4 10668.7 10709.6 19218.2 10185.9 25532
472821 42365.6 24689.7 19760.5 13507.4 16999.5 20560.2 9593.69 55311.3
472821 103364 60366.4 31731.1 37349.7 24328 20983.3 13844 38750.7
318419.98963098024 67541.6 42826.9 30941.3 12827.4 14302.3 15922 5777.67 21803.8
428438.15913432953 124213 38314.9 52196.1 34401.4 45179.8 35309.7 20398.6 47217.3
345687.45619525143 75526.6 19340.3 36469.3 27760.5 64330.6 35424.2 28161.5 49886
472821 107498 53958.8 41274.4 28474.6 21787.7 21308.5 11384.6 39703.4
472821 76799.6 47776.2 45154.7 24190.1 33938.8 26093.2 14091.7 54572.3
415018.54372943833 199355 83587.4 37599.9 33683.7 36663.7 33876.8 24869.8 50988
472821 79343.2 54586.9 39066.3 21977.4 27394.3 35964.6 27469 72530
472821 47178 31539.3 26522.4 15696.3 25953.5 23093.2 16399.2 44035.6
472821 120761 61016.1 45431.7 39307 44809.7 29798 19252 58343.8
354362.74419319036 80955.4 35987.4 57231.2 36907.9 35131.8 31498.1 14325.8 34582.9
410491.61390463356 101802 94582.5 75607.6 52941.8 47333.9 53021.9 29511.1 54554.5
472821 186956 45631.9 89116.5 35584.4 42772.3 30443.1 17707.4 54514.6
472821 197708 95449.3 83301.6 62119.5 52244.4 61999.3 29996.3 78249
472821 72194.5 129644 37427.3 34461.7 60958 37734 16128.5 46050
472821 53933.8 39862.7 29449.3 19370.7 18857.9 19627.2 9126.49 35498.9
472821 23756.1 25259.5 47178 11653.4 24969 14359 7265.69 23200.2
368567.61465773516 286950 65378.3 63114.9 33022.2 38125.8 43814.1 20743 53008.1
472821 118927 101917 80960.6 42159.8 56966.4 54053.5 26808.5 77341.6
472821 173328 56307.8 35481.4 22143.5 26656.6 19581.7 10471.3 33908.7
472821 68394.7 72456.2 61453.6 28068.8 40184.2 34647 13517.4 33491.6
472821 29210.1 29384.9 31553.2 23260.1 20804.3 23243.3 12012 27908.9
351556.25385469105 134285 38822.1 56441.1 20354.5 15687.1 11543.9 6889.87 22500.8
472821 95011.4 84218.9 54939.1 25942.4 34022.6 30626.3 19850.8 54288.4
472821 278181 30944.9 24784.3 15211.8 17973.6 12769.3 8798.38 32760.9
472821 114220 21252.5 25622.3 25283.8 19446.1 16589.8 9988.33 40534.4
472821 137783 26999.4 29940.4 9694.82 9334.45 10383.1 4618.52 18529.9
472821 26895 43794.3 32734.2 21613.1 10829 13317.1 7524.32 22592.3
329837.1109279004 104584 43812.3 37520.6 26857.7 33612.9 26063.2 13332.7 32320.3
241829.50955844464 61980.2 27325.3 46844.1 17933.6 19291.7 18636.9 9718.88 31396.1
472821 115105 17730.8 22679.1 16752.7 11479.7 8946.29 4622.9 23888.6
472821 102505 84635.5 42783.4 35108.6 32494.3 55155.9 18472.3 106848
472821 97285.7 98155 35483.6 29285.5 18406.1 19821.5 6475.98 19347.3
472821 83366.9 23110.5 22094.6 13393 19007.1 13242.7 9443.33 40423.8
472821 155309 36820.8 37045.7 22010.4 29324.3 20196.4 12857 36299.9
275422.1212929565 181809 57536.8 56846.9 25663.3 32634.4 21617.6 16925.1 67416.9
386634.1033810298 115268 40549.4 36711.5 23513.6 24576.9 21167.9 12970.2 34521.8
459580.36277696304 126154 29781.1 37565.1 10112.9 12879.6 11004 7208.47 19294.9
472821 116773 119066 55268.6 17688.2 38113.3 42244.5 22351.3 78777.1
472821 66836.4 57306.8 20866.6 19134.5 27983.4 24362 15028.1 49734.3
362947.1375123865 119752 71225.8 25162.1 34691.2 19653 20848.5 9498.47 25286.6
472821 131370 45143.9 56506.4 30635.5 37018.1 42653.2 16223.6 43679.3
472821 48706 30220.1 30280 16505.5 13777.8 11438.4 4855.48 14909.6
472821 47752.5 26369.2 33933.1 26354.5 26730.8 13782.4 9239.76 42008.3
440133.5868187403 200910 78305.5 71535.9 14681.6 36396.5 41005.8 21028.4 60798.1
472821 210820 161322 90238.1 35229.8 43979.3 36667.1 24947.9 49783.8
472821 26710.2 41001.5 19558.6 13507.6 14058.1 10974.3 6132.21 17992.6
472821 51303.3 15540.6 39999.5 15680.6 13459.1 14243.2 5599.48 25798.5
472821 103224 58887.5 62042.9 54479.5 48301.6 47998.4 21324.8 69975.9
393713.58067898056 165943 94165.8 96950.2 56055.9 54479.9 45407.8 20577.3 50765.6
472821 44170.7 28918.7 36793.1 18909.9 23671.8 18302.2 12301.8 37532
230567.93997978518 37108.3 20080.3 35537.6 25978.8 25589.9 18146.7 13558.2 42132.4
472821 238907 27754.7 23518.6 39534.4 20322.4 17944.3 8510.16 35653.6
472821 109573 48462.4 53035.6 35276.3 44410.7 41279.7 14128.6 52863.4
472821 40658.7 40100.7 73903.1 29359.9 35347.4 27980.7 18539.4 40452.9
472821 192014 67199.3 100665 37219.8 49982.1 34410.8 25119.8 41172.2
472821 117804 38916 30474.2 9414.33 10744 11842.8 7181.31 22617.1
472821 225979 36687.1 57506.1 32712.8 28440.4 25598.7 16022.8 46727.4
472821 106267 63906.1 67897.4 47042.1 45593.4 42115.4 22406.8 57121.6
472821 97611.7 98424 37999.3 28044.8 47294.5 36144.9 14400.1 49127.8
472821 99793.4 41894.6 39863.7 18438.1 36347.9 26621.2 16721.3 42756.4
472821 40370.5 32779.2 33759.8 24877.3 27641.6 25125.7 14828.7 38158.5
379769.21248959535 82517 49395.3 49553.8 16178.1 15806.5 23535.3 9845.67 40147.7
472821 108136 83528.8 42083.6 12543.6 15918.3 15401 7427.52 25973.8
472821 63099.7 54230 27757.8 14583.7 17892.1 13528.7 7705.09 19030.7
472821 80219.1 33861.5 26328.8 12533.3 7786.61 9962.28 4339.99 14424.6
327334.2275575726 108448 54484.1 46163.4 27958 31592.5 37205.5 25033.2 51770.6
472821 131791 81238.2 51047.3 25766.5 15702.3 25122.3 18118.3 43274.2
377464.9855305403 284917 66248 31582.2 21111 24264.4 20935.3 9547.55 40287.6
404009.9799575884 211747 99613.1 48999.7 45585 47241.6 57622.5 21281.1 74596.3
472821 71641.9 49378.8 39408 31176.3 17810.3 19822.5 13457.6 40124.4
472821 181990 58795 52193.4 25268.2 27742.1 16728.4 12014.9 34230.3
377796.70425502403 153166 55692.5 61631.1 47435.4 53134.3 40549.2 18557 44246.3
472821 177954 66643.2 52825.7 39339.9 37420.9 34154.6 13625.1 47134.4
246111.86710333344 110550 32744.3 51159.7 24943.1 24690.3 31603.6 18637.5 45176
472821 135599 28483.9 62800.8 21418.8 26724.7 24607.2 14479 40974.7
472821 86532.8 12649.6 28859.8 15911.3 12102.4 16829.2 9093.99 39232.4
404576.90037655074 87442.8 67847.6 40077.9 30651 48240.8 41483.5 25029.1 54461.8
274362.3080799873 173554 37555 25356.3 22380.2 25439.4 30200.9 11645.7 31165.8
472821 269638 103466 53868.8 29226.5 34166.7 35882 17815.3 53656
466486.484244322 285014 81154.2 33359.5 46728 67122.6 49750.4 29331.2 88230.1
398767.13740536675 133311 25952.1 30955.6 25973.9 21071.5 15800.3 10307.2 34419.8
350743.8240972691 202120 21820.7 15150.4 10487.4 7140.16 10910.3 5053.76 20012.9
244013.7930239011 131315 33641.2 43915.5 65888.2 54478 39214.4 25561.9 72541.7
472821 86464.5 40442.5 72475.8 33900.9 20402.5 32869.5 14733.6 48192.9
472821 105798 60198.5 35711.2 24405.3 16895.1 13875.9 9894.83 21590.6
471973.8990764596 110114 123201 69308.8 39493.5 48804.4 53199 20296.7 54927.5
472821 19707.8 150599 75438.7 50267.4 42311.5 38685.8 16397.3 47565.4
308007.3950929486 69689.4 18161.1 22240.2 16642.6 16153.3 20754.2 8657.88 32489.8
409942.4975980024 40046.9 35287 28960.6 11606.8 13851.3 17067.7 6530.54 21084.8
472821 73829.7 31518.6 52494.7 30440.2 40858.8 46330.9 23298.8 60443.9
472821 60694.6 88019.3 33200.7 24618.9 20101.2 17830.3 11348.2 29625.1
472821 119086 29367 37878.6 14134.2 14207 15560.1 9680.4 28582.7
472821 107092 23523.4 33046.3 31117.2 24042.1 26152.1 10700.4 31216.3
472821 139479 64163.2 68994.6 46255.1 50641.2 52307.6 34871.5 67968.5
472821 121505 21255.6 21619.6 11603.4 9123.83 8419.4 7580.99 32028.1
395077.00086012133 142752 37680.8 11356 9303.01 11462.6 10773.1 7434.05 38846.6
381305.98850132787 127042 59478.5 39707.3 26879.1 13860.6 10824.6 5667.29 11382.2
413662.62001664756 103889 54838.3 71545.8 23652.1 27098.9 36935.9 15548.4 45148.3
446191.67030401516 58023.2 18309.6 30574.6 12857.8 16551.4 30025.5 12227.1 49987.6
472821 63385.9 22662.8 31786.6 13636 12361 14866.7 9244.78 32707.9
472821 111423 34838.3 38311.9 28641.2 20242.6 24541.6 12005.8 34176.9
472821 103065 86481.4 67673.4 40369.2 68067.4 48359 25563.1 57334.6
472821 58725.7 80263.6 50738.3 31325.9 28973.7 43855 14672.8 53716.6
425668.214079036 62881.9 46757.8 23486.3 16071.8 15405.9 15419.5 7180.63 30709.1
470124.1455111181 127918 38536.1 57401.6 29782.4 34341.7 32326.9 15363.9 49994
262128.0717329264 186236 48846.9 40988.1 10614 16318.1 14159.7 6028.94 24390.8
346694.79412977124 164739 31031.7 16060.6 10108.2 12329.7 12040.2 6747.63 25445.2
472821 390254 62778.5 45919.1 43316.6 39169 67737.1 30584.4 80641.6
472821 72431.8 49319.9 57668.3 35535 44415.8 34035.6 17259.2 79042
472821 84952.8 52962.7 25487.7 22625.3 24704.3 27494.6 10427.5 21811.9
472821 145905 101391 52974.7 23574.6 33704.2 30997.2 13909.1 41272.6
472821 111858 30191.3 47136.3 19694.6 21332 16058.7 14214.1 33977.7
472821 80481.8 40035.2 32348.9 25900 23677.7 21299.8 12542.7 49481.7
472821 202353 59204.9 35507.2 22875.9 35611.4 44870.9 21938 68555.7
472821 109465 45372.1 47016.4 36854.3 34515.3 36638 13974.3 57493.1
472821 167497 34010.7 34568.8 38144.6 26906.4 27403.5 13784.1 32269.8
326584.58072258113 154789 130735 138970 145907 130211 91519.8 49630.9 109775
454327.21258076024 78434.5 61320.5 65296 34493.2 34382.8 30661 19765.2 55630.2
351902.9655158746 115872 36966.4 38842.1 13536 17725.5 13586.6 8971.64 34067.6
472821 33871.6 70243.1 39859.1 19367.2 34024.2 28429.6 15037.1 35462.3
472821 29139.1 17058.4 18830.9 11207.9 13048.4 10471.7 6154.61 20667.1
446663.9478100598 226550 55888.8 33845.2 9631.61 18879 16035.3 8499.34 32009.4
472821 317222 42432.4 31416.8 25277.9 18938.2 24662.9 14707.9 48876.4
472821 62821.5 56344.2 55003 41975.7 39147.5 32585.8 15310.6 40624.4
472821 280234 39921.4 60874.6 37567.3 36661.3 29313.2 22574.9 44020.3
472821 16397.2 47553 19222.9 21126.1 25380 23392.4 13287.7 31469.3
404417.600424115 229475 125257 51722.2 31196.1 26105 26477.5 12162.8 35244.8
472821 87001.1 49164.4 24405.5 20363.6 16741.9 16840.9 6553.85 26724.9
472821 137117 40531.6 47156.6 18749.5 18327 21128.7 11200.4 32201.4
306646.7860874391 97336.1 45666 12492.8 10521.4 12391 11287.8 6174 22872.3
472821 151732 63076 68159.9 33511.2 85635.6 54599.5 26346.3 69757.6
472821 141739 25110 48929.9 20705.7 20563.3 14857.2 8746.28 25657.6
472821 67494.4 36756.3 40831.1 27451.7 26975.1 33712.1 16311.8 29516.4
472821 319703 55173.2 53051.9 75492.3 32478.9 32216.9 24706.2 47848.6
472821 181760 97904.9 35367.1 47103.5 46914.5 41720.3 22476.4 71790.8
472821 81881.8 44441.9 27307.3 16092.3 16186.8 18514.1 13454 27571.8
472821 47143.4 24536.1 74430.7 31612.4 54542.8 52894.4 19599.2 52540
472821 111158 36776.9 51192 21707.6 36153.4 34125.7 17417.9 38072.3
296605.26673272817 91582.3 38078.2 16964.1 13748.9 23779.2 27620.7 7575.54 20929.8
368076.5959808157 88919 14764.7 30865 16484.1 22077.3 13083.8 6219.17 19786.5
378086.25534503936 15841.4 55554.3 44889.4 33953.3 25555.3 24727.7 16833.7 46013.3
248009.41065440563 228671 36365.9 62448.3 35392.4 30441.8 34980.3 15708.8 62711.8
386187.12645566603 74618.2 50000.1 70088.8 35050.2 37094.4 35731.3 17933.1 32825.7
472821 102142 66870.3 34344.9 33270.8 28261.2 23825.4 7836.75 32622.8
472821 146371 68565.9 67898.4 47374.4 71044.3 74692 31365.6 81457.7
306646.7860874391 97336.1 45666 12492.8 10521.4 12391 11287.8 6174 22872.3
472821 94950 68301.2 32611.4 26396.6 20543.8 25560.9 10694.3 31612.7
472821 47042.9 23533.9 25875.5 5983.43 8693.81 9133.19 4285.18 16080.1
472821 52480.1 35940.9 34844.2 16761.8 24408.6 18928.1 8157.09 31690.6
472821 159336 41507.2 25737.6 47558.6 49150.5 35562.3 26250.4 42621.8
290911.69902096794 105832 69226.5 33691.6 18079.5 16750.2 18345.1 7426.56 28928.9
454926.93004875345 88620.1 28994.4 37319.1 12222.5 15756.6 26090.9 9481.97 40668.9
449480.74579254026 114704 34625.7 39448.5 53665.6 39521.5 39092.2 18509.5 32408.7
421423.33887589676 195266 92365.6 73399.2 34457.1 47243.3 41843.6 24071.9 44211.3
435090.3377363352 325931 34032.9 22836.1 22379.3 22012.6 19221.9 11226.6 33668.7
472821 44059.2 22807.4 44583.6 27250.2 22711.9 22590.5 12525.6 50405.9
472821 206013 70909.8 65910.9 45827.8 37445.4 25496 16930.6 48519.4
422043.67163185216 266616 41894.8 82738.2 26806.6 47974.1 40263.8 20542.4 67820.2
400529.7445261406 80276.4 46078.6 42963.8 16615.2 27750.4 19045.4 12567.2 57923.4
409986.53934955806 104654 61113.3 64195.6 43380 42020.7 26823.9 13473.7 37725.4
472821 144761 56517 24145.2 28843.5 22621.4 23788.6 14965.9 54784.2
448957.8671251338 319377 86945 108832 35775.8 48359.6 40820.1 21984.2 52896.3
283824.7252546673 164954 34276.1 42388.2 14736.8 20052.6 16801.6 7952.6 30050.3
472821 99031.3 32387.7 47099.4 28872.6 32854.7 28415.9 16857 50575.3
472821 100802 27712.9 52226.4 29803.1 46951.2 37299.1 18283.2 35181.8
339369.80749336083 59163.1 31018.4 20702.9 12188.7 15326.2 10342.2 7959.34 23204.2
472821 103403 72188.7 83145.1 43269.5 28867.8 35815.1 16077.9 53875.7
472821 59608.7 56597.7 23837.7 39965.1 42205.1 53008.8 28083.9 62257.1
412409.772743668 24689.3 30972.9 35542.9 12445.5 30845.9 28182.6 16756.1 48479.3
472821 39941 46944.7 64901.2 39572 29794.6 35592.2 17747 51802.1
472821 25874.1 31980.6 31019.1 12774.5 13240.7 15610.1 12684.3 41766.1
472821 93760.2 63462.9 39272.9 19653.8 25498.6 23266.9 8495.61 30780.8
472821 84282.5 55138.5 33426.9 25548.9 15669 21562.5 9831.07 19630.8
472821 118411 18652.3 54131.1 13413.2 16454.1 17321.6 6232.36 34419.6
472821 77059.1 43734.1 14748.7 13194 16555.1 15630.2 9483.9 38473.5
319373.91522850684 310426 114235 110188 59147.5 108624 87031.2 61322 121153
472821 237790 64290.1 39459.8 20812.6 32596.5 36771.7 15252.7 58307.3
472821 74297.1 74186.7 34673.3 18364 9453.99 11309.4 6774.6 23306.5
365126.7356851242 26448.5 40851.5 49430.7 28805.4 45691 33552.9 22211.9 47772.7
472821 316378 40373.4 13686.3 9559.53 17246.5 22127.8 12922.8 39852.3
326984.7047207579 176466 49892.6 26990 18881.8 17194.3 13995.5 7707.96 33444.2
472821 66079.8 33723 31022.2 33956.5 19108.3 17896.1 11960.4 22485.7
472821 92921.6 93985.3 66333.1 22196.6 29803.4 42746.1 19931.2 43664.8
472821 84282.5 55138.5 33426.9 25548.9 15669 21562.5 9831.07 19630.8
472821 233288 41076.4 36517.9 36080.6 34904.7 12269.2 15885.4 39862.7
472821 149598 23715.1 45845 26491.6 36122.4 29333.1 16675 47689.3
423162.51953307696 119629 29759.9 31669.4 26533.1 29258.6 16841.8 10913.5 36736.8
433094.40303817036 31035.6 70460.8 42382.5 22195.9 20851.5 28830 16131.5 35525
275294.6813310079 67161.4 31796.4 44912.4 31522.7 28137.1 43709.3 27090.8 71812.1
387282.5478932974 63766 33458.2 28245.8 21246.1 24555.6 16780.2 8298.33 22331.4
472821 147560 57824.3 80556.4 59715.3 47065.1 38008.7 24038.9 39774.2
472821 90518.1 62939 32398.9 24945.2 21625.5 18608.5 11861.2 36858.9
357655.5679158905 144497 62231.6 49652.3 34792.7 36832.8 32138.4 12861.9 37751
472821 58435.3 9139.24 13214.9 15295.5 17133.8 10242.3 9448.59 32109.9
265189.4419953229 92311.5 34595.5 42653.5 20280.2 23315.2 17428 9548.82 24576.6
472821 146160 86920.9 50985.1 46262.2 55208.2 45453.8 25928.9 82592.7
472821 61480.2 102460 34096.4 22959.8 20004.1 20101.1 9840.2 29291.7
472821 97668.8 42233.2 24519.4 13768.1 16852.9 15986.6 9248.63 27329.2
452586.1578064925 188439 79749.8 54667.1 11984.7 11781.8 15548 9169.92 28666.4
325180.86702405964 145118 52759.8 42560.6 42672.2 42129.9 30349.2 20626.5 52454.4
472821 97502.7 58120.6 145083 54086.1 56141.4 54491.6 22148 79959.4
472821 166017 54633.2 27258.5 34429.4 24105.1 20662.3 12059.1 43632.5
371371.2938206032 136318 27386.6 26136.6 10307.9 19470.4 20951.8 11252.5 45881.5
472821 241229 65211.2 61824.1 24584.1 22058.9 22274.9 6920.82 28293.3
472821 174310 163416 105795 54112.6 50276.7 37700.6 20269.6 56354.7
472821 199841 114228 65603.1 50109.7 37376.4 49511.7 22732.4 70483.5
472821 66991.2 39184.6 35804.1 21748.3 22080.9 24454.9 15437.4 41822.3
472821 70172.2 41775.8 21124.2 12640.5 17015.2 19080.3 13728.3 41525.2
472821 120208 27964.7 30966.9 25626.1 24923.3 15387.6 9352.1 37478.9
472821 96002 47343.5 16868.7 12563.4 11757.7 13933.4 9994.84 29654.5
358995.56163343776 44357.6 43012.8 27821.7 24955.2 16817.1 19208.5 11111 47419.1
447872.7533314836 158716 44543.9 24144.4 19579.2 20071.3 14600.7 9701.63 42151.1
396144.31054144044 103061 34277.3 57153.9 65477.7 44519.8 52085.5 17494.4 50473.4
472821 40292.3 30325.9 11574.7 10760 16121.1 14997.6 5068.7 20516
472821 174767 126210 40454.7 13566.8 21264.4 18274.2 14664.4 37543
467438.53572476114 104078 13703.7 29122.7 16456.3 24354.4 17075.5 8912.14 35340.8
472821 70325.7 49151 59067.9 19897.5 29428.5 38443.3 15361.8 51576.8
342169.73842205404 229895 22939.6 31658.9 19288.3 21523.4 17175.4 11397.9 34899.7
351781.1479051885 62438.1 18426.9 33298.2 32774.9 21893.3 18258.8 13138.6 52068
472821 66979.7 60910.8 16332.6 17501.7 18228.7 27010 14290.9 32024.8
472821 189252 79617.9 109029 77243.1 71376.9 60114.1 31031.1 82877.6
472821 36924.7 46869.2 20495.6 17153.2 18474.6 10012.6 9012.67 20776.6
414556.5738673748 75071.5 201645 83004.4 114734 73402.7 78337.6 37967.7 109398
472821 73795.4 67615.3 52806.3 31068.4 32434.7 49167.1 24027.7 53863.2
472821 64293 44672.3 63501.4 37130.5 28981 22132.9 15677.2 57029.4
472821 105105 67958.6 21837.7 26289 26481.1 20350.3 10761.7 34986.7
469463.5192377819 48445.6 40136.4 85218.8 20599.5 16626.6 22258.3 12560.5 38026.1
429240.28124777036 86632.3 43980.7 41016.8 33854.7 23398 23017.7 10827.5 50630.8
405647.9582920449 165204 49783.5 40836.1 31272 29862.9 34053.6 13974.2 55143.8
472821 139203 30638.9 34788.6 18417.8 17691.5 14333.5 14394.6 31228.2
472821 86153.5 68943.3 19827 8444.36 12262.5 10355.3 6126.61 13075.2
472821 96895.7 50533.2 56371.7 34607.3 32235.1 35432.6 20461.7 46241.2
336177.2490348409 63017.3 29049.3 24282.8 22568.8 18588 22897.7 9996.27 22649.9
472821 93954.9 37092.7 84045.8 36805 38271.6 39373.9 17910.2 45879.7
472821 478118 79436.8 85231.5 49323.8 87267.5 60346.4 27846.6 71029.1
445851.51805263787 119558 49200.3 45355.3 19182.9 30767.7 22219.5 12524.2 37882.8
472821 143616 24489.3 23054.6 25609.2 18997.6 18170.1 9612.08 20096.6
472821 94921.4 10928.1 21317.2 22954.7 12588.6 20591.9 12686.4 31456.8
306154.8303519759 113070 38957.8 56432.6 36189.6 42925.8 43548.1 17680.8 59867.2
472821 51468.2 91577.8 43051.8 13904.1 19795.6 16850.7 12475.5 34488.4
472821 210893 90597.1 23649.8 24960.4 30131.2 22289.1 18229.5 69685.9
472821 229387 165527 55643.5 39115.7 36921.8 46774.7 24536.8 80689
472821 304667 28592.2 35473.1 22965 35075.1 32802 25148.9 65911
472821 168760 29583.4 42273.2 26322.8 26954 33445.7 18927.9 49917.3
418209.2280708708 36535.1 39662.4 39978.3 14759.3 15364.7 13867.3 9223.81 26237
472821 48267.8 83417.6 70537.9 39071.9 42808.4 29492 16396.2 45463.2
472821 256016 103483 49017.9 37598 56663.7 54927.9 32049.2 66053.5
380870.2562784891 30977.7 50174.1 28933.5 30550.2 21179.8 26740.2 12955 56451.7
446309.7396805264 305485 42798.8 62749.7 49846.1 40579.8 40308.2 21460.4 67572.7
472821 28822.3 15299 26582.1 25998.2 14596.7 16585.4 9638.35 29852.5
472821 248340 30274.7 107285 61394.7 50469.7 57592.4 36711.2 70522.1
438302.57442427374 63554.5 47219.7 29338.9 20237 39681.2 32356.9 23574.3 58140.9
406584.0797772405 92104.1 64204.1 32075.3 26055.3 29009.6 27579.8 12543 34486.8
472821 231827 131917 70008.1 30227.6 34141 26385.3 15397.4 42319.4
472821 105909 22554.8 29244.3 11658.2 26304.3 20277.3 16662.5 56613.8
472821 110437 28442.7 43273.5 39343.2 52344.1 36761.7 31373.3 64079.7
472821 48091.7 72634.4 46636.3 22065.4 21958.7 14662.2 6109.77 22567.7
472821 180048 104438 47205.3 45452.1 39394.1 31702.7 17556.1 36050.8
472821 130295 81579.6 74832.1 46876.2 46819.3 43135.3 16940.5 96277
472821 202046 78430.8 61507.5 60863.1 66674.6 41098.6 41244.5 64664
375436.2537833446 34722.4 31556.1 23548 22583 12635.7 15753.5 7713.94 33207.7
472821 94067.9 42643.5 71126.4 53610.2 34314.3 29798.2 15312.4 44025.1
472821 136198 62919.2 45391.2 18319.6 16900.7 16612.1 9096.83 24790.9
462376.5454714813 115258 32154.1 28323.1 17712.9 12384.6 17600 8343.8 30137.6
274649.9850529153 212290 97362.7 86849.3 58796.1 43842.8 39120.6 17284.5 45788.7
419803.16465377144 59221.4 47202.6 89433.3 29047 30806.9 26703.1 25308.5 57694.2
472821 99118.3 74626.8 61879.9 32106.8 43692.1 45163.3 19951.4 69458.2
472821 75198.8 35184.6 46609.8 13977.7 17316.6 18670.7 7496.9 29081.5
341686.2162134844 110516 85489.4 58338.2 43090.5 48976.8 41714.3 27662.1 73854
472821 198457 62322.7 28251.1 32269.4 39664.2 33759.2 15601.2 67301.8
472821 84156.6 50262.5 25420.8 12405.4 11613.4 9558.97 5809.98 21450.4
472821 56363.8 26322.5 20038.4 6405.18 10838.9 9559.56 3669.94 14250.1
322652.68307305087 140127 31739.7 40910.2 29207.5 20564.8 21205.8 13404.3 31675.5
380274.2870446708 114211 62095.3 63510.5 21718.2 20287.7 12929.1 8553.87 22956.7
472821 27778 28731.4 28349.7 15456.1 18932.7 18477.1 12092.4 34395.9
455660.64688850124 203268 32679.2 13351.7 20979 8650.84 11673 6925.08 30934.2
472821 200132 54481.6 31702.4 12285.5 14571.5 19902.4 11571.1 33944.2
472821 141367 51919.4 22268.1 13829.9 28952.2 24130.2 15822.8 58469.3
472821 94829.9 30230.4 53474.8 25098.8 17913.5 12637.2 8087.99 38867.2
472821 169272 34623.7 46497.3 22901.3 18315.2 15222 9856.6 29890
472821 189628 37738.5 50073.8 29549.2 35924.2 28645.6 22498.9 48927.3
339216.12989218754 83815.8 71162.1 39591.9 28804.7 16902.5 16449.3 9147.98 31038
423459.56709144247 35080.3 52031.5 43176.7 12109.8 15111.6 16041.5 9673.42 25175.6
420839.5514031471 195800 27304.8 34462.9 14401.7 13282.6 11963.1 9033.95 28511.3
472821 130948 25306.4 52542.4 13418.9 20313.4 17276 10031.2 37886.4
472821 136710 67983.2 53899.2 33944.9 33910.4 36967.5 14709.6 36942.6
472821 46219.6 54434.2 18927.1 21653 11485.2 17679.3 10843.9 46098.8
472821 160661 108023 121288 37918.6 49878.6 71630.8 34982.1 98597.9
408133.03755004157 103327 17652.5 23249.7 23458.1 25984.5 26891.4 13442.4 40537.2
425270.9012564905 60133.6 16613.7 22371.7 6907.75 10725.3 7866.6 3985.93 11639
472821 80024.3 45440.6 28495.9 35128.7 28248.6 30354.7 12809.5 47626.4
472821 592156 40633.4 35494.3 32359.6 46697.4 35917.1 19223.4 53182.3
333045.59938166395 151783 35252.5 19350.7 10617.2 25141.8 16539.6 11765.6 56843.2
472821 36626.8 27855.8 20805.1 16235 18053.5 13458.8 6702.84 25450.1
439342.7094078244 176006 90148.4 77639.7 44249.4 55146 37705.7 28821.3 87174.1
472821 166052 32888.1 38566.1 10815.3 19567.9 18049.1 8144.2 35292.1
372447.03702881606 47601.9 26568.5 20359.8 16972.9 17494.4 17012.5 9141.65 44793.1
442490.2890562447 119127 51828.7 55376.4 40924.9 34903.7 35074.8 15562.6 31394.9
312399.3884874549 201544 40783.9 39669.8 20002 36820.6 26737.1 13349.9 39663.3
472821 160201 87827.2 56032.6 49127.8 36849.5 50561.7 22982.7 62459.9
328489.62074200326 172619 47680.4 28755.6 16396.4 21057.2 16798.4 8947.05 21293.6
472821 37686.1 31135.6 30493.9 17646.8 16497.5 12005.8 8208.1 33410.3
472821 212140 78919.5 71891.4 44861.6 48160.9 37125 15929.1 47628.1
342535.1912541124 129404 28814.8 42965.1 36085.7 26039.7 30238.7 14664.7 62656.2
472821 138326 52542.1 55866.1 39945.5 45123.1 47433.3 21765.7 63441.5
472821 152955 35650.3 37074.8 15566.3 18900 18751.6 9629.53 40016.5
421366.1783047287 130043 23283.2 43793.2 15333.5 14473.5 13580.1 6873.33 32981.8
181801.539246502 44238.9 23598.8 26861.8 13165.5 13012.4 20602.5 11508.9 35198.8
378670.0428177891 139820 63694 33521.8 40652.7 22410.9 31448 20057.5 49233
354195.9477724047 57932.1 67522.6 63585.9 25043.5 31832.3 26955.4 10454.1 28700.9
472821 57549.4 47118 38272.5 21846.8 20198.3 21673.6 15536.4 43435
423312.4489000753 81394.5 46410.1 69773.8 53581 67058.9 63536.4 30701.6 78347.7
472821 61154.4 101126 155796 54776.5 65145.4 60110.5 35001.6 86469.2
453798.71156209125 39865.1 29240.8 23786.6 9957.23 12113.7 9511.55 6122.52 24398.2
472821 104737 20699.6 26736.3 31584.7 26367.2 27633.7 12330.3 51227.2
472821 44502.6 44721.9 20613.8 25000.5 15816.6 20739.1 9053.95 25544.9
472821 37596.6 38749.8 27913 12889.8 18490.5 13687 9438.97 35988
472821 51510.9 57292.5 39648.8 32541.8 18614.8 15781.1 11532 20792.1
472821 231033 55323.8 75034.3 45045.4 44397.6 40374.1 19947.3 56351.8
472821 91595.3 34696.8 54342.5 44337.8 35203.5 22737.4 14910.2 53884.5
472821 77039.7 41255.2 30739.4 14946.7 16397.5 18590.8 12314.5 42609.3
245641.4637143763 149818 97623.5 76159.8 59364.9 63140.2 55309.1 20366.6 70102.9
439070.96243014 127730 72823.4 40397.8 37518.2 35418.9 28202.2 14487.3 53893.2
472821 43394.8 42552.4 50166.1 53013.7 25287.8 28526.7 15821 46724.7
472821 155670 64367.7 47488 29385.5 30181.5 30650.7 12474.5 58206.8
472821 38966.3 28688.8 16795.8 7147.17 9384.87 8235.48 5765.14 13957.5
472821 60765 23622.9 15211.4 10942.6 10267.7 10934.4 7734.34 39527.8
472821 103208 55732.1 22815.3 11745.6 12473.9 9667.45 5812.2 15904.8
472821 88868.1 59124.5 91915.4 57119 60371.6 46713 36429.3 77034
472821 129280 40017.9 64101.8 40708.1 35186.6 31351 21139.2 59614.3
455810.57625549956 74060.6 76009.2 10901 20190.8 12194.9 7942.83 4535.32 18187.3
472821 95378.8 13063.9 23328.3 19511.1 12120 12107.2 5882.29 27543.6
472821 219069 127366 115442 92044.8 62435.2 55923.3 33016.1 90148.6
462977.19999801816 89869.3 53157.8 24633.4 26149.8 12434.8 18170 7773.84 29755.6
472821 203006 15425.3 40172.5 30167.5 34979.4 26462.6 15345.6 29128.6
472821 66842.6 19349.3 41207.3 26258.8 30271.7 35014.8 23418.8 53966.6
472821 135922 46119.5 35056.8 18710.1 17259.6 15209.7 8071.25 24531.4
472821 49936.9 38572 103703 29395.9 52385.6 29301.5 14472 42544.6
293203.74421895435 318135 43941.8 33237.4 28899.1 26900.4 22481 18657.9 37412.3
472821 92418.4 45347.5 47294.7 20746.4 37669.5 18206.2 12039.5 30323
316886.96185342263 155352 49441.1 96001.5 40435.8 42597.2 38955.3 27266.8 68367
472821 77653.9 70455.2 66223.2 31206.4 40592 38334.3 20260.8 58295.8
472821 108485 89447.8 55307 30366.7 24563.9 23358.5 17720.7 44617.1
472821 111607 54497.3 37086.3 29550.5 42247.7 39403.7 22580.9 40765.9
472821 79012.1 26755.1 32123.2 20019.3 28342.3 22719.5 15279.3 35779.5
359115.5051270363 154399 194526 161517 54296.4 67345.6 76573.4 37885.9 95484.8
472821 43583.8 63783.5 40004.1 24942.5 20939.8 18195.8 13471 33637
472821 260139 31502.4 36382.5 26150.3 33380.2 22424.3 15317.6 35784.5
472821 177903 40874.1 42743.2 18488.8 18091.7 23831.1 13193.4 35988.4
472821 309109 66818.5 46608.3 38268 28694.5 32852 23756.5 63349.7
423866.2504994252 85197.3 43981.5 67120 31359.4 34479.5 46298.7 31231.4 82019
420506.89562011964 33402.8 28456.2 24100.8 15013.6 16395 12514.4 6927.06 24836.4
472821 169691 68570.6 57282.3 32690.6 51252.6 50460.9 39110.2 72641.8
472821 140552 39753.6 40338.1 45763.5 24398.6 20362.8 13857.4 37835.8
472821 36169.3 43514.5 38052.1 13439.1 21119.6 21427.3 9266.38 26151.2
472821 155949 74488.8 66092.2 35751.2 52982.2 43076.3 28698.6 74508
472821 51216.7 49103.1 31497.5 21931.6 19896.3 17184.9 10268.7 30856.1
472821 40904.7 9440.32 21063.3 6871.44 8278.25 6296.99 3858.94 22012.7
472821 81681.8 33917.4 18560.1 17290.3 9791.3 11058.4 7515.65 35979.1
472821 173620 45892.6 41908.8 20150.2 23871.6 21145.2 18290.6 49165.4
384054.38121011533 140189 28302.6 45890.3 32097.6 22847.2 21531 15880.5 37684.9
472821 87488.8 57931.9 46160.9 16271.4 20665.8 15911.3 8434.12 31986.5
472821 67659.9 59434.3 38763.8 33253.7 26686.4 34281.5 23070.7 60948
472821 254263 27312.1 77354.6 31462.4 47925.6 29732.8 18776.5 50561.5
472821 174008 45099.1 21590.7 13585.9 20678.8 22413.1 9478.93 40702.8
472821 85959.4 32243.7 22567 8157.28 9985.01 7845.43 4149.59 14152.7
472821 16557 29991.9 46734.4 27164.2 26937.8 17962.4 11269.5 24626.8
472821 92685.5 23504.7 22235.1 23008.1 24154.2 17574.8 17745 47961.6
408773.0485354156 87311.1 35086.3 47638.6 39275.9 34659.3 33108.2 13485.4 34639.8
472821 255467 19026.3 19339.1 8515.7 21913.7 17314.1 7473.69 19175.8
472821 164027 23498.5 38502.3 27761.1 26736 35075 15736.6 43975.2
472821 77582.6 46910.8 65273.5 48061.6 36661.1 45931.8 29759.4 63746.3
386083.112957311 60161.5 26703 33240.2 20197.5 13502.8 19785.4 10632.9 39581.4
472821 155884 74060.7 30421.3 24445 15429.2 19386 9249.73 31695.4
472821 215326 142658 154225 43664.6 78998 93316.2 36223 105513
472821 371159 72095.2 85606.7 43064.2 41669.6 56196.6 37623.3 73091.1
472821 32598.6 70820.1 44800 26982.8 29198.4 27688.7 13438.1 33929.8
472821 128733 31752.2 52702.5 20535.1 16192.9 21094.8 8397.42 23800
472821 121459 15686.3 41916.1 26035.8 23642.1 18203.3 12772.7 36034.3
472821 20903 37658.1 15262.8 9915.65 9439.6 13499.9 7787.99 27645.7
472821 88948 119398 54228.9 59582.2 40520.3 46379.7 19763 57802.1
307571.6628701098 91282.4 17778.3 39794.5 24328.3 16119.8 13156.9 7707.94 24270.6
472821 113786 65347.8 56222 38933.3 40595 30667 10567.1 32396.7
335365.75633596256 85039.4 33481.4 18572.7 13141.5 13594.6 18562.9 9545.94 37448.2
399556.1406991954 98724.6 61338.3 34464.9 28692.4 41271.6 46419.1 20773.4 55336.7
472821 90592.5 48149.7 57433.2 19392.8 19238.5 27019.2 10561.7 36567.2
472821 103805 13219 36254.7 22159.3 16925.1 23908.7 11033.9 47543.5
472821 475296 65612.4 98909.2 60796.4 57586.6 68295.5 34347.1 74365.5
472821 175125 20556.1 11658.2 13772.2 27145.2 13198.5 11009.3 33638.5
472821 147253 85232.8 23237.5 26764.7 31946.7 24486.2 16536.4 24897.7
472821 100921 86932.3 44449.3 13536.1 24764.5 23279.4 10842.3 39409
380146.84708272223 20237.1 19643.4 16477.6 29741 22557.1 24777.7 10646.5 45859
349806.7655535297 159594 87687 47925.7 30704.1 30352.2 31256.3 13865.1 41047.4
472821 58299.1 82072.6 53318.3 36067.2 34803.5 26444.4 18979.7 43316
472821 122914 39956.4 30618.3 22437.4 23395.3 15820 9592.44 30199.7
282306.69041380956 78750.2 31620.4 75398.8 55941.6 34112.3 33242 19714.8 44548.9
472821 109134 114629 80021 74671.5 55278.9 66319.5 23727.9 65265.7
472821 125767 39927.3 76387.7 38780.6 43111.4 42923.5 14545.5 39307.8
472821 283620 36971 38340.2 19022.8 20658.7 22609.4 12741.4 40010.2
230339.29769511273 355014 14934.7 15674.8 11480.1 12986.2 9949.61 4475.62 15692.5
442990.67831860157 43388.6 28938.4 23313.7 21111.6 17852.6 18951.6 10098.2 24442.4
472821 142207 44801.9 62922.7 36213.4 21824.1 25144 19030.3 60720.4
472821 54124.4 81774.8 34586.1 15165.9 17129.2 14108.1 7683.42 28660.5
472821 30024.4 65751.5 55810.2 31379.8 22853 34246 19896.7 46735.2
472821 137496 36464.6 58366.8 29808.8 39511.1 35205.3 14080.8 54406.4
472821 83257.8 29856.3 30057.1 14822.1 14509.8 13584.1 9019.79 29022.7
472821 92606.5 31438.8 30533.8 25023.5 36674.3 27703.5 14143.3 34517.7
472821 199604 64863.1 68301.8 28311.9 28898.1 21729.6 10037.3 40089.3
472821 77698.6 38988.3 13105.1 7569.73 8376.22 7831.52 4501.62 26753
472821 127402 53656.7 74155.5 23746.3 32093.4 37971.9 18358.4 56371.7
472821 100556 38715.4 35881.2 28099.1 30444.4 27321.9 8173.86 41103.3
276505.3609695192 25546.6 46551.4 21573.6 17174.7 27238.3 16956.8 10554.4 29361.5
472821 139426 56882.7 76888.4 29988.8 29497.6 54222.3 18312.8 58567.1
472821 79852.6 27125.1 42516.1 25875.7 40396.1 30509.8 15996.8 56613.8
472821 109537 42681.8 36162.5 16217.5 16722.6 19309.7 9872.3 36630.1
472821 66534.6 33884.3 23301.8 14959.4 16490.1 9053.77 4854.74 21428.5
472821 41041 63820.3 44610.1 25148.7 26235.6 29260.4 17716.6 35085
472821 69667.4 65234 61313.1 44775.4 37979.9 43196 25442 60795.3
343398.2221728963 463952 53503.8 43290.6 27084.8 22264.7 24169.9 13305.8 30485.5
405888.7823377858 65982.4 33052 14051.6 12818.6 12965.5 8838.81 6173.28 20495.6
472821 83287.8 119212 34251.2 17080.1 19862 24579.4 6802.9 32379.9
472821 190436 36980.6 54977.4 35769 35811.4 26379.6 16426.2 50155.8
415428.0383130524 47585.6 13520.1 12990.1 4019.2 4481.35 5614.1 4139.48 23811.1
450737.34129969485 50795.6 56703.2 49865.8 46285.8 55768.1 34624.2 17604.8 59950.4
351556.25385469105 87540.9 41584.9 42529.4 30121.3 35923.5 37772.9 27008.9 72365.1
279304.3548396686 207423 18114.9 38783 14889.6 17108.9 22161.5 13167.1 37791
206053.55141702012 198699 170599 64123 33122.8 35518 29347 13878.7 43649.1
472821 57350.4 35588.6 49747.1 25951.2 20541.6 22845.6 8782.2 27431.3
319188.3776368465 274113 46352.3 98518 77651.6 60814.5 79320.9 44372 106662
472821 171258 53598.8 28726.6 46819.1 44138.8 40403.6 23853.5 75600
308832.94366998295 134196 43987.1 41920.2 23834 37447.5 35898.4 21452.1 52979.6
472821 158174 20303.2 114879 44023.2 57642.3 48457.7 21304.1 61448.8
472821 40451.4 67459.5 24088.6 26667.5 21354.3 12175.5 8380.11 25669.8
471476.320989734 79014.7 21351.4 30353.8 16686.9 19836.1 11731.3 8757.44 25528.8
444352.22438265494 172972 106982 42465.3 32722.9 18420.3 18708.4 8596.92 17128
472821 64997.1 21067.5 12855.1 12016 13124.2 12420.2 10037.2 24570.2
472821 210293 55873.8 52403.9 39446.8 37160.4 32629.7 22416.9 55592
466396.52662412304 101661 71860.2 30494.4 29569.6 30152.5 28069 13088.3 53720.7
392140.2593840422 218877 71723.7 38316.7 15680 21386.6 20817.3 18086.3 34243.3
472821 190420 36502.4 46181.8 33098.3 33643.5 15379.9 11282.9 32462.9
472821 64897.6 17311.7 39525.7 26144.4 39693.9 32122.7 11582.3 50565.2
257286.29023742516 106443 27226 13817.2 8963.72 18372.9 18990.9 9089.51 32924.3
411761.3282314004 120815 48363.9 75819.7 57178.2 69484.7 53193.4 31268.1 80570.7
472821 73618.3 72543.1 61390.7 28290.5 27026.9 20480.1 16527.1 37284.2
420777.70553926035 34701.2 32746.6 58874.8 37873 34341.1 39102.1 23133.3 61167.4
472821 239995 70729.4 52302.3 40620.4 42583 31797.8 22706 62999.2
472821 105105 67958.6 21837.7 26289 26481.1 20350.3 10761.7 34986.7
378592.26695865864 89955.6 42915.1 29223.4 15884.1 21788.6 16056 9192.82 25928.9
472821 144195 32823.9 65787.5 44141.8 43029.3 33077.2 16046.5 48924.4
397138.5296563479 80896.1 81582.4 75698.1 22977.5 24769.7 26796.3 19330.4 43084.3
472821 58896 53414.1 17823.5 16735.6 16879 14260.3 6976.25 27377.4
365901.6831007967 91888.9 73302.5 39971.3 30716.6 23091.4 22159.3 8533.52 28533
472821 309271 47990.9 52164.8 50482 27491.8 21490.7 10476.9 36492.6
472821 185890 46227.3 40229.8 26540.2 31376.3 29770.3 14303.4 32971.4
385673.618373697 70164.9 60980.6 34079.5 41437.8 29213.2 27972.8 16919.1 39331.8
472821 82271.7 28021.6 18787.4 17071.9 19547.5 18038.5 7069.34 24523
371376.91617186565 85758.6 42252.2 20206.1 10692.9 6960.97 12507.7 5904.6 26277.1
472821 93603 69382.2 43437.4 24980.8 33088.4 32918.3 15858.5 55378.5
286532.82444607397 76216.2 20141.6 27476.4 14406.5 23559.3 14519.9 11649 36808.7
472821 116939 100296 60859 33336.2 42478.7 41600.4 25131.5 70443.6
472821 63208.8 27445.3 36867.4 14459.4 14461.7 12856.2 11628.3 35855.3
472821 49732.4 95785.4 45581.6 30739.6 29836.4 31474.3 11326.6 29649.3
421054.1378096634 220513 33751.2 29809.8 12216.6 15265.3 15674.5 5445.74 21243.3
394341.4099032859 195479 63542 38001.6 25633.6 32859.2 24736.6 14194.2 33568
472821 145064 19785.4 32960.9 28415.9 24949 29103.2 17886.2 33943.3
472821 96169.6 36422.6 28682.9 25218.3 27846.7 32955.3 9342.8 34611.3
472821 379150 84288.7 117873 59970.5 59795.8 44057.4 20658.9 65794.9
472821 116795 46330.2 18944.7 19252.2 34397.6 29329.4 16173.2 33489.9
396744.9650679774 167875 49731.1 43376.2 29679.5 33904.5 33408.3 20120.6 53510.8
472821 129587 28121.6 23198.9 15907.5 23272.3 22012 13468.5 34657.6
472821 136214 69502.6 69919.5 26331.4 36712.6 25563.7 19667.5 54211.7
472821 107154 30867.8 46416.8 28693.6 39919.6 31811.5 14354.4 42174.2
472821 157209 68774 34946.4 14866.8 27442.6 13614.6 10022.4 22411.8
387126.059116493 226051 137647 66456.3 54335.7 41056.5 45631.2 19580.4 51448.4
472821 285255 22908.5 23271.9 14840.9 17280 10258.4 4575.03 23266.5
472821 118648 71417.2 52447 43719.6 36321.6 32359.1 18991.9 49103.5
322537.4248721709 63655 33909.4 44761.2 10092 16761.5 16172.1 8085.72 23253.4
431241.8382971977 140619 35905.8 58048.5 36537.6 36903.1 41283.2 20751.2 45517.3
472821 84361.4 28561.6 56394.1 20183.6 36080.8 34332 11363.1 35291.6
472821 36734.9 61487.9 43491.8 18580 30470 47670.8 24549.1 65344.7
472821 53615.9 72962 25337.2 28761.2 23992 22303.5 13873.3 41383
472821 55879 44975.8 28722.4 14373.4 13443.8 14845.1 6209.66 17613.3
464171.9496412858 85618.9 19820.2 32718 32051.1 17813.3 26147.2 13721.6 29744.5
472821 175105 91089.1 51229 23247.8 38367 36520.9 21840.8 50574.7
472821 36742.4 51783 39623.6 18998 23913.1 29372.2 17651 44105.3
472821 20278.5 59881.9 59667 29800.4 31690 38799.5 16767.7 44276.9
253529.62253557416 90510.2 32407.6 23590.4 34526 39103.9 41571.4 27228.3 58695.3
472821 51325.2 52804.1 42751.5 39189.4 25990.8 20140.5 9030.35 29578.5
