99841.9 76202 59523.9 42765.5 51479.7 41346.9 36847 18518.1 51491.2
99841.9 76202 59523.9 42765.5 51479.7 41346.9 36847 18518.1 51491.2
338235 157469 39697 33469.6 43871.8 50719.4 34174.4 15741.5 39413.4
877698 141786 56950.6 109264 36198.2 41076.2 42999.1 28134.4 57774.4
678663 240309 41798.2 29015.8 22768.1 29215.6 18903.6 12556.9 34403.9
1669660 151677 32424.5 74124.6 23975.7 17645.9 22680.8 8041.02 35406.8
647227 72100.3 68612.1 42004.7 32253.2 35272.2 34791.2 15421.5 75648.1
793902 444679 77594.7 37830.3 42628.8 51878.3 53971.9 28814.1 84820.6
155979 96486.3 36054.8 5e4 16783.4 22590.6 14774.1 7203.18 22529.9
251113 76958.9 26880.2 8825.48 6873.88 8572.66 6101.55 4592.15 12439.8
219054 164068 61671.6 33311.7 11760 14857.2 12389.5 9804.81 28162.3
310329 237581 22260.8 100754 38962.2 47054.2 51439 16780 52957.1
143129 76529.4 32641.2 26191.2 11850.2 11699.1 12076.6 6982.78 18850
176940 67159.4 68908.6 36556.7 14686.1 13946.6 12727.5 9757.61 27546.3
266570 67541.4 44253.6 26327.2 22907.5 16197.1 18027.9 9903.39 24880.4
435742 229580 35310.5 43132.2 27666.8 29841.4 23562.9 15851 48195.6
352818 49946.9 57624.4 66033 25148 21481.2 30628.2 16947.7 40099.9
152585 56039.1 22437.2 24147.6 21649 13345 11393.4 5965.9 13880.8
63603.5 74941.9 42082.3 31434 29485.4 20748 24214.2 15462.3 50088.9
368471 178636 30483.3 53494.9 16910.7 18753.9 21627.6 10671.7 28297.2
417719 66998.8 18217.9 41824.9 23558.4 20351.7 18893.5 11337.9 23821.2
301892 99838.5 45253.5 38489.8 33468.4 28575.6 28288 18176.6 45399.2
133679 82596.8 75386.9 41576 15015.2 17725.5 15768.5 5695.01 20104.2
285640 114986 10957.5 24930.6 10529 10636 9961.77 6042.88 18661.5
186054 33986.6 34736.2 23494.8 11363.1 11982 11025 7655.82 20967.3
483853 165670 92828.8 48804.3 26844.9 27499.1 19749.6 15031.2 37534
1803710 119671 64240.7 64914.4 22337.5 17965.9 18861.5 12477.8 25278.7
228810 174508 80644.5 40653 79023.2 59535.1 58214.7 21166 72363.3
271254 97366.2 39653.1 38060.8 28350.7 18329.4 20177.7 9023.3 33817
637804 262322 69924.9 66531.6 23231.4 32673.7 31782.7 17128 39142.5
240356 53030.9 42568.9 27786.1 37907.1 25022.8 27059.4 15099.6 46690
169056 89439.3 17947.3 10337.9 3617.04 3672.84 5811.56 4748.61 16411.6
178695 334317 19797.4 22945.3 41102.7 29667.4 28842.3 13557.3 48628.9
383207 61272.9 16581.8 55541.5 50947.1 43301.6 34018.8 20638 40629
283487 142947 91464 32369.5 25557.5 30418.5 39766.4 16536.4 61182.9
358255 84476.6 51073.3 54444.3 12000.2 11939.2 18363.7 8256.91 29017.8
359707 155305 43007.5 98796.4 39792.9 31540 31297.8 9789.43 40334.6
190557 122041 26423.3 48389.5 21967.8 41832.2 36228.3 13488.2 43298.9
490587 501889 33903.7 40785.7 22185.5 28084.1 26616.5 10262.9 38875.5
98556.2 44210.7 18560.7 36467.2 11206.4 8919.17 7461.18 3744.91 15224.8
507896 58271.6 28181.9 24758.2 23315.2 18935.9 20683.2 10476.7 31466.2
254426 63186 17563.6 13853.6 10446.1 14620 12362.6 5805.22 15835.5
179367 150793 26077.2 32382.4 13352.5 13926 17951 6363.86 26392.5
439159 106653 32274.5 26800.7 26072.2 25546 17246.1 12377.8 30410.4
395086 106859 66502.7 48316.7 69263.2 49043.6 45607.6 19644.8 71167.6
845354 57974.1 34882.9 45179.9 20991.4 19918.4 13641 6748.41 30950.9
140835 59787 26346.6 17096.9 7999.38 9055.08 8743.11 5843.86 14930
176775 187145 50073.5 44050.5 30879.9 29073.3 29826.1 17984 50099.7
247636 94480.7 148438 58452.3 42540.2 46429.4 36963.5 16976.1 71689
1323260 314990 55766.4 35507.1 30294.1 31333.9 20516 12490.3 53729.1
329582 336719 37500.5 27769.6 15511.9 15300.7 17077 10348.1 30145.5
335291 78523.9 17389.3 23807.9 31497.3 17470.1 24661.8 11168.8 51766.5
495457 83209.9 20870.6 29807.9 14665.4 12097.9 16928.7 11958.2 31679.6
91733.8 121451 21294.1 21747.6 17291.6 14417.8 11607.3 6107.37 30689.2
542188 236801 54006.4 28964 17065.9 25032.3 15073.5 10079 44700.4
609733 248643 41165.4 58573.5 24116.3 22753.8 30170 17024.1 55311.1
132657 867103 39792.5 43990.7 13988 23243.4 17431.9 7641.06 20897.7
146800 35577.7 17260 10026.4 6211.58 4700.54 4552.72 2008.59 7637.15
248103 131754 57812.9 92697.9 43393.7 40114.6 26756.3 21762.9 51955.9
199769 68133.6 14921.5 13521.2 20658.8 19799 14883 6049.01 21709.4
193704 104264 26550.2 75902.8 17993.8 40922.8 29280.7 13081.5 37739.6
776939 110106 83826 23024.2 24231.3 14624 19296.6 12689.6 46400.5
207975 49893.9 46606.5 33634.1 18060.3 25251.2 22671.2 10350.2 33e3
1425180 67601.4 20701.3 14670.9 10451.3 13409.6 12732.5 5534.71 27983.2
231005 75288 45408.2 30122.2 31729.1 30884.6 29869.9 14664.6 31889.6
106824 84867.5 59207 32294.1 13567.7 12966.5 9667.21 6628.85 14908.7
187841 88306.8 67817.4 43126.7 28360.8 28930.1 26074.4 13545.5 48951.8
97092 95596.6 73324.2 77191.8 33382.9 28871.6 26866.2 11087.1 42713.2
309791 141576 12299.1 31018 33185 18162.5 23828.1 12998.6 29759.5
286343 88159.8 54056.1 37623.3 31099.2 29988.9 46023 22493.4 69207.6
202243 118322 42070 63728.2 43225.2 35657.9 27310.7 12640.8 46914.5
307731 59705.1 43383.2 63131.9 20799.6 41684.9 30019.2 20336.4 60829.2
481589 52391.9 69657.5 58561.1 44424.4 57077.6 29006.8 19160.9 41400.9
253429 46451.3 37001.3 29348.8 8223.31 11941.3 12748 7221.28 27157.1
256288 92924.9 28964.3 27831.6 16359.1 20901.7 11672.5 8832.22 31613.6
390217 50802.1 89289.3 47045.6 32040 27345 28308.1 17454.9 43186.9
88007.3 73462 54140.5 39923.6 9101.5 12690.4 13799.2 6094.7 25415.2
1075640 140191 27321 57567.9 38559.8 25156.3 29516.3 15053.6 49867.9
268764 340458 53707.7 59905.2 23788.2 26067.3 23423 13604.2 48624.8
279827 100437 46757.7 30427.4 22840.8 31631.1 21318.7 14000.7 44102
781541 49436.5 64587.8 31116.8 34258.7 29589.8 26940.2 17201.2 49475
316270 47957.6 45628.8 38851.1 26465.6 19650 20110.1 10604.6 49780.3
72013.4 69803.8 62463.3 109843 44457 44652.6 51212.9 31306.7 88323.6
293086 84405.9 17923.8 20901.4 9478.12 11408.8 9875.66 7756.19 26944.2
180964 98065.3 126742 56751 29883.2 26959.7 31246.2 25938.2 59601
105479 90618.8 58500.8 55113.8 55847.1 56878.9 60778.5 28004.1 65847.2
270120 79579.8 11916 18517.2 6944.26 10234.9 9654.96 5380.75 17395.2
221765 82439.2 45791.1 32323 18899.3 18739.6 19249.8 8924.82 27753.3
315462 67591.5 28407.5 16649.2 11253.4 11416.6 14140.5 6935.55 26855.6
118691 115764 30677.1 28176.2 20361.2 18737.3 17246.7 8159.42 41510.4
494334 276570 41224 38631.6 22593.4 18065.9 16644.9 5276.79 30336.3
294442 49633.1 42153.6 80825.2 41819.9 54388.9 51806.8 19023.8 72961.4
85579.9 101785 46614.7 58094 15476.8 24161.5 23207.8 11091.6 29933.1
352967 106185 28658.2 31752.9 22141.4 30698.7 25695.9 15128.7 44471.3
682306 132581 47082 55265.1 17557.6 17011.5 12274 9176.63 35037.1
225223 58999.4 29583.9 38374.1 15256.7 14424 12336.6 8828.51 12991.6
550127 131028 21057.6 44379.4 22817.2 23639.8 12707.9 10334.9 29754.7
926363 105252 76850.2 50738.3 14498.9 35713.6 25863.3 17402.1 46894.2
1094350 42313.5 47400 33053.9 17028.5 20100.6 15435.9 7210.01 33888.9
94193 74696.2 25874.2 23506.2 10483.3 17130.9 11807.9 10117.9 22142.2
71159.8 26416.7 41508.7 48020.8 51462.7 45380.5 47944.7 18573.6 63882.3
134609 93841.2 77435.3 30659.6 34668.8 24838.1 27128.9 15912.3 45957
522588 44538.8 36093.2 41055.8 37165.7 37408.7 49544.4 19719.7 54311.4
186075 177365 50667.8 74788.8 31150.3 28247.9 30340.2 16038.1 39179.8
470078 31342 67968.8 49441.6 30163.8 25564 29487.2 19020.5 40446.3
58315.2 21123 27053.9 17151.7 5442.85 9676.48 6535.52 4927.94 23159.8
69558.7 92155.2 49320.9 54717.7 37814.7 35126.3 35991.1 13104.1 32873.9
434419 70300.9 42879.6 34411.2 13713.8 14407.2 32523.7 12503.8 58617.2
59766.8 108941 22436.2 26534.5 8806.6 10260.1 11138.3 7683.49 20650.4
421327 196793 48251.8 56209.1 62733.6 47468.7 36583.6 23391.1 61207.6
229808 229034 27385.5 17872.1 9884.76 9816.11 10286 8687.66 21649.3
340615 428986 99133.6 67022.2 21841.6 31847 35636.2 19594.6 59251.9
205086 82260 58746.6 45510.7 22193.5 16484.1 27413.1 11923 44590.8
311956 126823 36545.9 25505.7 18787.9 13136.8 9781.7 7414.65 22591.3
80018.8 29488.8 36349.2 18747.3 12859.8 12902.2 9963.48 7392.78 24243.3
243108 34434.3 31403 35293.5 22345.5 35237.6 28520.2 17718.8 42911.2
325360 124205 68963.4 73847.7 40907 27710.7 33434.9 19564.4 47868
161155 163172 148845 78492.9 21915.8 44336.5 48940.6 30462.5 77717.7
203442 154011 44413.6 39821.1 27803.2 20064.9 17568 12679.5 32952.1
288047 236234 33750.8 41012.8 23633.2 15563.8 13652.3 9031.28 35075.2
161168 88382.5 23984.3 75502.3 22088.4 26799.1 32764.3 13961 49098.2
67115.8 37205.5 19410.9 16445.6 11435.1 10017.9 6495.2 3718.15 18295.9
436733 110376 135701 48314.8 30418.4 32400.9 36736.9 18295.9 46469.3
279866 133064 60002.2 52799.5 17876.3 35105.4 18656.4 9754.62 27092.8
588565 115828 42275.3 33993.9 32777.2 20500.9 24302.4 15160.7 40376.2
261399 57069.1 50128.9 26985.7 8955.17 6677.61 8078.08 3900.42 10908
609312 166914 34708.6 11390 11560.5 12174.7 10699.9 4825.97 18577
251884 102545 41232.3 34580.6 20709.7 17891.7 23777.7 12182.6 37487.1
455307 150579 66916.7 54061.7 71575.3 52255.1 49572.4 25780.5 80076.8
315557 123140 59942.3 53362.8 30585.3 44238.8 49499.4 23481.1 61817.2
446234 130961 21134 62446.4 21433.7 28625.4 23674.6 12940.7 43114.1
414019 101712 39109.3 90618.1 29459.2 40764.7 28696.8 14150.2 48965.1
174668 138256 24358 47529.8 37925.6 20249.9 27329.4 9775.08 37436.8
174058 55383.9 50656 46590.9 31068.8 34470.3 35686.4 19214.5 78695.7
1026370 134685 61744.8 43688.2 26876.7 26673.4 22625.3 17018.9 53965
208820 49101 132780 83561.3 31435.9 64315.1 44334 22858.2 45231.7
169127 55740.3 41674.8 46509.3 13865.9 25367.6 21760 12066.4 34232.7
944094 91514 53427.6 52548.5 36024 50788.6 50141.7 26080 78527.4
255601 31387.6 76146.9 33112.7 25591.6 55136.5 39779.5 22530 50606.1
143151 75027.6 96929.2 42294 29199.3 37191.2 24538.5 14429 40825.5
155979 96486.3 36054.8 5e4 16783.4 22590.6 14774.1 7203.18 22529.9
403768 50638.3 52475.9 28305.1 14457.9 18656.6 27433.8 11273.2 29486.4
188619 57484.7 45195.2 46629.9 27031.9 25908.8 23163.5 13156.8 27380.3
426939 53189.3 49383.3 80794.3 17355.8 23931.9 29583.3 12873.8 42079.5
90642.7 75165.2 82317.6 47291.8 29019.9 28366.5 37989.8 13682.8 25469
148192 116882 87779.1 37393.3 23736.4 24506.3 19907.8 12764.4 34882.1
308720 163047 82465.1 56771.2 20277.1 52444.4 43998 16467.7 62905.6
862530 56772.9 22676.3 26049.8 10299.2 15100.8 14826.3 4408.63 25995.6
212654 208106 46520 26910.8 17331.2 14489.4 22443.4 11789.9 41869.4
88007.3 73462 54140.5 39923.6 9101.5 12690.4 13799.2 6094.7 25415.2
245324 147447 55402.6 47461.4 26112.5 25025.9 27074.5 11903 43565
171063 120379 19841.9 27145.7 24100.6 30704.6 32712 23285.8 60412.1
391371 96027 48929.4 26515.8 18488.2 22747.5 23152 11189 37448
133159 39816.7 36909.5 36728.1 14267.9 17845 13617.6 12818.4 27887.1
1320320 84627 26861.3 38514 28650.5 34782.9 34166 17745.7 49778.1
431014 58347.4 72303.3 65037.9 38526.8 66424.2 72340 36861.4 88059
136771 117971 47688.6 21279.6 30084.1 26449.6 22402.1 11596.6 40021.5
140651 122810 57539.6 19736.5 16572.8 27827.5 28661.6 15613.5 55840.4
474239 181148 54105.8 44288.1 59112.3 96451.2 71187.5 44989.6 122397
624748 224887 33873.4 118221 82839.6 74838.6 75861.1 43470.5 100479
1238050 489907 40807.1 71836.4 48789.4 33807.8 55559.6 27823.5 87894.9
361099 302157 32510.1 33307.4 25218.3 33119.9 22036.7 17119.8 52473.8
257730 162879 43237.3 17465.4 14144.7 19991.2 17609.1 10008 29877.9
199876 191966 82254.2 63129.6 24985.7 31596.4 31058.6 21051.7 61976.2
62130.1 93897.8 65937.1 43575.6 34915.5 24502.5 23897 10349.9 29226.4
513654 66585 33355.7 49614.1 41534.4 48810.2 32164.2 16626 40151.6
361083 190245 60987.2 56216.5 37642.8 28591 29080.1 21675.5 54716.7
338908 225816 62845 77630.7 33058.8 23109.5 22085.5 9981.46 30413.1
583262 144200 53677.5 22388.2 22535.2 37456.8 32229.1 11436 30501
249375 135281 67134.3 46763.9 41158 39110.5 35933.3 19113 62130.2
438078 148935 42813 19826.4 14558 17709.1 14480 5731.5 32172.1
151515 79302.8 24486.1 43891.6 26072.6 18160.5 27410.2 10879.2 33563
605011 193703 59202.5 76907 56196.1 45203.5 43583 19573 42380.5
310381 372288 38925.2 55837.3 32618.3 22966.9 20710.6 8908.2 35218.9
577633 155949 54603.3 38080.8 28705.1 26536.5 33051.2 22052.7 68153.1
796835 63044 18128.2 65079.6 38590.9 38630.1 28129 18870.7 48514
332762 73520.4 80571.6 70414.8 49557.8 43307.1 29571.8 15214.4 42202.2
673846 111294 43518.7 26829 22283.8 29974.2 26862 13531 54594.8
270381 189317 166570 111408 46938.7 43807.3 40621.1 29071.7 74261.4
902135 79809.7 33741.3 71482.1 53252.2 37605 49597.9 24459.1 67688.3
209869 119126 101314 31159.3 21953.3 25670.4 17080.3 15176.1 43452.4
408545 225683 106179 101524 59549.4 69044.9 49338.5 34890.4 59551
323667 165109 35179.7 48173.6 9634.59 20191.1 20081 9669.77 28324.3
96660.4 65660.9 24554.2 20169 15476.3 15387.9 7687.01 5402.22 16995.2
384574 106551 16376 38783.8 20195 17362.3 22836.7 16812 64655.4
495765 508501 63165.7 58440.7 75735.5 47335.4 38917.7 22389.7 79795.3
628546 152572 65606.6 36958.9 31941.9 24800.1 28090.1 17687.5 39676.1
117952 150058 42046.3 47419 27805.7 21969 23727.5 10952.7 39981.5
379686 28312.2 59896 58491.9 27815.9 52341.1 36805.2 18884.9 50542.2
213113 79577.2 48668.6 57625.9 37942.9 29027.9 31063.4 13791.5 54990.8
311502 53093.7 58988.6 23680.8 12488.1 13329.8 9311.72 7398.53 22895
384770 207490 39520 43999.9 24909 43540.8 35034.6 15846.1 46106.3
161406 111213 38841.6 57066.5 38713.6 35338.9 28774.6 18071.9 42944.4
81031.9 325220 96294.4 79734.9 36706.8 39864.7 36708.7 14003.2 47335
1103580 90826.6 25700.3 20770.8 20807.8 16245.7 9021.22 6942.34 22322
181927 118242 53942.7 56247.4 57648.9 40326.4 36571.4 31354.8 64663.2
830206 45738.1 59167.6 51637.7 22078.8 30497.8 26185.9 13764.2 45672.1
1331040 152286 22820 107709 39223.2 55800.8 50498.3 31831 56312.4
154352 72008.8 40483.9 25720.8 16179.8 21741.1 13840.2 8614.81 17989.6
325858 107772 36519.4 73983.4 25271.8 21792.3 31470.4 14412.5 49332.7
100595 104039 45497.1 36400.4 27843.1 29921.2 30838.4 17645.6 51789.2
252374 200108 93305.1 32380.8 28825.1 19117.6 25701 12987 34567.7
338196 103668 7717.63 22689.8 8067.2 10070.5 7927.35 3849.23 17307.5
368741 108280 84832.2 74537 26656.7 28042.4 34465.2 14503.9 43273.2
208480 135466 56976.8 27839.9 25294.8 21886.3 19655.7 12407.6 46852.3
492427 61689.2 82643.9 28878.1 26977.3 17458.1 25378.5 8271.6 25252.4
828945 115417 28731.6 29111.2 15607.9 21684.6 33691.9 16271.6 48629.9
107516 100174 12862.4 51476.7 15305.2 31833.9 18423.4 9467.28 36443.6
1228050 63188.3 56696.3 39088.9 26511.9 22983.5 19483.2 14690.9 34962.9
166017 50198.8 19242.6 57826.9 20839 14337.9 14999.2 7897.91 19410.4
190329 79212.4 53261.3 54897.2 28007.2 31025.7 23608.3 13845 42206.7
621240 231754 51426.4 35441 18155.7 23504.4 22022.5 18578.8 61013.4
140092 134567 126870 94987.4 88343.5 92423.8 129573 49945.1 120345
823160 50544.8 75358.9 31350 30595.5 64838.9 46401.8 24868.7 71926.6
74070.7 97213.9 23924 43715.3 42419.8 33152.6 24161 17472.4 49443.4
282292 113337 27263.7 45824.4 40459.6 31021.5 17526.8 7918.04 20706.9
318841 68254.7 61594.2 62764 15801.8 14618.9 13971.3 12012.5 30040.8
476544 89228.1 81312.8 75247.2 35918.3 21157 38527.4 18960.6 52743.8
252778 110091 38008.8 28405.8 22753.4 34720.8 22317.3 13991.8 45721.6
69947.2 136947 114164 113459 23614.9 41899.5 28009.9 12375.8 37730.5
234381 136756 72679 67028.9 41312.7 35022.7 48756.4 31134.2 75595.1
986245 101681 62093.9 45631.5 41945.4 29010.7 22874.8 18280.4 46947.9
220096 81398.1 62000.6 33344.7 19791.1 13112.9 10248.1 6608.85 26145
186498 143392 33498.5 37224 12734.7 12864.7 13677.8 7260.91 25325.4
217154 76625.1 38263.4 47603.1 39659 43310 25243.9 17528.4 50877.7
120738 94117.8 12639 13023.1 12634.8 15713.6 9917.78 6825.42 33231.8
162706 99274.2 24969.3 36846.2 17656 31615.3 30265.3 15911.9 41007.3
596296 104584 50553.9 50006.2 19802.3 27017.4 23098.3 11933.4 27647.9
305982 61885.6 10454.7 20831.4 11250 11345.9 7395.1 5549.13 9824.88
506122 247692 83921.8 53367.6 61691.3 44376 32977.6 15400.8 51945.5
216061 131398 47575.5 15803.9 24751.8 13484.1 12667.3 7153.18 20970.9
449156 57964.7 57936.8 48239 27528.3 30630.4 31468.6 18426.9 63579.1
461648 55741.5 24923.3 41190 22847.5 22529.3 24854.5 6911.07 24808
272887 161435 37770.1 18984.3 13232.6 17723.1 15145.9 9121.41 33138.1
511203 94151.2 49138.3 51400.2 50020.7 31622.8 42196.5 19660.2 53496
1224560 116593 25209.8 54577.1 22123.4 25576.5 20273.6 12202.2 32151.9
56950.8 80714 67451.1 70635.7 30697 34938.6 25905.6 17407.3 58660.7
322660 54811.6 32498.9 39228.4 27863.4 34717.6 32818.1 15697.5 45447.3
351254 112106 28187.4 23763 20322 17243.2 13728 7347.48 23020.6
54303.3 167743 102074 51781.4 19441.8 46568.2 29228.1 12877.9 38161.6
94557.7 99780 52785.6 50091.1 38649.6 31864.8 41185.2 26272.8 50762.9
75767.9 160327 59810.3 47365 54886.3 60117 47306.6 23427.3 89254.7
496578 123756 69509.6 50826.3 32327 36475.2 28399.2 16797.5 41406.4
211723 27453.7 56401.4 35812.2 8338.82 9271.07 10537.5 3452.51 10675.9
603182 97758.5 33142.4 32592.5 21667.3 14337.1 20542.3 9377.91 30797.5
327249 43496.5 22338 32361.6 26864.2 18273.5 15057.6 8802.77 31130.4
508018 123318 76161.2 60323.1 21038.4 17673.4 17733.5 13550.4 41266.3
755916 76740.7 41466.3 140836 42133.5 45105.3 35381.4 21873.4 66118.1
234028 188202 21979.7 36515.6 12845.2 13623.7 10014.6 8392.12 40383.8
334806 229537 35181.5 28779.6 22304.7 27651.4 17269.2 11991.2 30912.6
261966 150205 67449.9 50037 76921.2 105869 54628.4 44041.6 106139
584467 81067.2 25376.2 66510.5 22551.6 19822.4 10114.6 6426.87 13753.8
928649 179330 13091.7 32231.1 24970.7 20938.4 17327.4 8626.43 18299.5
478839 108229 85736 48514.8 15428.8 27452.2 32036.4 21468.7 55461
55112.8 69753 57219 51796.6 35477 63012.3 46318.3 17250.7 56176.6
456605 128292 39273.7 23065.2 19591.5 22162.5 21719 9941.95 23131.3
1417950 133641 61858.3 90932.1 28774.5 32404.9 34328.7 20606.8 64806.3
40984.9 141566 58102.7 26068.6 15909.7 18106.3 18871.7 10175.6 23677.9
224555 32545 66944.3 36404.9 58535 37682.5 56604.9 31903.2 84430.7
205426 384594 45737.3 10887.3 9378.9 12105 10428.6 6752.21 32185
216265 105093 39095.3 55474.9 57385.1 44619.9 32953 23084.7 57448.7
465709 29516.2 76386.2 46299.8 32351.6 35889.6 23507.5 14169.8 47806.1
116213 75604.6 26543.9 22403.3 10494.9 11212.7 14726.3 7381.39 19920.9
177948 36011.7 29367.2 29932.8 16522.7 18680 10700.1 7896.39 21858.8
327665 126689 73140.6 49276.6 39779.5 20378.3 19085.6 8673.58 28835.4
609826 175609 26536.2 50118.5 19173.3 23161.2 17856.9 12485.8 51595.1
553955 84608.7 36227.3 29049.6 29618.5 43120.9 48591.2 28554.4 52774.8
633021 87768.3 66283.5 78979 64805.6 64160 44236.8 24856.4 52702.7
514446 84792.3 20488.3 23589.1 14833.9 22238.5 18448.6 6496.13 28947
163612 399153 116774 55592.4 30485.3 37478.7 31605.4 12132.5 39744.5
505425 173924 85752.5 56587.2 41872.1 28318.2 24521.7 17718.7 34251.1
51881.6 54644.4 14017.9 13803.2 7630.4 6021.77 6684.91 3030.05 20000.6
685030 107725 28721.3 48669.1 33749.7 36238.6 33927.1 25724.8 47336.8
201613 85826.5 84643.8 87484.6 44035.5 33661.9 40298.5 25172 48887.5
512209 108077 30135.1 43519.6 20318.2 14564.8 17822.7 6791.15 23809.5
237556 23225.4 8048.49 42590.3 22415.3 22718.7 21147.6 9473.26 18314.5
1487100 163222 115261 52273.8 43325.4 60537.5 36135.6 32864.4 65981.2
174790 73203.7 16665.1 58904 18379.4 26694 19218.8 11164 34657.9
309435 77810.4 62467.9 81748.5 43622 28750.5 28878.3 16647 47148.1
315330 76284.6 43210.9 47569.9 25680.4 35685.4 28193.1 13178.4 37278.5
142679 139911 32734.9 17232.3 11805.6 12688.8 14695.3 5862.9 15894.4
983516 140631 48904.9 58082.5 42313.7 41311 33340.2 18917.3 49699.6
142562 193755 39731.5 25088.3 20314.1 21857.7 21201.9 11001.4 44912
315148 84404.7 30038.7 14984.5 9939.54 9563.86 6882.8 4267.18 18766.6
289668 58909.8 34695.5 54829 35092.5 49876 47897.3 25231.4 54495.4
146243 49373.3 79270.1 26188.1 31361.5 34360.1 28477.8 15713.5 47736.1
256283 65344.8 18164.1 25076.2 31573.2 28878 27774 21487.6 51368.7
724308 135525 57354.8 19773.2 19002.5 21779.9 15805.8 12059.5 26497
576726 78872.8 51639.7 49113.5 40053 42067.9 34092.8 22090.9 37738.4
1418630 331409 54222.3 77483 74417.6 73263.6 52467.6 30618 87193.6
674700 78757.8 45804.2 28704.2 29265.6 22057.2 26947 8977.51 34932.9
150530 46928.1 42761.2 21490.9 13246 22471.1 15166.5 6092.54 17682.8
316767 24363.3 37301 36366.6 39082.4 52289.7 39171 29306.4 61819.3
112683 59562.7 72463.2 50632.6 24177 23081.6 20869.6 15103.8 41166.5
193080 70637.8 50009.9 37528.2 31771 28577.7 35003.5 19910.2 76237.7
362296 61514 59282.7 45345.9 26627 30763.1 38398.6 21956.2 61538.1
1166250 183123 71829.9 31779.8 14632.6 27774.6 22264.3 12705.8 31888.9
449768 119202 36528.2 44438.9 19564.9 16949.1 11585.1 6566.79 20120
217656 106213 90472.3 37416.3 20118.2 30633 23156.1 10966.5 32094.1
336576 78524 38163.8 36687.1 29341.4 20853.4 14109.2 6903.16 16439.5
667583 196227 56224.5 46048.4 32426.6 26265.6 24416 10130.6 31992.8
474809 160352 51343.7 64779.8 31316.3 34856.6 32811 13819.5 43396.6
446900 111588 30511.2 31428.1 20841.8 20241.6 20296.3 14312.9 48548
1913860 437013 126031 134350 54120.9 69899 68895.2 40052 84559.9
415248 194357 32192.9 65067.4 40299.2 40100.7 47857.7 21546.6 40691.7
418643 31023.5 40089.5 31553.6 11342.7 8040.17 13205.8 6009.69 26511.3
313317 61862 171939 95647.1 43562.2 58062.5 57985.3 35724.6 74490.1
1100450 33482.6 48625.6 69126.8 32355.9 33604.2 37020.2 19543.1 64678
252503 56605.3 17588.2 8586.45 6702.87 5674.77 5789.24 2070.6 11947.1
196434 69216.2 58173.6 27343.5 16877.6 20753.7 10394.7 5443.87 21733.5
240417 60960.7 48072.1 36558.2 22614.6 13837.2 18846.2 8160.02 32743.4
866479 66054.7 41873.6 98448.5 39141 44826.4 42342.8 14377.1 39303.6
92588 119348 70302.5 72673.7 19734.4 24607.8 34904.7 18314.8 32797.7
109932 95865.9 34817.3 43754.3 24792 26013.3 19730.2 9377.67 39763.7
169105 152478 19917.9 13865.5 8482.45 7163.25 7342.19 3562.95 10488.9
661176 92377.7 56732.2 78645.3 36675.6 65353.9 50919.2 31130.1 101183
1187240 252146 51732.7 50878.4 20129.5 19839.5 13834.2 10868 30576.5
229571 74212 22026.2 19095.3 14061.2 12880 13381.7 8647.84 32757.3
159865 88061.8 107494 65409 44911.8 46424.5 43285.2 30257.7 82103.8
370580 291789 22957 38485.7 20991.4 13173.8 15181.8 8348.65 26371.6
105974 545141 76703.2 95867.7 43447.1 44684.4 34871.7 20926.5 47964
87957.1 90512.1 20113.9 33633.4 14042.8 18270.5 12785.1 9160.62 41588.9
261407 110557 43424.5 51670.2 39033.9 59385.3 44232 29503.1 74518.3
533181 388274 28419 44631.5 28787 26743 26146.8 10399.8 37443.2
21798.5 102362 28887.4 30708.3 13893 19218.9 12019 5887.04 28292.7
83610.9 236368 29612.2 54243.9 20634.8 20374.8 27648.5 13942.6 45030.3
140206 171647 51844.1 68274.6 27890.6 37728.2 27723.4 15564.8 56559.6
792852 41249.5 41072.3 46653.2 15613.2 16596.2 18478.4 9004.15 25210.4
815325 294167 52541.4 44071.1 38750.5 36616.4 44449.4 24707.8 63086.5
706025 124435 40100.4 36146.1 33678.7 20455.9 22658.6 13186.2 23138.6
398323 149307 38678.3 79106.6 48199.6 40610.6 43531.9 26981.1 79844.5
575507 46099 30690.1 81986.7 53003.7 56126.8 44840.7 27920.5 73989.1
395647 40298.6 43205.8 29815.9 11132.7 12056 13489.1 7818.24 29206.9
742432 91463.8 50378.6 39805 48652 53007.1 51412.6 23080.8 60016.5
217608 109276 51160.1 34843.9 9818.76 18450.3 11014.8 8926.45 29005.3
965730 87834.2 27522.7 32317.3 16488.9 19612.9 21854.1 11235.4 33230.2
750550 181711 26648.4 61561.6 31998.5 43031.7 54811.4 41433.7 96998.2
197299 129910 40725.3 90469.3 37167.3 44257.8 33901.6 19711.3 49144.4
234132 41308 40437.3 23001.2 14037 14602.8 15355.7 8293.46 29138
139569 89664.6 60796.6 49782.2 36368.8 36513.2 52275.3 33066.5 74510.3
560133 126020 27135 40242.3 26334.7 26371.3 31100.9 15505.1 47390.6
244807 36347.6 57104.2 28128.8 17113.5 13931.2 19266.1 8193.43 29789.4
67341.1 45969.6 60684.4 31847.6 12054.6 20251.1 17239.5 9527.08 26548.7
736626 183076 49567.8 57229.7 69086 40266.6 33563 18820.4 38290
847011 166406 46914.1 50334.4 24409.5 24746 26496.5 14922.8 57958.1
406331 119638 83453.5 50071.5 43068.7 35786.8 34376.3 19025.3 53280.6
620623 154208 112211 104923 52474.7 37892.9 34990.8 22609 59348.2
174283 123301 19181.9 17912.6 8233.8 12522.4 11634.9 7710.45 21133.5
241590 174091 75585.5 125503 21486.3 33577.7 36769.8 22844.8 50279.7
61480.9 113117 22680.4 43866.6 20094 30460.9 18901.2 8503.92 20974.6
898293 200887 107951 48927.2 36847.9 25789.4 29224.5 13563.9 38062.3
63158.8 62022.6 66134.3 66649.8 32317.1 30048.4 27359.7 14943.6 37201.7
267384 41988.9 22859.1 15871.9 8934.07 13978.7 8876.25 5803.06 22540.7
252110 130333 58296.8 35110.6 38680.9 19114.7 19798.2 7004.99 16523.8
1254590 62214.4 21092 39423.2 26967.1 28711.2 29106.7 11451.3 33790
169906 129348 104277 76853.2 34718.7 48710.2 57565.4 23886.7 56078.2
904438 172017 76231 50149 55514.8 68115.6 72735.4 42347.7 93132.2
235160 100560 18459.5 9542.24 11734.9 10693.5 10125.2 7333.14 24774.2
1082390 118013 25732 41572 18311.2 27973.6 26290.4 11545.8 37321.7
54029 240792 108538 57566.2 44721.5 30853.2 23973 10685.5 36592.2
1012010 269603 95017.4 74359 48298.8 61351.8 50348.6 30382 47703.4
630816 161737 4520.33 10060.2 6430.34 6365.74 6083.49 2817.77 15672.1
615677 81579.8 41129.2 30179 20263 24468.9 16214.5 11353.3 28735.1
250717 87033 35537.5 32779.6 24855.8 25067.4 18806 9278.44 16851.1
134019 80505.8 56606.9 35258.7 44795.8 45508 50890.8 20426.8 54219.2
775531 256169 123461 83017.5 37846.2 66110.2 41336.9 27836.3 62632.9
387371 99665.5 14559.1 31552.9 9960.92 11985.4 12834.6 7880.43 29856.1
1265930 196475 41588 41748.2 25157.2 30467.6 34441.1 17906.3 42788.5
206956 102308 31416.6 21279.9 20964 27603.1 24476.5 11471.5 34667.8
663612 61088.1 41456.5 35687.7 19621.3 29636.2 18668.8 11914.3 33808.3
113214 199984 55444.1 50825.5 35681.5 33718.3 34079.2 24973.6 66915.8
200193 43167.7 16667.6 30359.3 15771 12716.8 15795.9 8292.87 25431.4
795014 170318 73249.6 53031.9 38242.1 29389.9 35650 15351.2 54534.5
365172 173801 6925.48 16338.9 8891.52 9237.63 12986.1 7654.49 24831.1
166903 90335.2 32418.2 13919.2 13410.7 13364.9 8083.91 5979.83 19615.6
208592 97258.9 42676.8 26561.1 18985.2 12725.2 13007.4 7538.33 28474.1
509644 81390.9 41520.7 40061.8 15313.1 18162.1 19219 14735.5 36907.9
236376 74158.1 47012.5 60480 28148.9 34028.5 34586.5 28437 59838.3
766201 61438.3 35022.3 47983.2 33303.7 49815.5 35495.2 22469.6 46603.1
130116 46689.7 23406.3 29601.2 10535.2 10271.7 9384.58 5674.03 21143.1
133514 203494 17505.4 29036.6 19984.9 20838.2 17455.8 11264.1 46765.6
496521 63736 19920.6 19949.3 12791.1 10718.8 12831.8 7991.92 21394.5
129227 206873 70143.8 43342.8 29413.2 49328.7 49465.5 25344.7 55672.5
262053 236206 30572 57217 40137.7 34268.8 40652.8 18761.3 66363.5
562422 129754 85436 47788.9 37501.7 35023.5 36909.2 16993.8 54612.7
1974620 130167 22812.6 81472.2 32898.2 37318.7 36636.9 23577.6 70596.8
368095 122297 47923.6 28138.2 12973.7 26451.8 31386 13609.3 46107.1
66137.6 79813 28714 28181.3 20729.7 22578.4 16122.4 8009.18 29157.1
1314930 67089.4 58186.5 133972 98307 105256 90922.4 60462.7 133335
204529 81173 33030.3 37090.2 11814.2 11172.8 12795.9 6913.96 24459.7
299529 225665 47750.1 35656.2 29282.1 40000.7 32410.9 21194 51462.6
458647 46570.6 38825.1 29571.8 23950.3 28710.9 23447.2 15368.5 34321.2
793208 432532 79520.8 50080.3 68419.2 61529.2 48431.4 26878.7 99271.8
116105 102242 47228.8 42638.4 20132 35042.3 27021.7 14991.9 61324.3
759916 176054 52400.4 58448.9 31991.2 36796.9 29623.3 16893.3 48369.5
321228 46494.4 112623 35738.5 27560.5 25126.3 25712.1 13178.9 36593.4
606631 215339 67076 81938.9 65561.7 43218.4 52717.9 24173.1 49539.7
458567 113304 52865.8 35022.5 23297.1 23258.7 30825.3 14165.5 40956.7
315888 124655 85383.2 25762.5 27933.7 15122.1 12540.1 8256.94 26248.3
404979 119262 23660.9 27074.1 11965.1 16609.9 19205.8 7449.11 30402.7
547808 56500.1 33336.7 56525.4 36267.4 37501.8 32267.9 15394.4 43226.7
102368 53868.7 45909.8 47647.2 18588.2 19093.1 14252.7 6525.74 28374.3
2517580 326251 29059.3 32735.5 19741.3 12506.1 15846.4 8113.1 23164.1
295291 190180 61904.8 47548.4 40897.5 30134.3 34887.1 17962.1 42661.4
396630 47388.5 17799.5 25058.4 14048.6 20038.9 13280.6 9083.3 25942.8
439226 213212 20620.9 48666.8 16099 27694.2 14496.8 7109.16 21715.8
803217 277748 108729 79697.8 70196.4 61425.5 56102.1 37934.3 94031.9
1114430 177121 48750.4 106858 53277.7 54728.1 47920.1 27591.3 56308
197018 95981.2 50541.4 37153.1 16282.8 34124.8 37388.3 16063.8 49095.8
276814 40315.6 33760.4 19842.7 13251 11929.6 11021.8 4679.37 19255.8
72457.9 135635 12073.4 25523.1 18103.4 12635.8 10188.1 6571.17 23065
370525 41249.8 34450.4 61730.8 38256.9 49702 40871.8 22247.5 67979.7
210733 120224 75621.3 56839.7 42467.1 61203.1 44529.6 20231.2 57985
249330 242063 48961.6 54423.3 38867.8 50203.8 32994.6 23700.3 73983.6
107986 164293 76944.7 70620.9 42461.3 41073 41897.6 25739.4 81575.6
242163 311152 83664.2 78089.9 35566.9 55432.1 54202.2 19544.1 63477.7
223495 190755 44815 46966.6 20704.2 24184.1 17909.8 8568.57 22966.1
491098 50470.6 70227.4 56797.7 25170.3 46399.5 38813.9 25800 49434.2
324234 62306.2 22016.8 26951.9 16424 15100.5 16807.7 6653.38 29444.5
405092 34681.4 51732.4 25180.9 13657.1 13523.8 14564.4 7326.69 28507.8
329869 57793.5 88825.6 32879.7 17478.9 15428.5 20543.8 10482.1 24680.9
290859 96403.9 87794.6 67219.9 32423.6 30790.2 35809.8 15418.6 42077.9
311788 121478 11697.3 24189.7 25733.8 22287.9 18761.3 16426 51715.9
193523 73695.9 22977.9 29757.4 9528.95 14582.6 9360.41 5437.67 17215.8
233439 105503 21638 56310.7 24029.4 24030.1 19052.1 13596.7 41454.9
178185 85038.1 64920.8 29994.6 16851.7 24101.7 20279.5 10460.2 28341.4
85830.3 79663 37813 55550.8 26042.9 36598.7 27388.4 17723.1 47639.8
523848 73972.8 49439.4 62227.3 15294.1 34045.1 19588.7 13901 31321.7
712742 24891.6 92054.6 55851.1 24701.8 27003 41681.1 16038.6 89658.6
262677 95385.4 36358.2 15857.2 22956.7 36176.5 24529.4 13253.4 43425
67927 89854.8 83007.5 49165.2 48603.3 40505.9 46584.7 19749.2 72204
42482.9 120966 55819.1 76895.5 32468.8 55064.3 50141.5 23283.8 65290.6
539376 131957 17588.2 43897.1 15902.1 20539.8 20748.3 7905.81 26902.6
336631 118123 29652.9 36771.6 35021.9 21137.1 15982.8 10129.4 49479.9
82329 91279.3 80820.8 29095.8 27384.7 24045.2 19094.3 9407.37 31149.6
598828 245322 52410.2 30081 28506.3 25813 18995.4 9015.42 30942.5
749752 362032 61508.4 71124.5 38115.1 43966.4 50050 22374.5 78930.5
447304 120543 81436.9 48233.2 25266.8 34178.9 29392.9 15466.3 52875.4
85833 220900 45879 55752.9 24239.7 26021.9 27625.2 19606 50376.3
630749 113087 75519.9 72074.8 33289.6 43789.4 49371.2 26578.9 56242.5
266566 193872 39160.6 50958.5 59176 49186.7 30479.9 21204.3 56779.9
771171 218742 49850.4 72546.6 44777.8 43864.5 37325.1 18636.5 59939.9
468812 63858.2 72198.8 40677.6 16134.7 15407.9 11407.5 5025.72 18039.1
385508 46353.5 18402.6 47639.6 22143 21941.3 19953.8 11967 28247.6
849791 109682 114828 41377 30605.6 36962.2 31880.4 17635.4 51920
449064 156096 48743.4 65888.3 19759.8 38782.1 54450.8 28280.3 77034.4
152623 136752 21019.9 38259.6 19812.8 32850.3 27773.1 11765.6 47159.2
1161700 139589 29911.3 66362.9 14548.3 36335.9 27928.1 9207.2 38745
929800 100039 66267.1 39562.6 18287.7 34473.5 29106.7 16061.9 46748.5
318304 53600.9 76442.9 37088.4 31319 25063.4 29140.9 14648.1 30882.5
516874 68596.2 75431.8 55873.1 30651.4 37524.4 37031.7 19303.4 44186.7
162934 59418.1 6500.11 22582.6 14993.5 13459.1 16135.4 6698.97 27441.2
384992 145455 42047.7 65039.7 69286.9 51444.2 68268.7 24727.9 101630
262135 128721 87870.1 31321.7 28187.6 30723 38480.6 21415.9 68199.7
187583 186487 35675.9 58934.6 23402.4 32685.6 24594.7 12854.2 31037.5
282937 173072 38920.5 45272.9 37528.5 30728.3 28526.6 16972.4 48629.9
219796 218321 28506.3 21962.1 16728.6 27096.4 16993.2 8633.64 32998.2
338093 76252 46269.2 48441.1 14569.5 19395.7 22013.1 11471.8 36457.9
408182 96255.7 95195.9 50782.9 29596.8 31634 22804.7 23537.3 41072.3
567900 210476 76873.1 37655.8 37127 31851.1 35623.2 15101.8 51694.9
389842 103102 43097 32065.7 19516 20080.8 18661.6 7747.39 25341.9
265642 117878 99819.8 41938.5 64599.9 53470.3 44821.4 25884.9 60083.6
392613 84177 37590.6 44879.8 32548.3 22966.2 27153.5 11252.1 35814.3
112607 82316.6 81152.9 45867.7 15925.3 36429.8 27700.5 17779.3 56566.4
96634.5 191188 31085.8 33542.4 17669.4 19029.4 13537.1 6429.3 19921.3
438543 176073 54085.5 32414.1 18450.6 19404.3 26613.5 11197.9 29116.1
641396 200659 36258.1 23026.9 23284 29051.9 26424.2 17331.3 47730.1
255010 67213.2 16859.7 24986.1 8177.79 8213.96 5973.59 3302.22 9157.67
901846 175526 13861.3 35257.9 31477.5 44378.5 29653 17024 46396.3
369444 586766 42961 41828.6 20407.4 27062.5 24808.9 12398.1 38394.9
210934 97206.4 34554.7 58945 27732.2 35212 37387.7 23994.5 97795.9
184838 41827.4 35013.9 40776.5 32573.3 39701.2 25446.8 14336 29509.8
190601 48919 60436.6 48593.4 37956 29211.4 31107.9 18625.7 40292.5
139921 85805.7 47096.9 45884.7 33996.1 31444.8 28890.7 18147.8 51411.9
532152 91153.3 34100.3 18272.8 10886.4 11977.3 10473 4249.52 18288.2
242848 27482.6 20380.6 60144.2 15408.7 22475.7 20483.7 15466.4 63981.9
462574 269422 95904.1 45532.5 102904 87401.8 64129.9 36486.9 78260.6
495765 508501 63165.7 58440.7 75735.5 47335.4 38917.7 22389.7 79795.3
236398 59538.7 39626.8 30105.3 14760.5 15361.6 13447.5 7832.94 29802.9
310741 79326.2 11424.2 23341.2 10428.6 7657.08 7873.45 6637.2 21699.1
187262 146994 58401.8 78784.6 28528.9 27977.7 33565.7 15092.8 32003.1
210231 293653 39482.1 42610.8 24034.3 21597 20325.5 9946.49 24577.9
66291.3 256710 21129.5 20062.6 17683.4 16717.9 25103.9 9477 35632.6
555087 590342 115791 50989.4 18916.3 41433.5 35405.4 16592.7 61822.2
419515 46737 80323.9 35298.2 26919 33189 33571.1 29402.2 53570.6
274968 95311 62136.1 54550.7 36037.3 24731.1 21623.8 19653.8 42585.6
442936 57272.9 53818.4 15891.8 15649.4 13553.5 13101.7 8778.98 22330.2
110017 144120 57056.3 82101.1 63351.5 71234.3 97666.4 56693.8 93296.9
283918 46918.5 39545.8 32789.3 20551.5 27833.6 20358 12571.2 36548.3
90828.4 61111.6 28525.6 29700.2 11158.5 14809.6 10998.8 7710.13 18706.9
157166 100303 20266.9 62791.7 13944.3 23403.1 17800.7 10565.3 25622.2
810759 254635 75477.5 69506.9 36429.1 61405.6 40075.1 26139.4 73191.4
90156.2 176291 80382.1 76422.1 35499 66276.2 50723.3 26311.1 59546.2
923752 98344.8 85792 71619 41045.8 61948.4 50499.7 39986.4 66557.9
1838330 126258 32412.2 35157.6 38701.3 23923.9 28368.8 13453.7 38966.3
869299 160257 96185 66668.9 33810.4 37091.8 43020.3 17104 63238
312501 101532 87651.4 44524 27854.7 32330.1 23755.6 19285.8 47922.5
457822 127996 39971.1 52990.9 25933.7 27825.2 34179.7 23351.8 81058.3
129848 154400 76298.8 23214.1 16369.1 14730.9 14113.5 12987.3 33040.1
224537 78872.9 28897.2 31944.8 13319 20892.8 15822.9 9397.28 35187.9
67089.9 117522 86179.1 72650.9 40791.8 41823 37551.4 18229.9 43687.5
862091 69521.7 39884 39183 17150.2 11863.3 11357 9141.6 30076.5
434311 248357 177409 155125 67887.1 121418 65874.9 43061.7 91936.8
496596 410229 57198.1 42386.7 19082.9 20321.1 25027.5 12660.7 42523
180938 40310.4 36444.2 39081.5 28197.6 15633.9 22003.1 9603.58 35833.3
579806 164249 98418.3 41630.2 29698.6 35934.7 25847.5 23286.9 53689.4
269475 235034 59604.5 113576 34143.7 49649.9 48372.6 22492.8 46762.2
475116 48651.9 63332.6 25686.9 15758 20263.9 18218 13123 46297.6
393067 246854 28975 53162.6 44418.4 32487.2 42419.3 22510.2 54131.5
247381 55731.3 19789.1 14556.6 10614.4 18579.3 10903.6 11161.4 29573
398311 422617 50128.8 37923.9 9604.67 20770.9 16295 5679.11 29873.6
283850 190235 48558.4 26739.9 17774.8 27005.8 28565.3 12823.7 36371.4
659115 74343.8 46295.5 35260.6 12119.4 20524 21105.5 13612.1 50048.8
233051 128007 35596.3 20575.9 16003.7 17898.4 19334.5 9305.22 30348.6
268023 260100 61346.1 82949.7 70575.2 85572.2 79783.7 37230.1 129368
212484 38474.6 39182.5 25400.7 7637.47 13985.9 9928.44 6370.8 14941.8
535443 47993 62309.3 57387 45262.7 48400.9 40539.8 20613.1 61781.7
651060 74780.1 103205 53951.1 16535.1 26582.3 20165.4 13836 39378.7
599715 240316 75185 43463.4 57096.1 57139 35076.6 19864.6 51929.8
181434 110697 51302.1 35582.9 20557.8 19018.8 12016.3 7117.58 31710.3
698005 148200 37843 48554.7 42345.8 22064.1 20146.8 9436.87 22702.8
654854 326664 117926 59090.7 89226.3 47646.1 67427.7 36033 97566
926925 202821 42596.9 42210.4 18579.1 19251.7 20102.5 11389.6 33300.5
143479 97946.9 30371.6 43622.5 18753.6 15002.3 16524.2 6572.96 28290.9
416388 73277.8 61282.2 36666.3 42187.4 32923.5 27967.6 17054.8 52061.3
354149 184318 96692.9 92386.7 33472.4 37668.8 42767.5 22577.7 66762.4
278888 33478.8 40640.6 61793.5 21895.6 33010.7 24212.6 9352.04 36761.4
717400 62048.4 33207.5 16285.7 9054.48 11686.1 9059.21 3967.37 22786.7
349859 115289 36408.4 31966 24075.3 51047.7 62375.8 26717.4 77205.2
152531 266959 57321.4 62872.3 25500.6 39408 33391.3 16008.7 44529.7
616476 73650.5 46430.5 51768 33548.1 29789.7 36547.5 20770.5 51513.3
210323 52155.7 43143.7 52862.1 25264.1 29734.3 37098.6 24187.9 65741
286664 45053.2 46459.7 64615.1 36040.4 21816.7 35285.9 22909.6 57320.4
143930 250987 81416.7 53159.9 29491.5 24233.5 29515.1 16108.9 41885.2
189353 131330 82569.7 39564 39507.3 56305.1 38542.7 15534 51935.6
337329 104086 57552.7 68220.4 26982.4 38497.4 56511.2 24427.3 64113.2
147886 18867.1 28324 38895.9 19512 11259.6 9870.53 5341.42 18707.7
134443 105381 55360.5 23905.7 12000.7 15686.6 12406.4 6235.34 27483.2
111987 73205.9 39149.7 51713 24299.2 25743 18950.3 11644.7 17243
75169.5 214020 45701.6 47026.8 22813.8 40301.8 40418.3 23881.4 73320.2
299e3 336234 115641 34310.1 33003.6 29899.1 25526.3 19307.5 34106.7
320425 151089 112324 99633.4 38522.7 49295.6 42736.8 26403.2 66228.1
638215 67851.9 45051.5 56013.7 17923.1 16832.3 20213.9 11536.4 32227.2
72338.8 149658 47174.8 79405.7 41403.4 30064.5 28706.2 14485.3 51213.8
254089 159830 56305.4 77395.5 35722.4 57914.6 67367.5 33616.6 67999.7
90828.4 61111.6 28525.6 29700.2 11158.5 14809.6 10998.8 7710.13 18706.9
267922 144804 24474.8 34653.4 39061.8 30597.8 26764.5 15995.2 31601.5
131100 118860 28472.3 40995.7 34981.1 33247.5 22458 10382.7 27381.3
350792 88200.5 50916.6 35340.8 33999.1 37034.7 34288.7 27359.9 74205.8
523115 148306 35331.7 48378.7 41696.7 55769.2 40965.4 14690.8 47694.5
260136 58015.8 18460.6 66328.3 19134.8 19391.3 19015.3 9968.48 34933
196690 90590.5 110551 49117.4 29642 24405.5 19341.1 11774.4 30440.5
631688 95296.7 38493.9 38741.1 28948.4 24268.9 22463.7 14074.6 33946.5
512784 25607.1 92854.2 43121.2 34565.6 27497.6 30337.5 10271.8 35128.9
127704 39672.5 42761.5 30098.2 23274.6 26351 21101.9 8912.43 26881.3
245009 71787.8 99895.1 107498 16795.8 40202.5 47047.9 21944.7 67972.1
324400 126738 39829 105097 75689.6 69264.3 62699.9 36654.1 64617.9
1381940 102570 79849.6 95358.8 40102.2 46464.1 30412.1 21585.1 54913.3
96972.3 22908.5 34737.8 26936.2 11202.9 16690 9871.17 5807.89 15447.3
41339 70451 40311.3 62518.9 33236.7 28645.1 33924.7 15988.9 45143.4
394009 96278.9 45286.7 81855.7 27680.6 32645.7 27677.3 12810 29324.3
358584 52573.9 80373.7 58361 45493.5 43632.8 49897.6 19456.8 49138.8
159998 133006 45884.6 35303.4 39962.8 24365.4 25082 9861.09 49709
407006 137793 48674.4 33879.9 39486.5 26659.5 19548.6 10011.2 33058.4
437107 181045 46170.8 29762 31736.8 25627.1 28947.4 12640.2 30628.7
52125 93095.1 49070.3 30394.1 28426 29649.9 27898.4 8782.89 25380.5
949219 169922 37583.7 36487.4 24389.9 26962.3 27829.5 16129.5 36277
363272 68823.3 24773 38694.5 41076.5 52268 30323.5 17899.9 34746.1
118565 45809.3 51080.4 26961.6 23307.9 14827.7 13003.5 7145.36 23204.3
402987 55368 182437 151635 117752 74213.8 60443.5 39742.9 96474.8
310292 96622.3 32763.1 23624.3 16634 16055.6 19511.8 13030.8 37774
260982 96787.1 28966.5 41089.4 12816.1 21663 11911.2 8140.69 40560.3
259614 90053.2 51854.9 12429.5 9149.58 10113.8 8171.39 3795.74 16174.2
420581 43449 16329.3 24678.6 40573.3 30064.8 31907.8 15532.9 47484.6
486555 130821 87746.3 65821 43378.4 34305.2 41211.3 32379.8 77435.6
567349 169629 58493.6 40463.9 52545.1 49813.1 64741.1 25243.2 54844.1
535237 554950 53963 78073.3 28783.1 27938.9 22565.8 17066.9 59547.7
417536 133659 125266 47000.3 39760.8 41509.7 25219.2 13503 39516
256154 87989 32619 23569.5 20298.1 18788.8 15707.2 8572.82 22768.5
52076.7 53482.1 125488 41583.5 13313 15564.8 13611 7191.96 19587.1
212147 109465 45372.1 47016.4 36854.3 34515.3 36638 13974.3 57493.1
215864 158346 32931.6 47913.3 36484.5 44930 31461 19752.7 63260.7
431188 216536 44156.7 64722.9 43677.4 40915.5 37560.4 23001.4 71317.1
478641 73046.7 49219.8 23849.3 54983.9 26008.7 35747.5 17820.9 50723.3
301190 77337 49181.8 36585.3 26184.1 19331.6 30584.2 16452.1 50627.9
764787 106669 21975.1 53274.2 17243.8 11928.7 12506.7 7050.78 19047.6
286681 73354.9 30121.1 33625.3 22125.3 29954.6 31022.8 22154.3 49182.7
791862 144408 69418.4 41960.7 65625.6 61326 36389.4 29192.5 60787.4
470760 93625.7 139335 30942.9 61391.8 51614.3 45947.7 35357 83496.1
284869 54786.7 52018.4 35187 28650.8 18135.6 19367.8 12060.1 44236.1
108087 226051 137647 66456.3 54335.7 41056.5 45631.2 19580.4 51448.4
668218 115942 31563.8 52514.1 21992.7 22701.6 15620.2 9466.79 23127.4
445418 33497.3 77563 68204.9 24659.7 31933.5 26569.9 10926.2 29819.7
846841 100565 35471.2 59444.2 22224.2 24534.9 30788.9 11579.7 35715.6
621762 70925.5 12853.3 20820.6 14881.6 15751 19673.9 16412 56453.2
411780 152617 50648.6 28450 14686.1 19774.3 21748.6 8954.79 25563.1
497811 204610 103403 70375.7 77969.7 53790 54555.5 31914.7 83105.1
241584 327938 49115.8 80222.5 54777.3 52460.4 55735.5 14113.5 56430.1
843129 127741 35300.2 32854.4 13791.9 9178.7 9735.05 7487.49 17840.6
376372 35198.4 22958.8 55121.2 28646.4 26665.8 29208.6 10412.4 40353.5
302185 113659 74857.8 48171.8 32667.7 41630.7 29499.7 17095.7 41262.8
267585 63234.4 52736.5 68587.6 50839.3 42493.4 60201.4 38596.1 109419
753666 73864.3 43085.2 52587.6 20422.1 53530.4 35761.7 20247.1 52818
475801 39001.9 37281.9 35544.8 22700.1 22840.6 24935.9 14473 39349.9
701520 353611 120904 47402.7 58647.3 61556.3 52744.3 22179.7 70404.3
767910 98862.5 59486 20602.1 16988.1 19158.4 18468.8 10828 28535.3
787536 67229 51913.1 42673.9 27181.5 23115 29782 15574.2 40845.3
296673 114342 58384.6 63822.7 39076.1 58883.1 45677.1 20912.4 67827
131808 49532.4 28308.8 34678.5 12634.5 17496.1 10901.8 6132.31 21120.3
407388 94643.2 124016 43585.7 45960.5 60608.7 48268 39707.6 66586
80170.9 294612 107744 57686.4 44514.8 45583.1 43625.9 27893.6 82074.7
322443 32059.1 14933.7 17380.4 7963.71 6823.42 6740.99 3831.25 22364.5
395132 162188 56989.2 55789 25403.9 21328.1 27516.9 12810.1 32369
250224 123571 36142.7 53185 16814.9 23587.7 22256.7 10298.6 27983.2
66253.1 179651 19445.2 55471.3 17424 21833.8 18800.7 6855.04 28292.6
182597 223248 217770 106310 59162.2 110032 81340.3 53618.7 103054
241766 100548 53918.6 33578.6 29493.3 26606.5 24349.2 15033.7 41768.7
530717 108479 38253.8 41446 13949.6 28328.6 20973.3 13406.4 28935.6
353341 165235 41227.1 30309.6 27054.2 28693.5 19687.5 12708.6 29267.1
1015190 245061 100572 81297.7 60236.4 69652.4 64573.1 28839.2 95680.4
158987 151904 40752.3 136580 30663.6 24350.4 32561.8 18497 65911.3
493032 108102 15880.1 25328.3 26255.5 15813 15737.6 7106.5 28236.9
148655 126327 47080.1 50477.9 21514 30442.5 31566.2 17569.3 33365.7
642471 35432 25553.8 19622.9 15603.2 22015.7 25527 10191.3 20829.7
284866 191627 66963.7 36937.1 12509.9 21074.5 22119.1 8263.08 28442.3
220054 289739 38719.6 29308.3 36447.8 38493.1 32185.4 16748.5 40156.6
1674370 311038 57015.9 30360.8 17863.4 38152.2 31752.9 15211 37749.1
212459 99193.4 25711.8 68440.6 32402.6 73060.8 52610.8 39201 84319.8
1214580 109156 64303 37166.1 28180.2 22815.3 28827.2 13589.3 25612.5
329646 136338 105620 119154 86684.9 70222.2 102721 50545.6 125711
321924 161254 73075.5 59441.6 31997.7 28651.8 26404.1 16483.3 52865.5
731249 152591 50546.7 25560.3 26317.6 31377.5 25872.3 15795.6 53349.3
889251 130257 37865 65160.1 39132.4 34160.9 58865.5 35067.7 76378.7
460781 180946 64624.8 86077 47774.8 25031.9 36315.1 13427.2 38564.6
134814 75138.8 51961.7 35544.1 10497.6 17040.1 14086.1 8130.41 23888
107023 164045 118355 109242 60696.3 61455.8 76500.7 47565.9 93880.4
150085 137414 34522.5 74780.3 45163.9 57580.6 52443.1 30259.2 81503.3
284967 36718.9 74007.8 98828 27643.8 52129.5 47089.1 26744.8 57402.4
906856 49795.3 57600 88667.1 33515 40242.1 41028.6 23994.5 71495.1
101629 32960.6 27788.8 33719 19671.5 16628.9 14248.3 9487.54 28393.6
275670 145719 60284.5 55188.3 42058.4 62047.3 40335 28520.2 70721.6
1826430 56309.8 36397.2 49737.4 27317.9 26977.5 18960.1 13481.8 22546.2
540803 142350 32802.2 74622.9 74029.9 65592 66981.2 36865.8 79687.1
368e3 40465.9 19939.1 34400.1 14810.4 15483.7 11838.2 7764.98 24669.2
263119 145946 177462 97315.5 140663 162984 151148 88732.1 147916
233390 138056 22930.2 46890 29324.2 36416 32728.6 20059.1 49916.9
337858 183605 46074.3 31065.8 14040 14394.8 13183.4 6228.34 24801.8
963873 88206.2 91791.8 48336 17762.5 33713.4 45005 27625.9 86218.7
773130 103844 33575.7 20255.3 29764 17627.3 13635.8 10214 35151.8
183394 80997.3 50017.5 27863.4 18350.5 16796 16104.3 7572.6 44707
121477 66200.3 44227.4 24409.8 9911.98 7558.59 10706.7 5941.31 19364.6
898873 283119 49263.7 24189.8 24667.9 17354.7 18631.1 9311.42 26128.9
655059 40368.3 33239.2 31274.6 30288.8 23647.5 27966.9 11046.5 38407.8
624524 203838 56052.4 43286.9 38875.7 27698.8 26560.6 15354.2 37559.6
288212 47823.3 21157.5 16202.3 18963.6 12712.5 13141.7 9902.22 30131.5
1112290 53739.1 49168.8 108308 42756.5 48245.1 46419.6 20403.2 69040.2
182850 69339.3 45686.8 44437 23374.9 18327.2 17412.2 10798.4 35473.8
934053 54792.4 47001.7 73005.3 39347.8 39210.5 38431.1 15551.6 48005.9
208479 82800.4 47827.3 42667.5 15419.4 17745.1 14573.2 7590.72 23831.7
357630 213485 40016.6 43766.5 25727.7 16760.5 18759.6 12245.8 33194.7
201238 45755.4 36639.1 24363.1 28038.2 26454.1 21902.4 8526.33 25981.4
340562 88563.8 67099 81171.8 51693.3 34827.7 24862.7 15449.2 40538.4
324431 51948.9 48178.7 24365.3 25319.5 19145.2 22769.7 8301.15 24347.2
234365 84740.3 55277.1 50541.6 22158.9 18697.1 19568.2 8055.5 31381.4
191030 176015 63396.6 66576.5 47935.8 48345.7 33565.3 19059.2 73663.1
418624 219077 99868.3 39140.6 35828.2 31277.9 15167.7 15182.5 43032.7
306346 137408 43242 75022.8 56021.1 51890.7 56076 26789.8 80105.3
757682 132103 47155.8 48279.3 38087.5 48641.1 41030.3 20502.4 64862.8
979414 106907 70435.6 78658.5 28443 30003.6 24417.2 18199.6 48045.2
338796 425061 63464.7 94052.3 37026.6 45242.8 52854 24596.9 55542.2
82059 63156.1 39558.7 33264.6 20335.3 27355.3 23707.1 16653.9 34737
28608.1 91843.5 27889.6 23279.5 10572.8 9104.69 11475.8 5151.67 20427.8
805745 189414 73584.4 94950 46389.6 30534.3 47423.8 19593 62272.3
150431 96509 53150 36519.9 20399.6 40938.9 44824.9 17612.8 39848.9
171599 265135 70526.3 41590.9 36295.4 34829.6 30975.7 16832.5 43703.6
321603 74687.9 43477.5 69322.8 24231.9 29809.5 25657.5 13736.5 39719.8
250066 114868 80861.1 36521.9 20516.4 31934.7 33501.1 16258.5 52576.9
403342 224267 14039.5 23903.1 16722.6 12892.2 12727.1 7106.81 25145.4
327376 99013.9 24670.6 17555.1 9433.09 15433.5 9340.45 4630.43 18326.5
1408860 225312 73899.5 93265.6 34777.7 65468.2 49942 22418.2 57723.5
264460 49536.4 70553.8 29225.1 11144.2 13134.9 10838.9 8238.44 34368.7
102972 102486 47817.9 29209.6 27089.6 32625.1 29748.9 15565 34643.5
191024 101518 111308 103042 27924.6 44913.2 40450.8 29768.6 67182.6
239146 148003 76523.6 72872.6 55608.8 44741.3 51381.9 22814.3 60495
65019.7 412346 50406 29325.5 11863.1 22418.3 12559.4 15120.6 31920.3
354238 62697.6 26077 64617.1 13588.9 16783.5 16610.4 7126.71 25121.3
176267 68285.8 10937.7 10195.6 13111.9 5476.02 6192.26 2613.43 17399.1
327979 18482.7 26057.4 29894.6 16969.2 39414.3 21764.3 13810.3 25659.8
183179 128733 31752.2 52702.5 20535.1 16192.9 21094.8 8397.42 23800
239942 146806 78557.9 35108.7 18208.8 23074.6 19875.8 11630.1 28360.7
632771 138203 67501.9 61067.6 23338.6 43259.3 35195.7 19316.3 42267.2
122327 51588 20236 19246.6 13550.7 22247.9 17085.5 7372.52 20885.7
303352 57644.8 54639.4 63430.9 54544.5 48518.8 54470.3 28372.5 68131.5
305440 46433 21286.2 28729.2 12308 13504 10616.7 5906.24 13428.4
579654 191187 30683.7 25513.7 19322.1 26208.8 19848.5 10916.8 36219.2
475863 119070 16768.1 23787.8 16697.8 13992.1 14655.8 6653.7 23542.7
164994 121536 31511.6 16069.4 20152.2 20590.7 17000.5 15711.3 28456.1
323920 98194.1 30840 51380.6 54189.6 25941.7 27179.1 12959.8 46298.1
203248 63611.3 67226.4 40666.3 24754.6 25750.4 23064.4 13793.3 45373.5
112431 245906 25676.5 33287.7 16819.8 22637.8 16443.3 8584.83 44701.8
263921 136041 155535 59801.6 57784 87695.1 108186 59574.3 111719
828397 383985 82227.4 44328.8 48810.4 16744.7 25545 19554 40152.3
327453 94909.3 41858.2 31345.3 21142 22754.8 19893.9 12012.5 37442.3
685589 88167.2 80409.9 43370.9 52205.3 27376.5 51283.6 19816 72883.1
215999 41311 55600.6 52024 28412.1 21397.5 21132.4 9751.5 26654.1
161292 178260 46330.2 34960.9 14771.4 20552.1 24235.4 10320.8 44369.9
358584 52573.9 80373.7 58361 45493.5 43632.8 49897.6 19456.8 49138.8
496655 155885 64509.6 22155.2 13101.3 22200.5 16169.2 8807.76 30323.3
1461430 283279 142672 61357.2 59684.3 73664.7 58523.5 31559.2 109311
162227 77160.3 35207.6 37943.5 16008.9 21714.2 16579.8 9259.86 31993.4
185989 159800 28350.6 23882.5 19624.2 25551.8 21872.7 6763.76 24149.5
419362 49394.1 34324.3 43178 31682.5 44046.6 39183.1 22534.2 55191.9
1362830 72226.7 30255.6 11415.2 6709.35 10751.2 12728.9 8035.44 20578.9
257105 201573 107062 97200.6 66100.7 61706.1 70477.5 39255.4 67377.2
360466 730881 32770.4 42990.2 38551.8 29136.9 41726.2 24020.2 62864
291239 51519 49565.3 85327.5 36288.1 31058.6 35230.5 16358.6 42634.2
333143 140761 23056.8 50828.8 31429.6 42442.9 54916.1 25779.7 83166
1086650 55085.8 112597 58901.8 31627.8 43390.1 52426.3 30863.1 66799.2
460997 50326.1 17898.1 20069 15290.5 9864.33 12488.1 6128.22 23570.1
189501 145675 110038 32778.5 21973.4 17166.8 20543.1 7758.25 27343.5
648434 66104.2 39348.2 37467.6 30755.3 59181.5 44303.3 18642.1 53010.5
197959 162673 39258.6 26172.5 21321.3 24716.5 22353.3 12349.4 40917.3
361502 172497 29904.8 39823 43190.1 28575 35092.6 18920.8 47855.4
188665 22118.9 31470.7 45105.6 22352.9 24382 22030.7 14978.3 50356.2
315046 134981 40220.9 36705.6 16124.3 19738.6 22759.3 13725.3 37776.1
1553520 146900 40550.5 61362.5 52790.7 33862.3 39684.1 23642.3 59016.5
301049 57142.8 17080 10536.1 9048.58 10379.2 7776.24 4811.96 18940.6
173186 125065 47631.3 48871.6 21775.4 28616.4 24736.5 12261.7 32841
349048 315998 72662.4 160238 60205.9 62557.8 57741.3 29384.5 80351.5
250485 185266 48122.1 47910.2 23898.8 14473 17448 8416.51 34104.2
531768 114504 35805.2 31208.5 17018 17526.6 14707.5 9435.67 29701.1
1037370 38619.4 48848.6 30825.2 20615 33325.5 20468.3 10997.6 29655.8
96088.6 109734 102381 57970.9 45499.8 50229.8 31476.3 13390.3 34941.6
63333.1 76396.3 85231.9 43689.7 54824.8 47626.3 50650.4 26082.3 68134.4
543835 271820 55122 64482.1 25840.8 28279.5 28360.7 12512.5 31679.1
642680 92377.4 20192.7 25354.1 12097.9 11235.4 10221.7 4385.15 15640.8
347947 73095.9 68257.5 40014.8 24986.5 35126.4 27910.4 10117.4 50313.2
293154 178720 71054.3 61757.9 41247 29065.6 35648.3 22667.8 48790.3
380564 109853 39390.4 50047.9 28801.1 18445.5 22302.5 11250.8 39832.4
647227 72100.3 68612.1 42004.7 32253.2 35272.2 34791.2 15421.5 75648.1
392936 68963.5 36476.7 48526.9 16792.3 22792 17902.9 11968.6 29915.5
213539 74278.3 32382.7 29783.5 24431.5 21141.9 18760.7 7759.31 37622
417828 193908 162488 33057.4 32917.2 41529.1 44096.1 13707.6 35964
144867 177078 76473.7 60145.5 25014.4 19030 25762.8 14729.1 50179.3
516426 260106 57064.7 101946 58815.9 37991.2 42966.8 21512.8 47309.3
387963 242960 27880.3 78543.5 51079 26860.1 30285.6 12955 42684
695994 47396.9 37092.7 50500.4 22921.4 28874.6 29434.5 13496.4 31742.8
495159 159967 27457.5 38605 37810.2 22688.6 27081.7 17471.9 73319.3
200752 139537 50793.8 42121.3 23730.6 31527.2 32968.5 18495 45998.6
233767 164156 46543.8 38614.9 38415 32220.9 28506.6 31718.5 69943.3
424214 36478 24811 18312.5 11379.2 8935.04 11258.3 4481.41 16368.7
992121 243707 52227.9 91928.5 45648.3 58922.4 42792.8 16975.5 48101.1
648852 58087.3 82950.4 28206.1 48539.9 39745.2 36106.2 26503.6 62636.5
256443 74443.1 10436.3 18767 10516.1 9682.73 8176.57 5330.86 18570
133566 69443 28522.9 23847.5 19075.3 21686.8 21278.1 6759.46 30646.5
162713 71954.2 50126.1 32515.7 38757.2 31613.3 27039.5 15970.4 26145.2
627835 86351.9 51964.7 86164.4 41658.3 35551.4 41381.8 13189.5 50609.8
335314 43924 140244 48958.6 28936.1 35744.6 43867.5 15005.3 57831
372431 44922.7 49299.8 25224.9 13735.9 14461 16603.9 7892.34 24290.8
293218 325979 88465.7 93693.8 46861.8 37760.7 41420.7 21761.4 54099.9
677025 48747 11652.6 48256.1 16386.9 24921.8 20055.4 9914.2 19615.7
412561 173674 100021 61907.3 66910.2 69178.1 62844.6 26015.2 55870.7
160466 86951.1 21394.4 42312.8 25754.3 22859.7 24470.8 10217 35535
259001 126343 31859.1 28274.4 15329.7 19001.9 16248.5 10413.8 21360.8
906884 138574 29664.8 36652.8 34669.4 37923.9 23389.7 16220.3 34424.6
1008340 209518 91520.7 77853.1 37310.6 28735.7 26219.5 11681.5 44279
359421 49551.8 31052 33183.2 23491.6 20768.1 23624.6 12835.7 35513.1
231189 54069.2 46736.2 79238 39194.4 58154.4 37095.4 19391.6 54555.4
171986 47439.4 55908.3 70252.5 29774.5 27257 26024.6 9837.58 46764.1
489452 127152 53749.5 19483.3 29784.4 21155.6 20166.4 10203.5 24644.2
197299 134036 48208.6 51858.2 22719.2 54750.2 40664.1 26741.8 81804.1
663888 148960 56195.6 93592.5 23211.6 40144.9 36126 18584.6 41551.3
353509 97064.5 30737.8 18898 18199.4 19321.9 20920.8 11605.3 38347.4
851735 177164 35914.9 29216.4 17381.5 20230.7 16202.1 11153.2 31151
136056 206552 90517.9 31615.9 33387 34612.5 23269.2 17167 40622.4
231791 59010 66845.5 37427.7 26308.9 35394.8 34697.4 12270.7 54720.8
414094 116325 128503 51911.3 94830.6 54011.2 63791.4 32291.4 92909.1
129444 68491.1 19412.6 65644 21682.5 28081 36131.2 16840.8 56121.2
327244 64444.6 61718.1 132913 41932.4 50710.7 38067.3 25444.2 59307.9
572249 43151.1 40186.4 29886.5 15456.2 18290.9 19224.7 10344.1 33904.3
156529 191101 14638 54192.3 42897.6 38798.5 45089.1 19517.4 54221.3
118968 198136 61665.4 37667.3 33977.4 24326.3 26640.4 12029.5 28816.9
505750 116688 56359.1 115379 28793.1 50225.9 47634.3 20134.8 42528.3
480272 135346 72753.1 57414.6 58864.7 38799.5 38064.9 22777.2 59293.6
923756 97715.4 64010.5 166175 101341 82772.3 65929.3 50813.6 103906
230053 56314 23190.3 34287.6 25390.2 29587 21089.5 11911.2 30567.6
320807 262867 49736.3 20566.4 19808 16885.7 13664 6594.96 13115.5
389259 64252 56716.5 29124.8 32811.2 18892.7 23157 10857.1 26623.2
187773 218770 54759.7 34521.5 17310.3 22675.5 22365.2 13846.7 27473.8
127905 54261.7 84361.4 34790.8 13424.9 14817.3 17881.3 8416.81 23844.8
250555 178069 34871.4 18767.4 17643.9 12124.7 18205.1 15215.6 29640.4
606198 64201.3 32497.6 29824.8 11962.6 8192.01 7534.48 3557.01 14303.9
703310 154172 66572.1 58252.6 35035.2 36339.6 33047.7 17180 50256.9
465884 157337 53888.7 28839.4 26234.9 19937.6 26198.4 8971.12 27905.2
759695 202970 33919.4 93322.3 36178.6 39701.9 29224.1 13699.9 39785.9
322008 99819.4 22721.2 34905.4 19001.4 20160.6 13728.7 7881.54 25524.7
212998 86445.7 92076.7 42394 15711.3 20196.9 20873.5 12877.5 35873.3
226202 83522.9 51251 43165.3 26300.2 24668.7 30881.7 16291.1 40390.2
206101 180688 61038 43578.2 39055.4 41187 30781.6 18582.3 45446.8
62997.4 66912.3 48636.4 43589.8 22011.3 19537.9 25241.7 9825.44 42016.1
161521 44065.8 25953 44449.9 10692.9 20043.4 14332.4 9314.41 28891.3
404391 48598.1 42214.3 82764.3 57674.4 64744.4 60473.4 37722.7 91517.8
152693 80394.7 18672 24085.2 14819.1 19424.3 18800.1 11308.6 39450.1
384923 192901 42921 25574.1 22046.9 23625.7 22037.7 17891.9 49200.4
432687 115747 10539.5 76228.1 30970.3 32783.7 38905 15718.1 45301.4
149833 60623.6 33759.8 25738.4 10747.1 13318.8 17791.7 7928.73 20089.6
641730 117334 41332.3 56402.6 27393.6 27683.6 35281.7 13871 41694.8
769749 66025.8 16598.9 12987.6 21263.5 17250.7 19819.1 8796.33 32224.2
227794 180440 77672.7 42704 40785 47423.4 58477.7 26757 76591.4
441936 80015.7 50453.4 39083.8 37647.3 31030.7 29230.1 15647.4 31763.5
70754.6 103387 40054.4 25715.8 41656.3 33849 25397.7 18418.1 40474.3
263389 56145.1 44046.4 29594.9 14033.3 17714.7 22702.3 11368.9 47601.7
350003 76232.5 26249.4 50427.6 30715.4 35135.4 32968.3 20829.9 41914
246727 48369.3 43161.9 21578.7 8133.41 8459.41 8656.13 8069.42 22354.8
122006 130818 27466 40899 19486.7 20594.2 17061.2 14873.8 26334.9
253593 148596 88280.9 114295 57447.3 78044.9 65191.8 48281.1 83371.1
357867 129106 24859 20452.8 19494.6 26470.4 26278.2 11936.2 38763.9
405092 34681.4 51732.4 25180.9 13657.1 13523.8 14564.4 7326.69 28507.8
577631 239216 32684.1 25175.8 16873.9 30373.9 28626.6 12901.3 39740.6
845033 111451 38336.4 48385.3 19290.1 32044.8 19946.9 15454 43553.4
260800 67710.1 33676.3 38486.3 29430.1 30439.7 24682.5 14093.1 40110.8
213082 46969.4 34823.1 35897.4 30318.7 28833.6 24210.7 11246.3 37329.3
250846 241843 44449.1 48244.4 36434.8 20365.1 16741.7 11018.7 32717.1
1104100 236035 71702.8 67359.1 35516 34215 26076.7 14534.4 43188.8
239644 14886.2 35510.4 26804.4 9580.22 9610.59 14547.7 5745.4 22584.6
267725 45638.7 27684.8 12885.7 24867.6 23564.8 23957 14658.2 45546.9
220944 110910 21608.7 34207.3 18943.9 17155.5 14149.3 7270.24 20364.1
196234 77473.2 51933.6 37662 23950.6 47465.8 32846.2 17276.4 41092.7
419179 71580 61777.7 71341.3 34553.9 28445.5 27616.6 22735.8 66279.2
465625 179228 36141.2 53050.9 23186.2 31274.7 21025.6 15602.9 48220.8
211344 62537.6 19117 42541.5 20769.4 18432.6 18963.5 13283.8 29728.6
178597 130289 36836.8 43337.3 28478.4 13247.5 21419.8 9355.35 28979
563349 145499 29961.8 55298.6 37450.2 34262.7 31546.8 13024 29607.3
360185 73082.5 41124.4 31994.3 11598.4 16786.6 9017.42 6836.28 19301.4
262206 82756.3 12613.1 29544.4 17140.2 16503.6 13371.5 6708.12 32636.2
276726 66379 33985.1 21584.4 13744.9 12837.6 17054.2 8733.88 25449
748299 87250.8 26860.4 41175 17635.4 23287.4 19059.7 7101.99 15437.4
224045 42492.8 37383.9 38135.2 22951.3 30065.7 26385.9 15659.8 43157.3
612102 150940 73934.1 41101 15746.6 26215.8 18306.3 9407.22 26091.1
43408.7 56358.1 37467.1 27081.2 25244.5 28281.8 28167.4 14544.8 37841.5
155836 158742 62082.3 30965.9 14225.1 25553.7 25359.8 12830.2 59977.9
260415 64914.6 156113 99840.8 34293.6 41864.4 52193.3 31660.4 64524.5
500015 98758.9 51776.3 39157.1 24068.3 42412.3 28650.7 20496.2 69622.4
85454.7 114053 28505.1 45135.7 34912.6 47278.4 36852.2 20005.4 47293.6
506573 126993 29606.9 58278.5 19170.7 22367.3 21099.9 12276.8 36420.2
457977 52280.1 15914 55816.6 34400.3 38708.3 45809 30193.6 67431.2
213022 60657.4 24717.3 53962.7 14827.2 18617.4 25970 14789.5 47838.8
559211 93210.2 17641 39508.4 26875.1 19664.2 20821.8 12905 30798.6
501968 167585 128331 40188.1 28172.9 34316.9 30388.2 16731.8 59491.5
421936 222308 62535.3 71845.7 23211.2 25835.1 21500.5 12323.5 40994.6
1341440 175834 136131 57894.1 44861 40920.3 50605.9 19644.4 44405.8
350378 70194.1 44559.9 39397.2 30466.5 17686.8 20875.1 8905.24 22487.1
395617 124431 47286.4 15911.8 22474 27266.4 16119.7 9485.93 35466.6
169095 36723.4 35053.6 43063.4 38646.1 31040.4 21827.6 12300.5 42228.8
205772 277005 17780.3 51436 17596 22936.9 23233.3 10093.2 34968
205702 225641 65018.6 28841.7 35043.7 47034.2 46205.7 30359.3 68480.8
399929 60252.9 21800.6 28719.6 16119.5 12173.4 11481.6 9529.33 21241.8
283717 324910 72835.1 52902.9 32065.9 34397.2 44885.2 23760.5 75625
593528 170715 18578.1 42947.8 21016.5 18438.4 18218.7 10541.6 30530.9
129450 15172.8 15036.9 22329.9 16720.9 13860.3 10676.8 4261.24 11303.8
63795.8 64075.5 40400.4 16139.6 10236.8 7480.65 8000.44 4875.48 13263.4
1006420 166056 26639.6 13900.2 15784.1 19465.9 18597.5 10134.3 38825.1
138924 53173.6 10812.6 27901.1 19513.5 19335.4 17255.6 5608.99 22310.4
1380190 207637 36609.2 28104.2 27140.7 31946.4 31697.6 23047.6 57574.5
997726 197771 35348.2 42295.9 26900.8 36553 38208.2 19618.1 65680.5
351295 287146 54244.2 49040.3 22743.1 38901.9 28761.8 19937.1 47228.3
88597.9 71581.6 74544 52094.9 35889.8 27397 22288.9 20071.6 67658.6
129029 166266 51332.4 33184 29814.8 17691.9 20592.7 10522.7 29822.9
327553 180955 75175.5 32851.9 26121.3 39701.6 25230.2 17844.8 53357.8
411128 56773.9 172213 60042.2 44559 68466 52047.9 35415.9 88334
229564 182772 56172.7 31455.1 22224.9 21226.8 16561.6 11381.3 44730.9
133560 26498 37913.6 24404.5 12679.3 19302.5 12028.4 7529.22 15479.4
230596 60062.2 33170.3 55750.3 19439.1 20595.8 18941.2 12774.1 30285.2
941233 187099 25742.4 34766.4 16971.9 22934.2 22674.4 15793.7 52761.7
256532 94733.6 54344.5 35459.5 16421.3 24404.5 21661.3 11667.1 45180.3
214144 42229.9 24529.2 20534.1 13012.4 8370.28 11779.6 5653.11 26635.1
793976 113885 46601.3 26660.4 24369.1 19324.7 18986.2 9829.88 27967.5
298627 29792.5 92249.6 37725.1 27156.4 26983.3 27406.2 13075.2 59865
130083 149964 22757.7 31694.3 23420.1 38860.5 25953.1 15536.8 24301.2
242250 44071.9 16950.6 22459.2 17692.1 16638.2 14495.6 11421.8 29671.9
388081 316117 50344.4 49587.7 52240.6 50002.9 42607.6 27336.8 79441.6
322121 84370.9 28606.5 53442.9 29048.8 25580.4 37986 20761.8 41078.4
631267 137077 29457.7 39328.8 34796.1 33292.1 25818.4 13813.7 36830.1
399243 161952 82126.6 53825.9 17446.7 28704.9 34810.6 12134.2 41865.4
353561 92308.9 64554.5 30848.8 41791.5 39022.7 33878.6 28529.5 57474
501508 96119.7 25223.3 74251.3 44601.7 26553.5 28712.2 19436.1 55696.6
515670 107821 88864.7 71926 39562.6 52519.5 64951.7 31929.4 90702.9
334661 301759 35902.1 53398.8 42851 33737.5 37572.5 16156.6 49050.8
146818 89832 18643.5 37514.1 13515.2 14801.6 14711.3 11854.5 38708.6
315665 230347 70276.9 61073.9 42284.4 50049.7 52937.4 27475.6 87871.6
498636 102747 22919.7 36332.4 15116.6 10315.4 6641.2 4232.22 18978.6
354717 147915 54826.6 19456.6 10374 8066.84 8297.17 5124.11 22796.9
181308 103063 9755.61 20577.1 8869.87 7127.92 10201.3 4376.73 18378.5
84625.6 68442.5 44780.7 47884.8 27132.3 26626.3 21794.2 10819.4 31692.7
720776 165909 57981.4 73492.5 34652.7 43871.8 29398.7 24633.6 54589
199750 49954.7 59635.5 37221.7 37719.4 25055.6 24182.6 17804.7 54445
144925 67410.7 61457.5 45705.5 33825.3 48335.1 38609.8 25692.5 60232.6
389084 71733 25126.1 20499.9 16822.3 16639.6 22605.5 12155.2 27810.3
110939 150464 27167.9 19637.2 8506.62 10797.8 7302.73 3958.78 20233.8
109625 31370.3 51448 32809.2 24445.6 24995.8 25651.5 15975.3 44964.8
309097 97381.4 36005.1 39229 14781.8 11138.4 15690 7311.47 39097.6
229755 182667 22133.5 39826.4 48468.1 40312.6 25955.8 19859.7 65783.1
532765 62633 48056.2 42330.7 28056.4 28988.2 24046.2 19342.4 62377.9
370134 85477.3 65936.8 34139.2 23319.2 27853.2 27742.7 14909.9 34983.5
204745 159395 65221.7 87410.5 65730.4 53158.2 69777.7 42273.9 114780
584418 93709.2 31957 29239.7 29479.8 21833.9 34650.8 15369.5 46345.6
606782 262182 49281.2 49437.1 9355.31 10562.7 22783.4 13083.8 38192.2
67880.8 84536.1 21881.3 30419.4 9577.33 15796.3 17610.3 11745.3 44306.3
114872 33180.3 81611 95338.6 56053.7 54617.3 38744.3 16409.1 48128
942864 123187 52134.9 73208.9 36066.5 28531.1 36508.4 14087.4 60120.3
1059210 209232 61238.8 36927.6 19925.8 27826.1 32068 21575.3 57116.7
458645 93866.2 41261.8 67431 29428.9 22856.7 28610.7 13871 28047
313120 94254.8 36383.6 40729.6 16235 16318.8 24069.2 8562.5 24482.7
214705 95853.3 12940.1 27337.8 10894.1 12527.1 7454.62 3887.99 10883.2
238824 93017.9 54110.4 60581 26777.9 36037.5 30624.2 12485.9 44357.3
194739 47694.1 30192.8 26936.1 10081.8 11784 9581.34 6049.79 29530.3
402203 117094 37636.8 46059.1 22426.7 13894.4 18355.5 8753.78 30670.9
150283 349820 90985 59195.1 49804.4 40691.4 40584.4 30272 84425.2
178893 259827 46176.6 20675.4 29003.4 18658.7 15651.8 8327.82 30349.8
1272050 200551 203411 110281 100107 94370.9 72211 34152.6 64598.5
356170 511550 64507.1 51111.3 24820.2 19816 22257.9 14565.7 37884.5
314852 38262.6 46019.2 68138.8 21078.8 46576.6 23659.3 15054.8 55098.8
120916 81872.5 46401.1 22139.3 18764.5 21899.3 21247.3 12618 45438.8
290351 287609 44813.4 36516.5 28195 41356.1 30260.1 21178.5 62843.5
369942 226403 69097.5 40024.4 38176.2 41001 35216 17187.5 40811
430282 439029 63393.8 93122.6 39602.5 58420.2 31693.9 19751.5 72346.7
140691 66059.1 51392.6 17751.6 15427.4 19613.7 19777.6 12331.7 25263.9
777989 85034.7 48193.7 70310.4 15178 36591.6 29773.3 18399.9 53854.1
214909 118366 113417 44956.8 25056.8 27389.2 24664.6 14708.1 33135.6
116226 87535.5 73157.5 33963.9 22414.2 29083.7 25879.7 15014.4 38036.3
1211870 324401 60346 39454.5 36806 35118.9 32275.9 13559.5 33565.2
103283 36830.9 15041 45824.4 12193.5 9030.37 12293.5 7716.8 20905.7
403609 275700 26555 40845.1 33948.4 34759.1 27805.7 12458 30182.8
189850 239387 34034.9 61292.5 37572.8 34698 31856.6 17344.6 66263.9
361532 88494.8 31804.1 39446.1 18612 14450.2 11374.3 7026.89 22266.8
802692 69706.1 53319.5 23304.6 22945 37599.3 37109.9 19074.4 57124.1
162526 84676.3 69439.8 48594.7 31426.7 22481.4 24247.2 15888.7 38346.9
54865.7 176601 47236.8 29358.5 30127.3 23938.7 30731.7 20104.2 66522.6
898019 103950 34674.1 24487.5 20014 11230 16970.1 7351.32 23757.1
286397 146979 58997.6 91679.3 25878.8 26357.8 35847.3 15447.8 36314.5
209741 130940 83374.9 70071.7 28245.5 42002.7 57988.4 21779.5 54440.7
522143 38215.5 27269.6 25075 15622.7 18807.1 11200.3 6413.38 28881.3
235504 58615.5 11215.2 8857.97 8119.73 7831.01 8171.63 5070.24 18388
180950 73807.5 28273.9 13743.8 11915.3 20154.5 16247.7 11377.6 60757
197614 208367 33094.6 62469 59351.2 45852.1 40361.6 22982.5 75749.1
460239 73916.4 73659 61094 29634.8 27553.2 39552 20732.8 65039.8
583783 67521.9 47211.1 66323 22055.4 25337.2 18326.4 11217.7 31958.5
173482 96286.3 52466.5 23324 20721.1 17369.4 16858.5 6614.9 19457.5
178457 405459 44818.5 89550.3 51629.3 33641.4 32332.5 19468.8 45265
405800 84052.7 58318.4 76717.4 28402 47149.9 32259.9 16679.3 57314.8
572841 196660 53724 40792.1 28428.1 32758.5 28982.6 18771.8 45339.9
188436 155017 77354.8 52455.8 38081 62358.8 62017.3 35698.4 126217
136093 94935.9 7871.29 14196.2 8728.2 8480.01 6684.98 4851.72 19296.8
839320 109783 61009.7 65304.2 29471 46620.7 25144.4 12190.2 27497.9
292474 76489.9 29917 22169 17090 9846.95 16696.8 7441.74 22944.4
235172 84324.2 49243.2 28951.6 18205.8 16470.2 18906.9 11884.5 31908.9
293433 146529 29168.7 91437.3 46103 18708.1 36673.2 17492.7 63688.9
132561 55084.4 36537.7 35331.3 14376.7 13694.3 10581.3 5523.64 13503.5
687372 154213 90119.3 42276.8 20535.3 26924.3 28249.4 14578.7 40026.7
357867 129106 24859 20452.8 19494.6 26470.4 26278.2 11936.2 38763.9
475116 48651.9 63332.6 25686.9 15758 20263.9 18218 13123 46297.6
458981 91098.4 66113.4 42587.3 14019.4 19459.7 15272.5 9177.79 26157.3
481765 108182 26042.5 32719.4 29001.1 22410.7 25052.1 12581.9 37053.8
413305 145441 24470.2 81365.8 37377.4 39607.8 41737.3 26810.2 45638.2
988425 141528 30228.3 38733.4 30686.8 29976.5 29777.9 19496.9 49515.1
102029 60856.5 47525 34666.3 24404.2 25954 17795.2 8079.4 30515.3
162143 79008.4 14161.3 17546.6 4944.93 5733.63 6542.13 2025.72 9589.59
237187 327156 114596 112777 36843.8 92598.4 66279.8 37183.4 98931.8
230215 96028.4 34262.2 37346 16483.8 22325 17289.2 10440.1 38128.6
602437 82817.7 84270.1 47077 42505.6 52634.6 46564.9 23571.1 73640.9
445562 115292 55586.5 87424 27547 30792.3 37487 12246.5 37744.6
205655 99667.7 49302.6 40825.1 15710 17126.5 17121.6 6175.4 23976.1
285252 70053.1 45756.5 17946 16528.7 14196.8 11426.4 6488.99 24924
217813 93057 32329.9 29816.9 29706.5 16408.8 18191.4 9759.36 32702
701423 135420 35145.9 22892.6 7478.55 17569.3 15828.9 9965.64 47539.9
818349 86958.2 60461.8 25491.9 22255.2 22241.7 24756.6 14787.5 63789.1
247123 182736 25943.7 102816 40494.7 26662.1 23225.5 11424.4 37244
122267 30059.3 40839.8 51113.6 36989.5 27638.1 27632 19584.7 32234.6
141134 97976.8 9359.65 44019.9 13553.9 32200 22584.3 10422.2 59140.1
173942 197461 36663.5 31026 30043.7 33316.6 35659.9 15865.6 50408.3
216275 57076.9 41621 72499 24384.6 33977.4 20761.4 12787.3 38616.3
597146 146170 61232.3 42276.6 37391.3 64099.2 59920.3 22183.2 85331.9
215157 114661 26202.2 34358.4 30322.6 22754.9 23894.2 14473 48082.2
203313 145578 65116.3 55692.2 26081 24196.7 16928.3 12650.2 34868
218425 72879.1 37079 40125.3 15560.6 23482.1 19518.6 7964.9 18348
249777 33091.8 23859 57144.1 24064.7 22982.1 25844.8 13562.9 42301.4
788600 200472 63058.2 42703.3 27570.1 30037.9 13771.3 12657 36399.5
373350 169360 44811.9 52184.3 25220.6 28501.3 28113.7 13463.3 40631.8
255009 160811 53374 40124.1 16407.6 13727.1 13025.5 6659.74 18490.1
243788 86542.3 40953.2 43316.7 30878.8 28452.2 22278.6 19450.5 29086
383319 188066 53317.2 45915.6 16753.4 27803.3 26520.4 13880.6 32037.1
77942.7 35662.1 124898 36651 35194.5 33170.7 31002 22334.6 79854
433859 136902 59664.3 82249.8 27046.5 54588.3 43048.1 21825.1 53828.4
308355 158726 19296.5 59754.9 35415.7 34507.2 30611.5 9661.46 35375.8
34310.4 123407 45323.9 46138.8 21803.6 22621.6 27115 13090.2 38492.6
174226 70684.5 10275.4 22832 7623.96 8119.9 11553.6 4693.88 17217.5
399022 157787 29111.3 30446.5 9634.91 15670.1 15285.1 6108.24 15147.8
243644 89599.4 22466.7 41186.4 16347.2 19361.6 19846.6 11543.3 42453.4
135366 30624.1 54607.1 22643.8 14030.2 19508 19134 8596.95 28600.3
491293 118217 50584 52866.5 54535.5 33936.7 31447 16728.2 44120.3
