Celtic Sea Herring Catch in Numbers (thousands)
1 2
1958 2018
2 10
1
        1642        3742       33094       25746       12551       23949       16093        9384        5584
        1203       25717        2274       19262       11015        5830       17821        3745        7352
        2840       72246       24658        3779       13698        4431        6096        4379        4151
        2129       16058       32044        5631        2034        5067        2825        1524        4947
         772       18567       19909       48061        8075        3584        8593        3805        5322
         297       51935       13033        4179       20694        2686        1392        2488        2787
        7529       15058       17250        6658        1719        8716        1304         577        2193
          57       70248        9365       15757        3399        4539       12127        1377        7493
        7093       19559       59893        9924       13211        5602        3586        8746        3842
        7599       39991       20062       49113        9218        9444        3939        6510        6757
       12197       54790       39604       11544       22599        4929        4170        1310        4936
        9472       93279       55039       33145       12217       17837        4762        2174        3469
        1319       37260       50087       26481       18763        7853        6351        2175        3367
       12658       23313       37563       41904       18759       10443        4276        4942        2239
        8422      137690       17855       15842       14531        4645        3012        2374        1020
       23547       38133       55805        7012        9651        5323        3352        2332        1209
        5507       42808       17184       22530        4225        3737        2978         903         827
       12768       15429       17783        7333        9006        3520        1644        1136        1194
       13317       11113        7286        7011        2872        4785        1980        1243        1769
        8159       12516        8610        5280        1585        1898        1043         383         470
        2800       13385       11948        5583        1580        1476         540         858         482
       11335       13913       12399        8636        2889        1316        1283         551         635
        7162       30093       11726        6585        2812        2204        1184        1262         565
       39361       21285       21861        5505        4438        3436         795         313         866
       15339       42725        8728        4817        1497        1891        1670         335         596
       13540      102871       26993        3225        1862         327         372         932         308
       19517       92892       41121       16043        2450        1085         376         231         180
       17916       57054       36258       16032        2306         228          85         173         132
        4159       56747       42881       32930        8790        1127          98          29          12
        5976       67000       43075       23014       14323        2716        1175         296         464
        2307       82027       30962        9398        5963        3047         869         297          86
        8260       42413       68399       19601        8205        3837        2589         767         682
        2702       41756       24634       35258        8116        3808        1671         695         462
        1912       63854       38342       16916       28405        4869        2588         954         593
       10410       26752       35019       27591       10139       18061        3021        6285         689
        1608       94061        9372       10221        4491        2790        5932         855         508
       12130       35768       61737        3289        3025        4773        1713        1705         474
        9450       79159       22591       36541        3686        3420        2651        1859         842
        3476       61923       38244        7943       16114        2077        1586        1507        1025
        3849       37440       53040       31442        8318        6142        1148         827         603
        5818       41510       27102       28274       13178        3746        2675         597         387
       14274       34072       36086       14642       15515        8877        1865        2012         551
        9953       77378       18952       12060        5230        6227        2320         662         578
       15724       62153       35816        5953        4249        1774        1145         466         386
        3495       26472       18532        5309       1416         1269         437         154         201
        2711       37006       24444       14763       5719         3363        2335         388         542
        4276        9470       46243       21863       8638         1412         473         191          75
        15419      30710        5766       18666       7349         1923         435          77          60
        1460       33894       10914        2469       6261         2331         561          57          48
        8043       11028       36223        5509       1365         2040         410          56           4
        1288       12468        8144       15565       2328          518         321          58          11
        10171      4465        12859        4887       8458          971         279         247          80
        2468       20929        8183       15917       4846        10080         919         273         321
        6384       17151       33453        7301      13087         5347        5165        1089         141
       11712       62528       44819       37500       6303        11811        5549        3540         347
        6191       30471       42133       22649      16687         3305        5463        1778         535
       16664       24120       39102       33320      22450        11165        3047        2774        1022
         286	   12247       23835	   32140      27382        19861        9820        4207        3279
        2023	   9822        25030	   22800      25310	   22447       10484	    4684	1464
        707	   14144       31912       16004      10718        8963         6722        2401        1473
       1654	   7646        20545	    5974       2296	   1011          264        380         188




