Proportion Mature at Year Start
1 6
1958 2018
2 10
1
  0.5  1.0  1.0  1.0  1.0  1.0  1.0  1.0  1.0
  0.5  1.0  1.0  1.0  1.0  1.0  1.0  1.0  1.0
  0.5  1.0  1.0  1.0  1.0  1.0  1.0  1.0  1.0
  0.5  1.0  1.0  1.0  1.0  1.0  1.0  1.0  1.0
  0.5  1.0  1.0  1.0  1.0  1.0  1.0  1.0  1.0
  0.5  1.0  1.0  1.0  1.0  1.0  1.0  1.0  1.0
  0.5  1.0  1.0  1.0  1.0  1.0  1.0  1.0  1.0
  0.5  1.0  1.0  1.0  1.0  1.0  1.0  1.0  1.0
  0.5  1.0  1.0  1.0  1.0  1.0  1.0  1.0  1.0
  0.5  1.0  1.0  1.0  1.0  1.0  1.0  1.0  1.0
  0.5  1.0  1.0  1.0  1.0  1.0  1.0  1.0  1.0
  0.5  1.0  1.0  1.0  1.0  1.0  1.0  1.0  1.0
  0.5  1.0  1.0  1.0  1.0  1.0  1.0  1.0  1.0
  0.5  1.0  1.0  1.0  1.0  1.0  1.0  1.0  1.0
  0.5  1.0  1.0  1.0  1.0  1.0  1.0  1.0  1.0
  0.5  1.0  1.0  1.0  1.0  1.0  1.0  1.0  1.0
  0.5  1.0  1.0  1.0  1.0  1.0  1.0  1.0  1.0
  0.5  1.0  1.0  1.0  1.0  1.0  1.0  1.0  1.0
  0.5  1.0  1.0  1.0  1.0  1.0  1.0  1.0  1.0
  0.5  1.0  1.0  1.0  1.0  1.0  1.0  1.0  1.0
  0.5  1.0  1.0  1.0  1.0  1.0  1.0  1.0  1.0
  0.5  1.0  1.0  1.0  1.0  1.0  1.0  1.0  1.0
  0.5  1.0  1.0  1.0  1.0  1.0  1.0  1.0  1.0
  0.5  1.0  1.0  1.0  1.0  1.0  1.0  1.0  1.0
  0.5  1.0  1.0  1.0  1.0  1.0  1.0  1.0  1.0
  0.5  1.0  1.0  1.0  1.0  1.0  1.0  1.0  1.0
  0.5  1.0  1.0  1.0  1.0  1.0  1.0  1.0  1.0
  0.5  1.0  1.0  1.0  1.0  1.0  1.0  1.0  1.0
  0.5  1.0  1.0  1.0  1.0  1.0  1.0  1.0  1.0
  0.5  1.0  1.0  1.0  1.0  1.0  1.0  1.0  1.0
  0.5  1.0  1.0  1.0  1.0  1.0  1.0  1.0  1.0
  0.5  1.0  1.0  1.0  1.0  1.0  1.0  1.0  1.0
  0.5  1.0  1.0  1.0  1.0  1.0  1.0  1.0  1.0
  0.5  1.0  1.0  1.0  1.0  1.0  1.0  1.0  1.0
  0.5  1.0  1.0  1.0  1.0  1.0  1.0  1.0  1.0
  0.5  1.0  1.0  1.0  1.0  1.0  1.0  1.0  1.0
  0.5  1.0  1.0  1.0  1.0  1.0  1.0  1.0  1.0
  0.5  1.0  1.0  1.0  1.0  1.0  1.0  1.0  1.0
  0.5  1.0  1.0  1.0  1.0  1.0  1.0  1.0  1.0
  0.5  1.0  1.0  1.0  1.0  1.0  1.0  1.0  1.0
  0.5  1.0  1.0  1.0  1.0  1.0  1.0  1.0  1.0
  0.5  1.0  1.0  1.0  1.0  1.0  1.0  1.0  1.0
  0.5  1.0  1.0  1.0  1.0  1.0  1.0  1.0  1.0
  0.5  1.0  1.0  1.0  1.0  1.0  1.0  1.0  1.0
  0.5  1.0  1.0  1.0  1.0  1.0  1.0  1.0  1.0
  0.5  1.0  1.0  1.0  1.0  1.0  1.0  1.0  1.0
  0.5  1.0  1.0  1.0  1.0  1.0  1.0  1.0  1.0
  0.5  1.0  1.0  1.0  1.0  1.0  1.0  1.0  1.0
  0.5  1.0  1.0  1.0  1.0  1.0  1.0  1.0  1.0
  0.5  1.0  1.0  1.0  1.0  1.0  1.0  1.0  1.0
  0.5  1.0  1.0  1.0  1.0  1.0  1.0  1.0  1.0
  0.5  1.0  1.0  1.0  1.0  1.0  1.0  1.0  1.0
  0.5  1.0  1.0  1.0  1.0  1.0  1.0  1.0  1.0
  0.5  1.0  1.0  1.0  1.0  1.0  1.0  1.0  1.0
  0.5  1.0  1.0  1.0  1.0  1.0  1.0  1.0  1.0
  0.5  1.0  1.0  1.0  1.0  1.0  1.0  1.0  1.0
  0.5  1.0  1.0  1.0  1.0  1.0  1.0  1.0  1.0
  0.5  1.0  1.0  1.0  1.0  1.0  1.0  1.0  1.0
  0.5  1.0  1.0  1.0  1.0  1.0  1.0  1.0  1.0
  0.5  1.0  1.0  1.0  1.0  1.0  1.0  1.0  1.0
  0.5  1.0  1.0  1.0  1.0  1.0  1.0  1.0  1.0