Celtic Sea Herring Mean Weight in Catch (kilograms)
1 3
1958 2018
2 10
1
   0.096   0.115   0.162   0.185   0.205   0.217   0.227   0.232   0.230
   0.087   0.119   0.166   0.185   0.200   0.210   0.217   0.230   0.231
   0.093   0.122   0.156   0.191   0.205   0.207   0.220   0.225   0.239
   0.098   0.127   0.156   0.185   0.207   0.212   0.220   0.235   0.235
   0.109   0.146   0.170   0.187   0.210   0.227   0.232   0.237   0.240
   0.103   0.139   0.194   0.205   0.217   0.230   0.237   0.245   0.251
   0.105   0.139   0.182   0.215   0.225   0.230   0.237   0.245   0.253
   0.103   0.143   0.180   0.212   0.232   0.243   0.243   0.256   0.260
   0.122   0.154   0.191   0.212   0.237   0.248   0.240   0.253   0.257
   0.119   0.158   0.185   0.217   0.243   0.251   0.256   0.259   0.264
   0.119   0.166   0.196   0.215   0.235   0.248   0.256   0.262   0.266
   0.122   0.164   0.200   0.217   0.237   0.245   0.264   0.264   0.262
   0.128   0.162   0.200   0.225   0.240   0.253   0.264   0.276   0.272
   0.117   0.166   0.200   0.225   0.245   0.253   0.262   0.267   0.283
   0.132   0.170   0.194   0.220   0.245   0.259   0.264   0.270   0.285
   0.125   0.174   0.205   0.215   0.245   0.262   0.262   0.285   0.285
   0.141   0.180   0.210   0.225   0.237   0.259   0.262   0.288   0.270
   0.137   0.187   0.215   0.240   0.251   0.260   0.270   0.279   0.284
   0.137   0.174   0.205   0.235   0.259   0.270   0.279   0.288   0.293
   0.134   0.185   0.212   0.222   0.243   0.267   0.259   0.292   0.298
   0.127   0.189   0.217   0.240   0.279   0.276   0.291   0.297   0.302
   0.127   0.174   0.212   0.230   0.253   0.273   0.291   0.279   0.284
   0.117   0.174   0.207   0.237   0.259   0.276   0.270   0.270   0.275
   0.115   0.172   0.210   0.245   0.267   0.276   0.297   0.309   0.315
   0.115   0.154   0.194   0.237   0.262   0.273   0.279   0.288   0.293
   0.109   0.148   0.198   0.220   0.276   0.282   0.276   0.319   0.325
   0.093   0.142   0.185   0.213   0.213   0.245   0.246   0.263   0.262
   0.104   0.140   0.170   0.201   0.234   0.248   0.256   0.260   0.263
   0.112   0.155   0.172   0.187   0.215   0.248   0.276   0.284   0.332
   0.096   0.138   0.186   0.192   0.204   0.231   0.255   0.267   0.284
   0.097   0.132   0.168   0.203   0.209   0.215   0.237   0.257   0.283
   0.106   0.129   0.151   0.169   0.194   0.199   0.210   0.221   0.240
   0.099   0.137   0.153   0.167   0.188   0.208   0.209   0.229   0.251
   0.092   0.128   0.168   0.182   0.190   0.206   0.229   0.236   0.251
   0.096   0.123   0.150   0.177   0.191   0.194   0.212   0.228   0.248
   0.092   0.129   0.155   0.180   0.201   0.204   0.210   0.225   0.240
   0.097   0.135   0.168   0.179   0.190   0.210   0.218   0.217   0.227
   0.088   0.126   0.151   0.178   0.188   0.198   0.207   0.227   0.227
   0.088   0.118   0.147   0.159   0.185   0.196   0.207   0.219   0.231
   0.093   0.124   0.141   0.157   0.172   0.192   0.206   0.216   0.220
   0.099   0.121   0.153   0.163   0.173   0.185   0.199   0.204   0.225
   0.090   0.120   0.149   0.167   0.180   0.183   0.202   0.209   0.208
   0.092   0.111   0.148   0.168   0.185   0.187   0.197   0.210   0.224
   0.082   0.107   0.139   0.162   0.177   0.190   0.185   0.204   0.229
   0.096   0.115   0.139   0.156   0.185   0.196   0.203   0.211   0.226
   0.089   0.102   0.128   0.146   0.165   0.184   0.195   0.202   0.214
   0.080   0.130   0.134   0.151   0.159   0.174   0.203   0.215   0.225
   0.077   0.102   0.142   0.147   0.158   0.168   0.181   0.208   0.252
   0.093   0.105   0.127   0.151   0.155   0.165   0.174   0.186   0.198
   0.074   0.106   0.123   0.141   0.166   0.162   0.170   0.171   0.229  
   0.091   0.120   0.144   0.156   0.172   0.191   0.194   0.199   0.224
   0.078   0.122   0.146   0.160   0.169   0.185   0.187   0.197   0.211
   0.076   0.111   0.131   0.145   0.158   0.159   0.163   0.178   0.190
   0.070   0.104   0.127   0.141   0.154   0.161   0.167   0.180   0.179
   0.072   0.094   0.124   0.138   0.152   0.157   0.164   0.164   0.171
   0.062   0.101   0.122   0.142   0.153   0.164   0.170   0.166   0.180
   0.067   0.100   0.127   0.140   0.153   0.161   0.163   0.179   0.176
   0.071   0.102   0.122   0.137   0.143   0.151   0.158   0.167   0.182
   0.061   0.095   0.119   0.131   0.140   0.144   0.151   0.157   0.162
   0.060   0.080   0.090   0.123   0.143   0.160   0.163   0.171   0.178
   0.067   0.092   0.111   0.124   0.136   0.146   0.162   0.143   0.150 




