 330242 55217.4 52370.9 13324 10214.6 6520.87 6533.49 6290.72 19307.3
 330242 55217.4 52370.9 13324 10214.6 6520.87 6533.49 6290.72 19307.3
 280820 26495.2 36122.2 8933.4 5074.19 3961.36 4637.6 4985.69 18726.7
 322997 34558.5 27374 7220.21 2731.14 3114.82 2948.46 4429.83 18563.7
 616297 38610.9 36530.7 7571.31 6956.16 4926.79 5803.44 7084.07 22806.9
 280100 32134.1 45141.1 10892 13289.8 6706.24 6957.66 6153.6 16419.9
 466445 62983.9 70630.5 44477.5 19114.8 13803.3 15950.6 12240.1 30985.3
 278528 127949 68406.1 35630.1 25432.6 11679 12772.8 10669.2 30076.9
 127014 93285.6 61749.7 21278.1 15803.1 6145.28 7504.11 5999.59 17736.2
 336026 98179.9 42772.7 10096.8 8809.77 2659.05 3540.66 3634.51 15715.1
 403832 74654.4 66091.3 12155 15791.9 3793.52 7589.38 10563.5 35932.5
 197884 47334.5 81244 15213.6 19329.8 5748.05 11078.6 12395 38178.3
 272341 41370.6 87827.3 9546.07 12748.3 4181.18 9697.79 8664.89 24865.9
 325025 53233.4 77144 14160.8 29092.5 9595.79 15069.1 18678.6 39652.9
 572621 88710.4 86336.7 35543.6 10759.6 5363.29 8697.89 9254.55 25803.4
 567328 71235.5 66515.9 15973.1 15931.8 6395.76 8764.99 9168 36813.2
 724093 35453.2 69484 22466 16702.9 8161.3 16590.7 18177.3 49012.4
 275537 47718.2 84277.4 25445.3 10398.1 7227.47 13308.9 12351.5 43478.1
 184358 40042.2 54366.4 13343.1 6386.35 5745.92 4938.15 5215.99 13666.5
 681096 55954.6 45438.2 10417.6 5664.37 4428.86 4004.48 7205.04 31066
 370913 89059.9 95412.5 17870.4 13528.8 11479.9 7560.41 12739.1 42335.6
 524277 81212.5 60322.5 20146.6 17253.5 12408 9152.68 14815.2 42495.2
 139467 33308.6 31388.3 7994.79 13288.1 8017.68 7310.19 5423.07 33648.6
 493941 44244.7 55371.1 8327.62 13622 6233.45 5092.88 4617.4 23939.4
 151496 40528.4 34351.2 5319.2 7746.38 3994.53 5696.97 4430.26 22807
 296543 72450.7 65806.6 8591.71 21905.4 13347.8 17163.7 13342.6 40178
 713653 38712.1 56539.9 9215.22 10713.3 4921.88 6991.94 6819.22 24979.8
 618157 41456.5 48781.1 10622.8 9101.44 8679.15 11844.1 10885.1 29909.1
 331076 45383.1 23547.1 16616.8 8184.95 9034.51 10804.6 8148.14 32794.1
 167730 40176.7 37103 12915.7 12016.2 9040.03 15906.5 13012.6 46747.8
 591604 47825.6 81971.4 9882.36 7967.78 4386.5 8061.68 6377.38 18440.2
 434619 46260.1 52820.2 13956.3 10293.2 8766.7 9388.51 7026.91 29430.5
 513571 152274 59001.4 25356.8 19811.6 13633.9 10351.9 9728.73 36775.2
 414130 83508.7 21027.5 6225.97 6819.98 5431.7 3484.93 4108.75 21660.9
 342339 77229.1 24941 4755.54 13317.7 7911.16 7203.31 4596.48 20969
 434241 73165.6 24290.1 9225.75 11611.7 7589.76 5663.27 6744.73 22407.3
 111799 40311.9 87736.5 7129.6 7916.47 7949.38 4705.22 6930.32 22041.5
 92569.5 34722.8 92762.8 5708.41 14628.9 8233.38 6313.17 9630.76 22629.9
 252187 24948.8 69530.2 7205.08 13944.3 8425.95 7959.96 8377.21 27208.9
 60662.8 30569.3 49351.5 8283.63 10317.5 5449.96 7284.83 7972.25 23625.4
 205469 54130.8 68231 7469.43 7340.94 5358.29 3969.87 4486.34 16389.1
 395186 47997.1 69619.5 16002.3 21971.1 11150.3 11569.7 14680.5 29970.8
 496168 34470 39735.1 16804 13292.6 5135.36 4542.44 3607.13 10225.5
 796664 42433.3 96094.1 12143.2 15005.8 12420.5 9313.1 8459.73 24488.4
 363219 52189.4 75826.3 15636.1 16119.1 14111.7 7902.57 13692.6 39360.5
 239589 61895.1 58491.9 17059.8 13716.2 9884.45 11160.3 15450.6 34699.3
 223441 97827.1 44688.5 3795.05 5233.78 4038.21 3241.63 3599.4 12032.6
 337399 96301.3 64068.6 7829.65 4740.46 3385.34 3982.26 4707.6 25262.4
 416083 106528 57705.9 7588.29 8438.79 4784.02 6832.17 8214.98 34603.5
 685651 203448 102992 7573.9 16672.1 12304.8 19679.2 16049.9 43104.7
 144797 41292.3 43232.7 4228.02 6867.03 3667.51 5663.79 4402.65 22904.4
 177934 27469.5 43294.7 10907.6 5498.91 3581.96 4977.17 5590.41 24686.2
 223224 43233.9 45371.7 6399.59 3965.78 4976.89 3379.95 4325.11 19146.8
 797627 45159.3 19723.4 5735.6 2254.55 1568.76 2030.28 2127.68 6108.96
 724159 81356.2 41634.2 10740.9 9108.41 3801.93 6509.89 5569.98 8336.35
 261404 34512.7 54726.6 16314.2 7855.29 7548.46 14565.1 12222.1 18445.1
 232613 77601.5 58550.7 16004.7 16037.2 10939.1 14290.3 12720.8 22481.3
 73469.4 74658.3 60466 12917.7 11858.7 4849.59 5201.62 4516.1 14336
 251750 61331.2 29349.6 15879.6 13238.6 9413.06 12995.4 11673 29480.8
 830661 71965.6 31614.8 42677.5 13038.7 8459.54 7828.09 12977.5 36557.2
 563620 44727 37487.4 15368.7 13444.7 8498.72 5323.55 5241.79 13372.1
 922788 50349.3 78984.9 14974.3 12950.4 12515.9 8090.49 6808.39 18791.9
 414876 108184 199934 34003.8 25013.4 32920 12322.4 19986.9 33907.2
 588895 61947.4 134919 23654.6 19151.2 13910.4 13090.3 23812.5 53802.5
 250474 68272 73206.9 14622.7 14781 5574.31 8378.13 8685.35 32683.6
 50870.8 30432 34123.4 4433.78 9036.22 4295.9 4546.9 4066.02 18468.5
 319205 37386 65673 12649 13768.4 11775.1 14323.5 10953 27422.6
 338550 56479.2 93806.2 32282.6 23202.4 22408.6 29496.2 21853.9 38988.6
 459839 41902 57445 21996.1 12355.1 9251.28 15736.8 13942.9 42213.7
 167940 56190.6 79596.8 22566.2 15642.6 8736.1 10290.6 6743.26 28334
 496686 65142.8 73155.6 16711.2 18621.7 13064.8 14028.2 8684.78 25662.5
 554623 64900.8 77952.7 29180.2 14564.6 16092.1 15715.3 15057.9 37931.1
 156338 52716.8 71015.1 11096.4 7577.85 10519.7 9165.24 6516.76 13944.5
 118262 108720 123701 37927 28455.4 20024.5 29328.2 22861.1 42961.3
 473975 81143.4 161601 48270.6 21714 11655.4 13151.9 10230.6 25188.4
 277820 59128.3 139475 27647.9 13309.6 7517.82 7722.93 7008.07 16255
 501260 64326.8 68410.4 10549.1 5503.56 3517.56 2560.73 3062.02 14442.1
 472027 40934.6 43651.2 12632.4 7716.78 5481.31 5393.98 7507.28 21011.3
 556102 42631.9 53362.6 7452.74 4154.36 3077.62 2892.72 3123.26 13680.4
 255146 58486.6 67174.6 13665.5 8795.47 5489.5 6692.56 10296.9 28554.1
 338854 67391.3 108112 14863.1 18941.6 9252.61 11042.3 16639.6 34992.3
 412428 46575.6 64703.7 12276.6 8339.63 5848.46 4965.5 5314.9 12188.3
 165546 78829.5 126737 20329.4 17220.4 13461 14179.4 16929.3 41485.1
 163394 125634 72583.5 32570.9 11772.6 10108.5 10189 10032.6 40145.4
 465824 48522.8 25329.9 23327.5 6629.97 4838.93 5054.31 5189.66 15956.7
 1.26567e+006 54510.6 90654.5 16594.5 19241.5 12328.3 9615.46 10808.2 31947.9
 814685 69789.4 71951.9 13175.2 13020.6 9334.44 8325.22 10859.5 40527.4
 520608 38545.2 66326.4 19384.1 7186.55 7811.27 10075.5 7628.08 28792.9
 402021 59885.7 64193 25209.8 24867.6 20755.4 31598.6 24095.5 63510.9
 153754 53845.3 48187.6 34897.9 23776.2 21126.6 22160.7 23172.2 76484.3
 364925 50365.1 34214.4 20124.5 26518.9 11481.8 12475.7 14128.7 51334.5
 478645 50513.8 31286.4 15962.1 14659 9373.03 6017.85 9837.19 33378.8
 346088 108561 41331.7 17303.8 19613.2 15615.5 12145.6 17443.7 40221
 98808.1 60150.7 31437.1 15541.8 19663 8548.03 12381.6 14243.4 39903.1
 135061 82565.3 28333.9 11698.1 9387.72 6022.7 10149.2 10014.3 41663.9
 223533 55253.8 66003.6 18826.4 11723.9 9256.11 12085.7 10562.3 28770
 492845 51560.7 27167.1 22143.9 13648.9 7394.95 7829.18 7447.03 28050.4
 184968 24441.3 20156.1 10694.4 4634.91 1689.12 1753.48 2081.66 8253.51
 147020 20869.8 28813.3 19506.9 9379.78 3644.87 3921.88 3728.16 11652.9
 221144 39077.7 19473.1 16828.6 9210.77 3847.91 3307.44 4869.14 17275.8
 119612 86737.3 55992.5 9132.65 9795.07 3648.72 4666.34 5821.82 22983.1
 162658 66917.8 45020.1 7692.47 3432.43 2249.45 3496.98 3240.54 17878.7
 573372 116045 101916 41014.4 9200.73 7552.29 12573.1 8653.43 22398.3
 686823 113588 80670.7 31189.8 9702.46 8684.69 12839 5697.53 21275.4
 451279 140141 106891 33797.9 10029.5 11951.6 14988.3 12767.3 28904.9
 289712 82980.9 100556 23366.2 10123 12324.4 12074.7 9782.13 24571
 258644 51787.5 45812.2 9258.52 2385.44 2957.89 4176.93 5025.64 16654.5
 384207 64532 56481.5 14384.2 6699.15 4534.82 6492.94 8042.86 18028.3
 394388 66558.3 79800.7 12308.7 11647.2 7065.74 8803.65 10416.3 25851.6
 266726 131640 94809 8418.66 9126.52 5589.8 7851.58 9309.35 24598
 760250 34646 31036.4 8705.08 5840.12 3020.31 4549.26 3950.12 12313.2
 943810 75110.5 41732.6 17958.2 8647.74 6653.88 6620.83 5441.24 12945.8
 507076 62009.2 67940.3 45241.9 27013.7 20588.8 23319.3 17454.6 51595.7
 229688 18720.1 43884.4 24661.1 28224.1 10368.4 17002 16393.7 33282.6
 226386 66326.1 38826.2 14221.4 29037.1 11540.2 14203.4 11814.1 30118.8
 349748 60825.4 53766.8 6359.35 15244 5401.36 14712.8 13661.8 34606.6
 426645 41449.3 29751 7326.88 7327.32 2545.91 4125.59 4506.62 22210
 148852 66024 51036.8 8613.44 5638.69 1518.72 2733.31 1993.65 12577.4
 151358 106491 124174 31846.7 11977.3 6387.75 8099.44 7860.9 38877.3
 284519 62076.4 82703.5 34206.4 9195.07 10393.2 10735.5 8813.56 32731.3
 289233 43713.2 63738.9 20422.7 19078.1 16898.6 15026 11380.3 30834.3
 307963 43704 44591 28622.6 14841 19086.9 12665.7 13246 32457.6
 525349 62802.2 44577.3 29813.5 21816.3 13250.3 12932.4 10989.9 26839.6
 1.59824e+006 46642.5 41658.4 25676.3 28527.8 11749.9 15376.3 16851.7 31663.5
 668845 55447.1 28392.2 15687.2 8696.02 2961.62 3966.14 3190.99 12397.3
 708348 24414.4 21157.9 6332.69 5922.65 2469.28 3002.52 2258.23 8234.7
 523935 44165 37841.9 11713.2 11605.4 4293.92 2960.96 3460.43 9767.53
 707948 67187.2 35689.7 6488.97 6433.12 3416.73 4194.32 4510.7 12164.9
 538515 69047.3 49018.3 12565.7 14105.8 6374.09 8717.97 7083.36 25269
 709113 60410.6 69352.3 24187.2 16813.5 4679.29 13788 12678.2 41081.7
 288404 62821.1 73966.1 23063.2 7881.08 4302.59 8934.23 7048.85 18811.7
 90361.1 36793.5 105003 21626.2 14115.4 11232.7 15577.1 13417.1 31782.1
 121333 24584.7 69982.8 10198.8 8726.22 9822.1 7202.65 5898.66 18590.8
 173485 45080.8 57354.7 12100.3 11514.5 6992.14 5586.42 6890.91 16679.5
 169794 104685 64961.8 7770.64 11808.8 7685.38 5285.31 4721.88 15321.2
 69005.4 82834.8 61561.1 10144.7 7025.13 6966.25 4965.17 6529.08 24490.4
 69772.9 38309.7 44380 5272.23 5554.31 5688.13 2357.84 3169.39 15020.7
 226491 127247 84021 15238.2 15057 8507.36 7548.12 8063.78 20290.6
 525148 73743.9 56341.8 12834.8 16693.9 13421.1 8180.87 10744.4 29556.5
 656440 33656 39497.1 17520.4 15983.6 10601.3 9094.88 11521.7 35011.1
 466953 54498.7 45361.1 8307.45 7896.97 4600 3881.98 2651.26 10457
 215193 44576.1 58657 16262.9 16054.6 7859.35 7664.56 8663.79 27858.5
 261317 27482.7 46760.6 12393.8 11027.7 4512.82 7779.35 6218.11 22608.9
 107857 39449.2 43476 20767.3 10737.5 3930.76 12221.4 12391.2 32969.1
 312248 46552.8 54627 19116.9 6270.13 3456.48 10926.8 6444.2 16007.9
 120518 28139.6 35842.1 9597.79 3949.19 2999.18 6246.29 6109.57 21513.3
 65335.6 56920.3 33284.5 17210.5 9812.5 4506.74 7410.17 7011.61 20777.9
 116772 91064.4 62014.2 27378.3 33557 5921.05 16019.9 12668.4 27078.9
 182312 98139 34634.1 16474.8 15350.5 5278.56 5968.97 4589.75 13175.5
 549664 57688.5 44031.7 13856.1 14626.8 7738.49 7792.34 7580.8 26414.3
 501450 85380 36416.2 11951.6 15734.2 6877.02 6858.88 9074.86 33410.4
 472709 51233.1 39085.2 13751.5 8848.49 6625.2 4319.3 3923.61 18037.9
 239383 71436.1 55376.7 13671.5 11495.8 6171 6772.1 7390.99 26786.9
 410577 50317.1 42384.5 21589.1 21216.1 12765.8 6937.25 8212.5 34411
 361596 31524.1 8289.3 5207.58 3293.49 2201.77 1635.82 1652.63 13784.1
 1.30144e+006 55214.5 20426.2 6823.82 4143.62 4672.72 2964.68 3360.42 10838.5
 1.15167e+006 60218 56392 21862.3 13225.1 16017.4 12082.3 13169.6 36771
 312175 32333.7 91268.1 20455.7 15141.1 12624.6 6826.92 7875.63 30034
 445882 34120.3 46095.7 10405.4 11187.6 7136.51 11176.2 7505.01 25613.8
 88198.7 57659.3 54197.1 12329.5 15645.1 10439.6 7557.48 6218.5 24882.7
 49895.7 66586.9 72584.2 14282.9 15678.5 9716.96 11423 7885.11 22407.1
 41830.6 47089.2 114607 34843.3 20430.6 13780.2 17436.1 14789.2 37958
 78168 87639.7 94506.3 55632.7 18237.4 6672.3 9126.24 8922.42 21707.4
 53147.8 41823.5 68180.4 33519.2 7383.97 5692.77 7604.94 8296.98 23918.7
 372017 69488 194751 62095.5 21176.1 25743.7 29117.6 31596.8 55115.5
 461350 56456.8 76801.4 25572.2 12273.9 9493.02 12685.2 11240 26653
 336384 43550.4 100599 31700.7 20378.5 16047.7 14514.6 17970.8 42467.2
 632859 44805.8 92262.5 29511.5 16677.1 11759 13246.8 8528.86 18469.7
 417321 62959.6 117236 29567.4 19514.5 19338.5 25513 16850.9 39272.6
 279451 91110.8 126299 36063.9 16735.6 12254.7 8534.97 7157.51 22437.8
 329707 75534.7 135118 24619.2 14811.4 9313.74 9535.81 7287.38 26839.9
 587883 78162.4 131083 24725.1 8398.23 6789.97 8643.54 8022.77 30821.4
 1.13378e+006 101599 156721 13914.9 15668.2 17769.9 16054.1 19610.4 47249
 1.98694e+006 63428.7 118627 18938.1 25397.2 16236.8 19054.1 22941.5 39832.9
 942713 65362.6 111364 26276.8 27926.9 18978.3 19564.5 25077.6 36935.4
 631602 59202.8 57315.2 23528.3 14415.6 7541.2 8144.76 7662.47 16326
 315563 41416.9 30773.1 13993 9126.84 6782.03 5752.04 6595.95 21653.4
 1.04702e+006 30256.4 85797.2 13811.4 9188.6 4627.53 4184.73 3879.07 10724.8
 460003 51971.4 97544.9 32440.7 14383.2 7922.66 10459.7 8530.95 20903.5
 2.0255e+006 102742 87865.2 38535.4 22460.2 12886.4 17382.7 15254.9 38838.9
 1.25759e+006 113153 111003 51195.2 28061.4 17893.2 14123.5 15760.9 30137.9
 376570 70619.1 50005.2 26974.1 9920.02 3476.23 3748.25 4405.3 14085.5
 988103 61961.8 54141.5 19706.1 20206.8 11679.9 6463.41 11832.1 21416.3
 643246 81725.7 37884.1 8358.09 7001.26 3270.55 3628.15 3892.2 7920.32
 471886 43269.4 55399.2 15821 15463.5 4478.2 5423.57 5198.33 10608.3
 728461 66622.9 95668.5 25647.5 20616.9 6077.1 9475.32 11464.1 16178.7
 434893 73284.2 88429.1 28914.2 23756.7 12407.3 18600.2 15469.1 27824.8
 605717 46205.1 75668.2 12103.5 12361.9 5458.55 10231 8438.2 20510.8
 328195 39349.4 57741.2 7089.25 5371.63 3919.44 5326.42 3629.1 8779.79
 641569 73893.2 53644.6 7195.48 4793.73 4315.23 3805.11 4309.79 6735.68
 337840 56694.5 28777.7 7885.77 4675.29 2843.52 2116.99 3272.31 6740.07
 313306 60091.8 54284.3 20466 10965.7 5171.8 5487.74 5780.78 14423
 682872 40305 94983.2 28467.4 19713.2 10288.1 13612.5 11788 25986
 422399 54666 43315.3 13395.9 8016.37 7667.92 7525.61 7348.03 14475.8
 460666 77008.7 55958.2 12115.3 10296.2 6094.41 3694.25 3196.14 8885.2
 580428 80846.6 177907 31055.3 18799.9 14812.2 14438.4 9459.88 20739.7
 898808 117727 156504 23438.3 22466.2 13868.9 19153.9 12429.5 25654.5
 431172 59041.4 77475.1 6972.23 18374.6 5234.91 7355.41 6222.46 9899.2
 874336 78664.5 75856.7 6908.03 15680.2 9153.11 5647.24 7272.13 24332.6
 190861 92344.6 62063 12480.9 18121.5 7677.76 7183.48 6729.55 18482.1
 190251 75515.8 117557 16305.3 52251 7527.56 14669.7 9236.71 28145
 323765 107794 135636 15423.4 34779 11394 24553.3 14588.6 33431.3
 723647 68783.8 61327.7 22013.1 24925.5 6788.94 12129.2 9353.39 26152
 298384 157093 58230.4 49547.2 26592.8 8490.26 16353.2 16264.2 37462.2
 444370 118924 164253 47729 22123.8 14869.7 17859.3 20381.5 57455.5
 404157 68960.4 183185 31638.6 25980.6 17432.7 42443.3 23659.4 59290.7
 265379 110941 131406 12353.9 16356.6 7255.77 11173.8 9866.7 21580.4
 212059 66013.4 85300.8 19865.5 19929.7 7165.03 11261.8 12220.6 24438.4
 790242 78865.2 102894 15036.2 12449 7340.31 8249.16 10038.2 29057.9
 378064 47933.8 69452.6 13099.8 13391.5 7900.13 8583.42 10128.7 24119.2
 291748 66417.5 38865.4 18950.3 22034.1 10372.7 10828.5 17499.9 30465.5
 207767 46526.4 40409.1 24721.5 10943.2 6526.51 9666 17257.6 32050.2
 221239 34650.9 41713.9 17507.4 9715.55 5833.07 8905.21 9072.04 24104.3
 134798 96123.3 78058.9 20592.6 12267.7 11821.2 12327.9 11774.5 33939.8
 448220 58239.1 81265.7 11671.1 8097.59 7399.44 10103.9 7549.56 23171.1
 1.0251e+006 61490.3 49443.7 10054.4 3994.2 3388.8 2426.96 1904.49 8319.46
 622814 63220.7 63893.3 9236.96 5617.99 4021.86 4014.65 2918.03 11820.9
 415930 102246 100106 25858.3 9832.58 7220.43 9828.68 6653.17 18240.4
 521719 95833.6 67862.5 30089.3 8787.65 8133.6 10882.8 9592.67 20943.8
 293491 46510.8 33396.2 15552.8 7989.4 6058.25 7331.53 6519.07 12295.7
 325433 68627.9 37291.2 9209.07 18197 7674.28 8823.91 7760.2 18795.9
 321597 82831.5 43111 17223.6 21133.8 11984.5 13837.3 12991.4 32322.9
 571008 64455.1 58558 21768 21225.8 19620.5 15352.8 15503.8 45197.4
 250039 73367 91556.1 23076.5 19688.5 22221 18176.9 23704.5 62963.8
 233887 37853.4 129630 18707.4 10092.3 22335.2 18264.1 24244.7 63561.9
 388658 23646 60104.4 9668.29 4691.97 10509.4 8026.74 10641.6 23966.5
 842981 23085.2 115778 8907.75 7301.04 5039.37 5818.51 5287.29 15110.3
 188634 36868.6 101015 12819 9385.39 7689.89 8072.45 8537.06 14632.8
 459656 75154.3 54784.6 13828.9 6660.85 5946.65 7028.41 7015.15 15003.4
 271305 83687.4 42940.1 10084.8 4223.6 2331.84 3888.52 2922 6205.24
 148468 54712.5 39132.6 9511.02 4451.03 2175.96 2857.56 3302.78 8760.76
 212137 59394 44291.5 11280.9 11314.1 3199.65 3671.67 3665.67 7086.24
 214994 57563.8 50385.7 17752.4 14090.3 5270.98 4447.34 5219.29 13418
 152802 59036.7 70887.3 7326.91 8218.12 3882.71 2403.81 2834.27 14326.3
 431250 47849.4 53766.4 5027.81 4312.69 2505.96 1607.42 2047.13 14325.7
 266187 37619.3 74027.5 14124.5 10641.1 8469.17 7223.51 6879.79 17699
 122736 28768.2 21648.2 7005.03 2186.33 2492.61 2252.58 3207.05 18464.8
 282438 49065 45839 9901.44 8033.93 3929.42 5915.31 7032.28 23585.6
 113006 44359.9 40397.5 7694.83 6987.41 3374.38 3968.06 4721.99 24618.6
 448243 38879.5 23156.4 9601.03 7954.1 5531.43 11450.4 14001.8 31368.4
 232381 34739.3 22990.8 10404.1 8700.96 3917.37 10892 10357.1 46399.2
 276114 51191.7 35463.4 16790.5 13564.8 8735.99 11273.3 12256.3 35022.4
 96993.4 36582.1 18040.7 15426.4 8853.2 6263.65 5594.62 5841.71 19238.4
 194466 42661.9 30170.8 23951.1 17409.7 14357.9 16458.7 15065.7 35501.5
 152487 36830.8 19762.7 13161.4 14627.8 7671.23 6491.32 6743.02 26026.6
 782775 36779.8 28141.9 30740.3 30338.6 9420.87 9016.32 10380.6 33794.8
 364479 49032.9 40285.5 19008.3 20188.1 11063.4 8958.2 9688.41 34133.9
 602542 118346 55513.5 13001.9 15624.1 13488.7 9741.84 8490.36 26554.9
 944567 76417.8 35318.6 6594.43 7406.48 6206.34 4919.46 4639.85 16788.8
 682407 62782.9 27624.7 4535.86 5512.96 4026.93 4526 3846.04 19381.9
 190611 79997.2 51712.2 7248.7 9845.62 6565.57 7795.71 7208.9 24124.1
 185666 142288 86732 9597.33 14558.1 12365.8 12326.8 11886 28204.8
 112533 96222.3 59001 7358.25 6844.06 5554.83 7812.47 6310.82 19601.3
 106487 67766.5 35567.4 3204.12 4636.89 1927.22 2922.85 2013.78 12026.5
 367893 55083.5 39671.9 10700.2 14054.5 4440.34 3407.05 3270.21 15984.9
 488876 74746.6 55168.9 24660.6 14879.9 8827.53 6334.37 8042 17317.7
 145049 70745.4 54027.4 16109.4 11508.4 4024.25 4466.72 4849.43 11358.3
 152621 43102.6 28102.1 7579.3 6830.83 2040.51 3157.49 3887.6 15193.8
 303033 115222 49350.6 21000.9 7921.02 4440.68 8218.63 7760.81 18474.4
 213640 150597 61343.4 7841.8 7319.94 3429.06 4572.43 5524.6 20736.8
 269976 112604 42162.6 14272.6 13078.7 6308.22 5858.8 5510.22 23294.8
 449409 54889.7 37447.5 5812.33 5620.17 3653.59 1969.82 2241.59 15512.9
 528662 48714.2 29220.4 2845.67 4260.49 1966.63 2434.32 2278.46 9514.73
 518602 52635.3 55502.5 4429.17 6750.21 3652.49 5341.27 4984.84 21457.5
 758604 68675.9 87836.1 12199.8 14292.5 9568.81 9135.16 8648.41 24260.7
 757507 42702.9 34982.3 4700.33 2748.49 3379.27 2409.56 2432.01 11095.9
 395952 56005.8 54575.7 8760.02 7957.85 8816.34 6355.24 5732.76 17607.4
 267704 76247.3 30650.8 12300.5 9615.51 10226.5 12579.9 9622.72 31712.2
 95910.2 54099 65878.7 10530.1 10156.3 5577.74 8031.54 6763.23 26581.2
 107498 54198.2 41093.7 18816.9 9476.67 9399.2 6901.75 6551.41 26443.3
 199148 81013.9 35836.7 20871.4 8925.94 12410.3 14118 12110.1 31475.9
 156942 35632 23253.9 11908.2 6682.95 4572.79 6100.65 6198.04 9767.71
 208026 48994.5 52700 11674.2 12524.4 11555.5 16549.7 11915.2 22551.9
 217990 53689.9 64400.3 7232.37 9966.83 9095.84 9222.73 7032.06 24132.4
 389835 39794.4 41789 14850.8 7408.45 3894.97 6917.59 3821.08 13690.7
 211595 60406 53374.1 28356.7 14561.8 6884.85 13628.1 8299.43 39143.6
 451938 52174 31690 15214.8 17648 8063.01 13324.1 9471.71 28720.3
 422981 56248.6 21144.4 7014.59 11968.9 3489.44 4810.41 4369.83 17085.6
 839933 36272.8 29721.2 5034.02 12393.3 3029.96 6348.85 6189.71 20023.2
 382820 43179.2 65645.7 14045.5 20029.3 8875.01 12490.4 14208.8 30666.8
 394230 29889 51888.4 13062.7 15370 7947.97 8107.06 7731.57 23095.5
 881747 32724.1 38345.3 21163.6 11328.3 7839.44 13701.5 12114.2 28932.9
 1.25089e+006 47699.1 68616.6 14285 23634.1 11102.3 14727.6 15145.6 28247.2
 1.24912e+006 74330.9 104011 9128.7 26653.2 15119.2 13116.2 13301.3 29129.4
 620792 43961.9 108903 8933.7 35981 10696.1 7443.12 11741.6 28572.6
 1.57479e+006 74420.2 78997.9 15456.4 49165.5 13641.5 10967.3 19207 42745.6
 836950 154767 103322 13594 34663.1 23824.3 21405.6 21760.5 57171.6
 789982 143600 139282 12137.5 21340.7 16122.4 13932.7 13338.3 43422.4
 127652 58866.1 54785.3 6100.4 11694.1 6510.19 5286.39 4067.36 19265.3
 82554.2 121286 79518.1 18995.2 18711.7 15140.1 12663.8 9759.18 38365.9
 172481 123917 72357.2 24254.3 22624.1 12794.4 12845.9 13219 42699.3
 561536 80182.8 87101.6 16646.7 20780.5 9316.65 15366.9 13553.9 38644.9
 392478 137595 100296 30413.9 14983.7 8855.79 18661.2 13019 46375.6
 329562 70882.9 125415 28243.5 18674.4 10194.6 19277.5 15303.1 60734.4
 304814 34946.6 74905.1 20622.3 15505.2 9678.28 17008.3 17424.7 40380.1
 301609 38324.3 121814 23155.2 16893.9 9558.2 16151.4 16679.1 27856.2
 333242 54717.6 93250.4 39289.7 19704.4 11676.9 13075.6 11832.5 23280.8
 438238 67862.2 97097.7 27362.8 20303.2 18052.9 14725.4 16107.7 45797
 601584 84131.8 76174.4 32216.6 40081.3 18687.6 21184 22617 55410.2
 1.06499e+006 52394.2 71169.2 22498.4 38020.2 20372.9 26074.5 18520.9 60943.6
 735442 73953.2 57400.7 20832.5 39354.5 14726.1 16819.7 17417.8 66674.6
 833180 89048.6 105163 43081.3 47292 21778.1 27245 29433.5 63304.5
 1.40137e+006 99388.8 140990 33686.3 35882 17867.6 19070.1 19003.7 63371.8
 253870 79840.3 116557 34102.6 34968.3 17551.5 21737.2 22328.8 57811.4
 520377 106805 87307.3 23930.8 10760.1 7677.6 10683.6 12408.9 45905.2
 678623 161229 75425.9 20770.3 16823.1 10599.1 13650.4 17864.2 43802.1
 217134 88908.2 56437.4 14952.3 8043.41 4460.61 5925.21 7063.36 25070.5
 215724 45670.7 37512 5095.84 4100.63 1691.35 2116.53 2503.84 15544.4
 212845 41680 66482.8 6343.21 7629.43 2284.91 3188.88 3915.63 21626.5
 235842 56523.7 102593 18538.9 6845.55 5749.72 6819.57 7107.19 20052.6
 451852 105353 106677 29716.3 12365.7 7480.99 7106.15 9257.17 21276.3
 873490 57806.4 99221.5 17371.5 12298.6 6744.57 6862.52 8562.19 30225.3
 543829 65642.5 56795.8 13012.3 9023.97 4181.12 5479.24 4649.31 17766.7
 657616 109649 61943.5 17853.6 10424.2 7768.32 9974.63 10398.3 41543.7
 214934 28077.1 40610.9 9949.71 10991.3 5541.94 5811.01 5631.07 26042.7
 279311 16722.2 34859.3 12486 8492.5 7438.28 5905.97 4742.71 18047.8
 457724 54258.3 87326.3 23741.6 18565 15583.9 22218.4 15884.9 55532.1
 252269 77430.4 101884 38404 21528.6 14906.3 25135.1 19173.1 55248.6
 204906 110681 66459 39949.3 29696.9 16881.3 29556.7 24720.8 60428
 335461 141153 60479.9 28119.5 19848.4 13528 12327.2 12884.4 27532
 620057 147766 62637.9 20795.7 26211.5 15961.8 13908.6 15073.1 37886.4
 211829 186401 95909.6 11859.7 19693 11870.4 9198.63 8462.65 18773.9
 95934.6 170326 108573 15629.4 20425.2 22025.5 14593.6 16195.1 44724
 217096 158844 89595.2 29177.2 26947.9 26683.1 21759.6 19149.1 37682
 363302 69263.6 47763.7 6665.41 7394.71 3202.98 3153.71 3689.14 9321.75
 375090 69825.7 118746 26479.7 12848.9 6707.34 6577 7085.98 20457.1
 331362 45614.3 59435.2 25309.7 20806 5448.5 5950.45 6620.44 11438
 107109 57977.3 38115.4 9230.96 6459.43 5479.95 3915.19 5790.22 14829.6
 367773 43153.1 30994.2 6195.25 1923.12 1841.77 1171.24 2341.83 8494.68
 240938 74846.4 60135.9 19592.1 14334 13352.2 7384.67 9784.64 23341.4
 300378 42125.9 31197.1 5496.56 6438.04 6538.54 6712.8 9221.37 23435.9
 231001 28538.9 35655.3 14797.8 9618.09 7605.93 7850.32 10810.8 36657.6
 394759 47687.1 57172.2 11566.5 15465.7 9979.42 8223.18 12331.1 31946.7
 362297 57112.9 43761.7 12471 13031.9 8346.71 7521.48 7802.86 21145.5
 395020 45142.6 51016.8 14342.4 16149.8 11377.1 6140.33 8423.53 21699.9
 827835 56295.5 48511.9 6255.6 10367.4 8036.41 6672.38 5712.82 14859.2
 810761 41534.8 79986.8 6445.36 13662.1 6058.04 4646.43 4249.82 22323.4
 661208 59672.8 54734.9 8678.57 7768.96 3840.88 4944.67 4741.6 23485.9
 1.46537e+006 31757 67954.9 13015.9 12241.7 4311.18 5242.7 4047.08 19122.2
 464565 44078.1 88741.3 16851.3 14667.9 7983.8 8734.38 7596.23 39609.7
 404806 28610.2 50436.5 17867.5 7443.54 8280.37 4854.78 6509.58 18413.8
 709345 54055.5 80485.9 46692.8 18735.8 17487.9 15171.6 15258.8 37061.1
 1.54383e+006 73899.8 84631.6 42393 23767.3 21950.5 20716.7 19074.2 43149.1
 696322 115741 97844.2 24383.8 15264.3 12064.5 17045.8 21374.5 48585.6
 429360 78965.3 129410 29679.9 14173.8 10363.1 14822.9 19553.1 49952.6
 112975 83229 80575.8 13954.8 17659.6 9360.04 10028.1 11915.9 29000
 311318 60504.4 87438.3 14854 7170.04 4960.75 7929.13 8296.86 23383.1
 1.06691e+006 45024.7 103217 17309.1 11365.2 7213.08 9977.67 8571.78 35947.8
 1.45701e+006 35911.5 46666 12816.2 5643.78 4103.86 6047.89 5294.39 29969.6
 531250 34340.8 61434.4 17173.5 5808.32 7099.29 6501.67 6483.29 33319
 190171 42670 54706.6 18170.3 6414.31 9477.59 8011.35 10010.1 32664.6
 156954 46474.3 56460.6 28432.9 13848.2 9246.02 11438 12869.7 36382
 610820 31121.4 35554.5 12414.8 17207.9 12133.1 10334 10428.9 40420.9
 1.61452e+006 63570.9 49708.6 15400.4 20814.5 14562.6 20616.7 14094.2 58865.8
 1.60779e+006 51891.1 40236 21080.5 29190.2 17179 20463.3 17982.8 51967.5
 952065 68408.6 57350.5 13512.8 20860.5 8420.56 11356.6 16497.4 51379.3
 256468 68630.8 65979.9 13019.6 12797 5898.77 6778.91 9736.68 31559.2
 324284 69694.3 86892.1 23187 26367.1 10636.9 13403.3 18497.7 45817.8
 292265 86762.5 85464.2 13116.1 25941.9 14876.6 26618.2 20068.4 48395.9
 187892 64975.7 36506 15520 10898.7 9545.28 12391.1 13708.2 39922.7
 646227 122322 68757.5 14177.6 23120.8 12154.2 19588.7 11797.6 31376
 433480 58124.5 71435 12515.6 25332 10137.9 12441 10590 21902.4
 581023 51176.6 56606.9 21366.7 22031.1 10313.6 10771 13888.6 26405.5
 813742 81385.8 46492.6 30455 30599.3 11584 9162.28 12199.9 34037.4
 419503 78878.8 55065.6 30018.8 43361.6 18379.6 11689.5 14721.4 33431.6
 569764 68111.5 55828.1 19413.5 26496.3 13426.6 8364.52 7931.26 16985.1
 491195 99300.7 57288.6 17719.1 24643.4 12739 9209.73 8978.31 27876
 342466 133610 48328.3 15160.4 19520.3 8393.38 7264.53 9660.29 29047.4
 423645 141569 40133.9 12573.1 10307.8 4336.99 5639.66 6318.23 18827.1
 313452 120008 51283 6162.94 11796.9 8093.9 9139.74 7614.05 27774
 489835 153098 131089 6785.34 9939.6 4863.74 8423.08 7484.49 22388
 142489 67700.6 98032.3 8787.17 9642.98 6165.71 9203.73 6456.67 18161.8
 1.29054e+006 132720 77168.7 16751.5 15506.1 11057.4 12336.7 14564.3 43794.6
 1.20738e+006 83196.2 64249.1 8949.13 10596.3 7423.8 10391.7 10848 33110.9
 347152 143620 57683.3 14240.5 10833.3 6091.79 9946.11 8347.12 26552.3
 1.37674e+006 82501.8 68431.3 13367.8 8586.72 5057.67 8739.09 5829.04 18907
 778596 115942 74180 7124.74 6202.63 6905.85 11143.8 8449.77 29510.4
 709165 88046.7 87646.1 10489.8 9775.51 6556.26 11534.6 7026.05 27711.9
 1.55783e+006 101033 114388 10477 8820.33 8606.05 12260.2 8123.07 30108.9
 871904 115296 60638.3 14890.7 5738.56 4827.74 4192.93 4098.49 15822.8
 1.05794e+006 69821.4 77044 20835.9 9109.27 9866.76 4926.35 5235.9 20479.5
 857523 48784.9 58190.6 12530.9 9873.99 7615.25 7892.69 5238.39 23003.3
 1.16784e+006 60661.1 100701 20559.3 20338.7 16094.7 16572.8 11126 36620.6
 917139 90924.8 96828.3 24767.1 12787.3 11896.9 9292.04 7902.18 18621.4
 392361 98286.5 73277.3 11909.2 7679 6962.36 6112.1 5161.51 21521.8
 188345 93205.1 47282.5 16824 9571.7 6059.24 6628.94 4760.94 11767
 516759 101981 59619.7 25519.2 14368.2 7016 9132.73 9372.35 22613.3
 417324 98827.3 113851 34929.9 18800.7 25855.8 18508.6 21068.8 40201.1
 564904 132465 115660 21054.8 15507.5 13423.3 10355.1 8590.87 23528.6
 522069 83502.7 158057 42199.1 23694.3 20287.6 14298.2 15320.6 28255.9
 106248 89789.5 95967.8 14242.5 11008 4358.04 7997.17 7504.6 18248.4
 139592 151858 277903 33764.8 28309 18934.6 24547.6 26466.2 44581.7
 409054 280244 163105 31351.6 16856.4 14827 20780.2 16878.9 25277.9
 416804 185942 126266 38380.1 25688.6 18382.4 17891.8 20051.1 38024.7
 438277 94418.1 64775.1 26652.5 27991.6 12433.5 15933.3 17843.9 34767.3
 154358 78963.4 105991 49161.2 27310.8 14918 12045.1 12947.8 44390
 270606 47688.5 58433 27143.9 19760.8 13078.6 10711.1 17817.7 47298.4
 399170 55246.2 77720.8 32047 24888.1 13629.5 12651 12565.6 27312.4
 227067 67256.5 62256.9 34369 27296.9 21072.7 23112.5 17836.7 48104.5
 288728 41024.1 75348.8 10395.3 11371.7 7098.81 7414.56 5800.3 21154.1
 147612 33515.7 50033.6 12810.5 13930.7 9102.15 6590.29 5425.83 19523.5
 253600 43923.6 60833.1 13281.9 14309 11908.2 10229.7 8246.12 30546.6
 133159 55551.3 37684.8 10207.8 10394.6 12154.8 12259.4 14136.8 37308.2
 69670.2 40164.6 21346.5 10769.8 5186.31 5795.17 7069.07 6484.72 28676.6
 197888 100449 76325.2 22615.1 13064.1 8574.47 8469.85 11974.3 38512.9
 198533 46332 45241.3 13323.9 10480.9 5778.44 5001.95 5888.8 27348
 563731 48060.2 49932.7 8639.77 7994.32 3740.55 3726.69 4323.02 10910.4
 252745 68993 38131.1 5989.08 7666.64 2698.7 3036.3 4202.94 16233.3
 178645 61165.1 30728.2 10877.6 6098.15 3404.88 3616.07 3990.74 16371.9
 158745 54353.1 20303 8774.91 3255.7 2387.19 2353.84 1963.26 4761.52
 236871 56658.3 71898.8 12711.3 12388.8 8036.06 7064.99 6574.66 10425.8
 469710 128522 59114.6 13940.8 15066.8 12694.1 12772.3 9588.38 21065.3
 281776 133162 110294 21251.4 10649.6 13094.7 17749.5 10169.1 28071.6
 219781 75940.8 50550.8 33673.3 11746 6160.33 7590.99 6185.77 11669.6
 954727 54514.2 39770.3 27025.2 15281.1 6404.93 4851.01 7597.28 17766.1
 407197 44056.1 39296.4 14750.1 12653.2 4152 4308.3 4377.04 12296.3
 444540 72308.5 37897 25922.3 15528.7 5902.57 4697.65 4645.81 13197.7
 226015 69153.4 35135.7 24101.5 20397.2 11287.1 7462.35 8643.5 25096.6
 745441 68500.9 43334.5 13380.7 12034.8 5109.47 5161.91 4397.66 13274
 901584 80415.2 66465.9 15146.1 26154.2 12827.5 16221.1 8144.34 25805.8
 514499 22588.4 26755.8 15352.1 8508.35 2619.54 3729.07 3992.24 17385.2
 805167 92528.9 43181.2 18402.8 14732.5 3720.1 4305.38 4635.15 15313.5
 817649 116306 49854 14802.6 16459.7 6733.14 7378.35 5438.99 12742.2
 1.45353e+006 165767 38829.2 7060.01 9831.71 5059.61 5626.34 4211.55 16539.4
 543843 173763 64532.3 21068 12410.9 10417.4 12216.1 12985 36167.7
 319028 88211.5 47417.6 15291.4 14037.4 6775.83 7219.04 7384.7 22240.9
 179844 118625 63835.5 17053.4 21040 4746.05 6822.58 5309.75 18177.3
 361497 69014.5 74826.4 17173 29102.9 11764.5 10638.8 7843.38 24014.7
 198209 63781.1 48968.9 15400.4 20336.2 11512.9 11350.2 13832 53818.1
 224774 106556 65725.5 9187.13 19615.4 9662.59 12224.6 12409 33522.7
 185743 89089.2 45727.9 8235.94 5427.02 1405.52 3694.2 3126.29 13296.9
 411918 74471.5 63917.7 14203.5 7486.55 3694.86 5067.48 3512.43 11572.6
 316100 108509 48177.8 21940.3 24422.9 11447.9 20503.7 15319 35127.2
 370906 70649.7 47559.1 20504.9 13872.2 7826.63 9463.05 8098.5 19708.1
 418099 67388 66778.7 16497.4 17095.7 10237.9 11346.2 12210.6 30498.8
 350795 61024.5 65389.9 7646.19 20655.9 10491.8 16247.7 13128.6 35707
 124603 51300.1 48166 8934.86 16526.7 8259.14 12498.2 9247.31 23886
 238221 33455.6 40764.4 3624.84 4947.59 3954.95 5548.59 4430.09 15405.4
 252232 19835 58934 6357.47 11955 7012.14 11236.8 8673.58 33515.2
 95132.7 25678.8 60941.5 5931.78 6107.56 5086.82 6102.52 6048.4 20986.6
 78830.6 51926.9 78341.9 7796.08 8256.11 5656.52 8352.28 9269.81 38642.6
 92577.6 99004.9 50447.6 4639.14 8686.22 4682.17 6930.01 6702.43 21831.8
 49113.7 56060.2 25152.7 4203.3 7845.71 8703.27 6768.83 6817.13 31335.1
 168754 71235.8 27242.3 6217.91 13082.3 12155.2 7507.91 8682.83 25107.9
 379815 69439.4 32648.2 12363.7 9918.69 12837.4 8789.68 6266.31 13082.1
 506203 68026.8 37550.1 9130.66 5099.07 4530.16 4525.96 3374.95 7069.43
 239007 48688 63151.4 16073.6 6670.25 4761.63 4488.5 3490.87 10617.6
 169588 69662.7 44396.1 8136.75 9395.31 6232.06 7217.79 8542.78 26991.5
 143936 28233.3 15051.8 1514.82 3432.95 1480.9 1251.88 2118.03 16563
 303232 56973.3 105205 8793.77 15253 8266.21 9640.8 14438 37819.3
 268908 61338.4 87389.5 14575.7 10333.8 11957.2 11681.6 19414.7 44959.3
 183660 66683.9 52251.2 10320.9 19219.5 12324.8 15622.9 19566.4 35133.6
 416894 46641.7 46115.8 7341.75 11628.5 4860.43 8140.68 7790.4 20415.4
 904470 66055.4 60783.5 12579.9 9724.72 6792.45 5302.04 5446.45 20190.3
 817153 35725.3 58772.9 33063 22321.6 11033.6 14616.2 15826.8 51869.6
 557496 40969.2 60372.1 34263.5 16169.9 6846.51 9927.32 7748.13 22007.6
 487249 58495.8 50962 17316 10132.3 5039.5 5000.31 4941.14 19504.7
 256194 50696 72186.6 13805 7938.96 4248.94 5732.98 5638.52 24637.2
 184149 39265.3 124735 21294.1 9753.55 9243.09 8084.58 6786.53 24407.9
 581701 30835.1 44838 23153.1 9238.58 8906.15 9686.25 9754.45 21400.4
 782266 35575.3 58235.7 19874.5 13317 6735.02 9102.32 8884.63 29049.3
 259929 39639.4 107877 21260.2 12449.6 6264.42 4945.28 6640.25 13267.3
 100460 33438.8 54711 11776.4 12580.2 5746.37 5718.61 8900.71 23946.5
 207588 32882.5 43162.2 14090.1 27735.5 7155.16 11452.6 8005.49 26239.7
 324743 134032 82224.5 24432.2 33964.5 8910.99 11767.5 12825.2 43034.8
 518750 93224.3 66977.3 12246.7 20007.1 13018.6 15206.4 15244 57333.6
 336896 79756.7 39068.6 9327.26 9466.2 5211.84 7836.56 7101.81 34674.8
 216629 49254.9 82798.3 17130.8 16436.5 14110.2 13650.2 9953.93 45167.7
 310228 66832 133996 34748.2 21698 11155.1 18838.2 14183 43766.3
 232696 59339.3 138590 25058.2 12932.5 9477.2 12787.4 9604.08 27530.3
 202065 54864.4 167849 38854.2 27014.2 17302 17161.5 14637.3 38403
 288883 95722.8 137929 32626.3 19001.2 9457.72 13071 7834.14 33196.1
 145732 113017 73572.9 14891.2 23848.3 11379.5 11655.7 11938 35195.2
 128789 71950.1 80633.8 23147.6 17724 8940.83 9060.64 7634.45 20164.5
 181976 31350.3 78571.9 19923.8 13553 11690.1 8259.36 10516.9 27356.5
 232098 46280.5 63065.9 15563 10958.7 10672.8 7541.11 8900.38 39875.6
 252243 41288.3 53579.4 21413.2 16777.4 13678.3 13487.2 12598.6 41227.5
 181662 83158 99381 30846.7 23842.7 15385.7 17007.6 14851.2 45276.1
 484397 66389 89748.2 60302 29417 17786.4 17363.7 15218.2 46922.9
 454902 79807.2 100572 27811.5 23938.8 15492.1 13398.5 13827.9 40385.8
 625508 65513.3 61199.8 29718.5 21400.6 11993.3 10974.6 13043.1 25613
 914866 65327.3 32652 24143.1 10363.7 5859.27 6494.3 7297.88 17558.3
 465931 39508 23846.5 27913.4 11458.2 3362.68 5506.66 4728.55 12792.2
 652453 59387.1 43926.9 35399 18253.3 8688.94 14366.5 14077.4 38525.1
 1.19018e+006 69025 29032.5 32147.4 17344.3 15534.8 16998.7 19655.3 56829.6
 574585 33054 31335 27596.4 21718.2 18730 24137.1 23954.9 53505.1
 364282 38337.2 42003.2 39000.4 18055.6 23740.9 23646.2 23913.2 72240.5
 960263 85556 61965.2 53389.7 44477.1 29724.6 35613.7 28171.3 67790.1
 1.26518e+006 138496 127531 55159 34061.3 40974.8 59740.8 36284.3 79817.1
 386432 85523.6 143895 50614.2 32635.8 30427.9 43929.6 28855.7 65342.2
 922456 66189.8 249382 45692 31126.5 27177.7 36515 25460.3 63371.4
 337268 69639.2 124350 50537.7 14254.3 15704.4 18243.3 14915.6 35163.6
 343613 32570.3 125539 23575.2 10312 10160.9 8836.93 12249 23177.7
 162001 16952.4 86610.1 24054 7499.73 8319.28 11094.9 12515.2 19717.5
 186362 33194.5 108795 42436.9 13716.9 16137.9 16713.1 20503 31657.4
 734399 72596.5 153639 76540.1 33979.4 30822.2 26773.8 38654.9 66499.7
 386838 65464.3 101691 38555.9 32388 15427.2 18698 27492.8 39083
 664493 75045.9 108648 21504.7 16455.5 11294 8653.38 12017.6 23398.8
 483757 79235.5 102731 26873.8 21108.9 20140.4 9081.38 12237.1 27683.9
 204411 67567.4 84600 17446.6 22672.4 9811.14 6400.67 12753.5 28026.8
 172314 46224.7 84515.3 14676.2 18126.8 4298.08 4838.56 6183.3 14940
 260364 78122.4 129553 45065.5 26584.5 18359 13597.5 16187.9 36190.4
 165085 44501.7 66161.7 14597.8 7420.23 9113.07 6361.03 10166.3 18945.8
 273611 43491.1 71946.5 16610.2 6101.14 5393.44 4863.22 7996.7 27300.8
 239327 30668.4 81175.4 14720 8008.38 5594.9 5846.99 7087.77 24021.2
 196570 35451.6 32089.7 6757.42 3326.73 1969.21 2676.15 2058.1 10177.6
 526372 31083.2 40846 15335.8 4853.47 2201.56 2414.7 3407.32 15102.2
 158516 53142.4 37613.4 14917.9 8511.47 2275.54 2646.84 3624.61 16679.6
 124663 21681.7 30444.7 10324.5 5412.95 1309.31 1601.54 2393.66 10360.1
 735783 38460.2 46600.7 19739.7 7425.85 5128.58 4264.29 4915.73 18328.6
 612439 56652 43273.2 14704.3 8577.97 7278.43 5651.85 6931.65 24404.9
 703208 38282.8 46148.5 15537 4621.06 3647.48 3022.9 3682.76 13136.5
 143263 34095.7 50134.2 11563.7 6235.64 4980.79 7511.86 8443.76 18960.9
 786904 62127.8 50522.6 30369.4 9491.89 8620.58 9676.16 12866.9 31647.9
 572222 102627 75615.4 21679.5 12304.1 5438.55 5567.06 8572.99 20388.6
 447314 32703.7 26308.7 12971.1 6257.87 5386.27 5628.72 7316.91 24881.9
 454714 54858.8 33228.5 11873.4 9925.16 6021.04 6020.07 10196.1 42698.2
 171871 52441.1 82414.6 7500.23 14331.6 7062.98 8089.06 8417.27 34285.8
 71644.3 73433.1 90590.3 10985.6 16513.2 8099.53 9104.72 8775.24 43127
 322741 58279.4 56581.5 17409.3 12126.5 10961.7 12400.1 8095.59 25890.9
 484438 48646.9 80138.9 22246.7 9443.08 8145.68 9993.28 8235.22 23904.8
 870504 100944 50261.7 40054.4 24137.4 13302.8 25038.6 18250.4 54040.5
 1.12348e+006 111183 73957.8 19656.2 13274.1 9308.87 11010.4 13038.4 35990.2
 877819 86506.7 105869 37753.3 27153.2 24646.3 30522.8 41817.3 69076.8
 631341 96993.1 68631.1 35930.7 26276.1 11818.7 18614.1 21604.5 46973.8
 647515 135468 139220 28068.6 35689 25168 20617.3 22260.4 47634
 245098 74179.3 100397 19513.3 18841.9 9852.89 10788.3 10401.3 36168.1
 251915 174793 61695.4 35732.7 14813.1 11582.1 10852.9 9399.61 25462.6
 210533 115989 55010.5 14894.2 6444.53 4029.41 5214.06 3545.02 14927.1
 304420 92718.2 81588 33239.8 22913.8 14359.7 23011.9 26036.9 41236.9
 507231 85831.9 87611.6 46426.2 25410.3 17017.9 24353.4 31805.4 55158.1
 495453 94768.3 106053 43630.2 31514.2 31843.8 33503.1 39002.6 78386.7
 769243 140889 76234.3 26335.9 48321.5 60729.2 48755.5 53275.4 87159.3
 690397 66576.2 72802.1 23620.2 25343.3 21575.7 14320.5 13189.6 29182.8
 434732 38020.7 59427.2 29544.1 23685.7 14655.7 16465.4 18142.3 59315
 578185 64531.3 97295.7 27087.5 24871.9 15557.7 16984.7 15355 56886.1
 484289 48257.1 93021.6 11401.5 8310.67 10093.3 12592.2 14719.8 41335.9
 214867 54108.5 48354.6 11456.7 9090.71 5302.56 6250.09 5532.98 24430
 82564.1 44187.3 31177.4 13280.9 6896.18 3988.1 4977.25 4787.79 24906.9
 209011 77523.2 42454.4 26292.9 10750.6 4608.63 5607.91 7952.06 36077.9
 683612 82783.2 38208.8 8874.75 4096.18 2493.33 2768.56 3152.77 17941.3
 384715 41662.3 27640.8 11575.1 7064.65 2944.57 2669.75 2371.19 15629.2
 167503 42577.1 30458.3 5493.66 4806.81 2439.51 2753.16 2430.98 12682.3
 138188 49034.3 31528.7 9032.16 7980.06 5110.04 8717.47 6557.01 21130
 113056 58860.5 45624.8 19035.6 19978.6 8712.24 18226.5 13165.4 31308.8
 189016 92924.3 98860 22922.3 18208.3 7521.68 12832.9 11953 32691.9
 168881 105982 88469.8 41025.6 20513 11642.8 15391.2 14121.7 37632.4
 295921 57853.5 65883.4 14445.5 17438.6 9627.47 14566.1 10759 36586.3
 81237.1 46233.6 58811.2 18679.8 8637.36 8284.11 9792.21 12436.9 35204.3
 110153 63869.3 42880.8 13940.3 7894.92 9776.11 7355.46 11265 24227.6
 155113 51357.3 42583.5 7702.92 4523.62 7072.08 5718.78 5632.68 16132.3
 464419 33727.6 34836.2 9849.45 16214.1 10706.4 10720.1 12076.4 34855.6
 113142 57818.3 54527.5 6735.05 13921.2 8904.67 8311.11 8511.81 19204.9
 281436 50018.6 39087.2 11610.2 9947.01 11524.6 9173.7 17344.1 43130.4
 175998 43836.1 54072.5 10282.4 6060.37 6316.54 4471.74 9142.49 28643.6
 130821 30593.2 74541.4 24403.7 12912.5 12014.9 7692.31 13195.6 36265.4
 466777 78617.2 41189.8 20942.8 13495.3 7672.95 9855.07 13721.5 59886.2
 325433 95880.7 42257.1 17100.7 9759.16 9176.78 9163.29 9843.3 37791.1
 368879 49543.6 101062 18415 9960.54 6718.57 6474.86 6769.57 18508
 289353 26238.7 45820.5 12905.8 9010.28 7220.96 6118.44 9651.12 31048.9
 227464 69152 74551.1 16675.6 9611.18 9000.36 6725.8 8039 20457.9
 179589 50673.7 54595 18831.2 4604.26 5618.87 3651.77 4168.8 18294.5
 548633 142104 53890.8 16279.8 3879.97 7452.53 5734.51 5320.48 18027
 200566 107696 80763.9 23667.3 6363.66 12824 10121.1 7625.5 30563.2
 724739 71433.5 103844 18606.1 11529.6 10151.5 12722 13226.3 37889.5
 246697 69655.9 91594.4 25342.5 14476.3 12315.5 21350.1 16699.2 54142.3
 593952 117008 160297 38430.9 27289.8 17671.1 32944.3 21967.2 51563.7
 1.74106e+006 68641.1 117676 35488.5 24685.1 19073.5 19230.4 13776.8 38517.9
 627118 104006 94481.6 22524.8 37920 17410.4 21814.3 16943 49992.9
 1.19248e+006 134022 87909 16987.1 23588.4 14837.2 18344.6 18321.8 59117.6
 626737 178831 96834.4 35206 27519.5 11853.8 12031.2 12130 39755.9
 719729 70144 55670.6 25934.7 30489.7 7464.62 11533.7 11069.7 29215.7
 821849 85917.2 54851.7 25400.8 26668 11400.5 9826.91 12328.7 36860.8
 475958 83071.7 52028.3 10328.1 22204.2 5173.59 4574.45 5671.92 16871.9
 219224 70821.8 42130.1 10914.1 9356.04 3830.08 6878.03 5794.6 30000.7
 242964 80297.4 82977.6 16843.2 8313.18 13687.8 11000.6 13076.2 38139.2
 114857 73234.8 68358.3 18679.2 20052.4 11176.9 17547.4 19574.5 72640.1
 440788 93126.5 178402 40584.1 31807.8 28810.5 27912 39380.8 90842.4
 1.05859e+006 73244.1 258235 45403.5 34800.2 38308.4 28473.7 32194 75739.7
 304389 124169 340466 60528.5 50596.1 26054.9 27960.8 35990.3 86460.7
 297058 178024 224490 91878.4 73211.9 29617.4 23194.2 36552.7 81536.9
 555399 105405 169168 34488.2 39822.2 19183.6 13930.1 31639.3 56598.8
 319688 50628.4 121355 17246.8 32545.7 16377.8 11148.2 22798.4 42657.1
 446171 56448.4 83083.1 8269.69 25854.2 8164.18 9777.7 12518.4 27178.9
 169575 163999 73213.4 21108.7 45366.3 11211.7 15582.7 15896.9 43499.4
 260254 77923 54516.2 28761.1 21679.3 7267.81 10198.7 9812.43 31289.7
 168859 27268.4 59189.4 13423.9 5990.46 3039.14 4449.53 4472.46 21655.2
 318122 19983.1 47348.4 8208.61 5135.55 3281.55 3294.41 2743.07 15496.9
 416219 32042.7 40381.3 16760.5 8438.56 4492.81 5856.14 7053.39 21587
 468162 40387.6 19885.4 10532.5 6433.49 2190.17 3579.16 3348.18 10888.6
 469776 42423.6 49153 22813.9 13121.5 9692.1 16576.7 16620.2 33131
 752915 32167 51032.4 23571.4 12483.7 7738.6 10205.7 9535.95 25640
 1.24432e+006 13747.3 31789.7 13221.7 6957.54 2483.76 4665.93 4307.73 9290.51
 1.45562e+006 20785.7 32648.4 6014.44 7243.73 2413.72 2771.53 2459.01 4808.17
 631582 30013.2 59363 12631.7 17116.8 2819.11 4511.33 4200.63 6061.76
 276702 72464.5 52959 20225.3 23130.3 4824.99 9235.86 7324.14 15025.2
 200031 37999.4 19801.4 4971.72 6795.4 1308.82 2398.13 3340.83 9892.48
 501414 86131.8 48731.3 11707.4 15794 5647.74 7199.28 7556.14 20936.4
 272271 55946.4 31795.4 10851.9 12890.3 4596.89 3710.85 3501.94 12769.2
 220575 91424.6 51153.6 10996.8 7706.98 4017.91 4662.38 4945.77 18056.9
 420589 193363 100009 21267 17199.4 6344.92 8322.28 13376.8 25784.2
 494626 98617.3 88767.2 26152.7 15320.6 7957.76 7108.65 13159.8 41794.6
 702578 83169 104797 17962 17596.6 13348.1 6847.79 9573.22 34251.9
 615717 72783.9 86607.1 30649.4 15959.8 11071.6 9695.38 10060.9 29536.9
 337271 34555 41237 10285.4 6465.54 2367.43 3420.89 4429.89 21673.8
 612124 25027.6 58695.9 15432.1 9818.13 6672.22 9132.57 8654.99 31038.8
 190242 47209.8 85981.5 17168.7 7851.77 7326.65 5173.98 8365.58 32911.4
 365507 28734.6 125000 19599.4 16927.8 15944.4 13931 14768.5 63268.6
 736812 23251.3 89876.7 10490.1 5913.59 6981.99 6169.45 5946.02 31597
 1.08604e+006 45646.8 98851.5 16691.1 7328.79 7034.87 7388.26 8538.43 32495.7
 477276 54222.4 63317 9426.18 4513.12 3724.36 5814.29 5900.28 19617.8
 538619 99828.6 66124.6 14440.1 10295.6 7600.25 7784.68 10698.4 33363.9
 196080 65414.4 74229.4 20965.9 12169.4 7788.41 6738.77 8830.22 35780.6
 596839 54563.9 76846.5 35712.2 18619.4 12372.1 16609.4 14490.2 47047.3
 897382 94209.4 74803.3 29963.5 15741.4 13920.8 11050.3 11615.6 38992.7
 677741 69311.1 57354.5 26950.3 16777.6 13909.5 9444.52 10981.6 43562.9
 404001 57448.2 61492.5 13451.8 8829.99 8961.02 5981.52 8755.85 41541
 226156 89930.8 33501.7 11581.4 6222.27 6387.94 5823.29 5729.29 27989.9
 265791 46049.4 31064 13374.9 10337.3 7385.05 12252.1 10778.2 27789.7
 279915 44376.7 55344.8 17214.2 17121.2 10030.4 17056 18144.9 42980.7
 155110 50328.2 66089.3 12831.8 17161.6 8649.47 11196.5 11406.7 39805.9
 433088 122490 158321 24534.2 42114.5 19439.4 21488.1 24033.8 54334.1
 610911 85570.1 166529 26330.2 45966.3 22776.9 34310.3 43039.5 93964.4
 588322 103584 147253 22201 23492.4 16997.3 20843.3 24282.7 68664.3
 284692 74682 86600.9 13705.7 12475.6 6798.83 9511.52 10151.3 34507.3
 427783 91259.6 115324 18052.8 16353.4 9580.11 15918.7 13031.2 37868.6
 277519 130173 123595 21748.5 20570.4 20712.7 30516.3 29128.1 66193.5
 835482 77823.6 129524 26676 21275.4 16820.7 16742 18011.1 47563.5
 703836 45175.5 80649.7 23445.5 18470.8 7172.67 15156.1 11239.2 34653.3
 535243 52709.6 40628.3 24600.4 27626.9 7443.93 8931.38 6601.59 22787
 916733 70297.7 115603 27324.7 14143.2 17066.1 15886.7 13294.5 31285.7
 697196 52871.5 29920.9 19346.6 5651.63 8130.84 8041.1 9057.07 24021.1
 196427 49694.9 59784.1 10075.5 9527.16 8399.84 11848.2 8827.8 22893.6
 502698 58084.3 69459.2 11719.9 8979.82 2918.12 5874.51 8180.92 28229.6
 472245 55869.5 65311.7 8074.26 4695.05 1611.75 4276.19 4190.21 21731.2
 766479 96700.8 46055.1 20507.9 5194.98 4004.24 6278.12 8837.43 28712.1
 537916 46477.9 52963.3 9841.98 4147.38 4458.15 4389.49 5398.98 22748.2
 286854 30809.8 38763.6 13489.7 10038.6 5831.07 6542.52 5718.34 35129.5
 638181 46692.5 56453.6 19835.4 20251.6 14118.3 10469.2 9604.88 37372.7
 980677 110362 52438 19040.5 10582.5 6162.43 6525.87 7202.37 33345.3
 402928 68499 42443.1 8569.99 11668.1 5759.38 4995.55 4318.76 23205.2
 802961 125652 51655.7 16393.7 13497 11407.9 9630.32 10469 37179.2
 356389 48545.1 67146.2 22513.5 13190 15583.7 11005 11180.1 33909.4
 327612 66574.7 118606 42433.1 23123.3 21938.7 17923.5 18081.1 33963.7
 277442 65136.3 95889.4 11470.2 18766.8 13461.5 13927.7 8998.59 29168.3
 232979 55725 51294.7 18762.7 13684.5 13773.6 16156.6 10916.6 39919.8
 267615 48657.3 55977.6 14125.8 8780.64 8708.33 13925.8 10434.8 33082.6
 218946 33222.4 69525.2 13726.7 8675.86 10803.6 12216.9 12421.1 39976.7
 377226 35049.9 130558 15569.7 9651.89 4827.06 7345.8 7737.29 20241.6
 896578 58909.6 74506.4 9040.24 10537.8 6721.1 9240.7 8190.2 25807
 568905 102788 90925.1 20144.2 9739.59 10373.9 10593 9937.69 33787.3
 700774 73677.7 71828.7 11448.3 9916.7 7149.07 9102.65 7806.78 37400.5
 994123 68536.5 47815 14921.3 11919.8 8843.59 14683.2 12624.8 39273.7
 327519 85202.6 31621.5 6971.76 6421.79 9937.26 15338.9 11323.3 47906.3
 468280 95888 59199 17963.1 7683.58 12885.8 11644.3 11455.9 41321.5
 1.77748e+006 85988.1 37916.5 5911.25 2590.3 2826.85 3893.46 3131.92 9049.33
 723083 57214.6 57946.3 6133.62 5835.98 6502.43 8503.22 8553.22 31393.2
 891438 75039.5 48120.7 16239.2 13022.7 7672.02 10871.4 9246.44 30779.5
 462795 71814.3 29491.7 13082.2 3475 3296.55 5062.49 3970.11 18970.8
 373265 45180.3 41445.8 14209 6434.33 7238.85 10053.3 9112.65 26398.6
 908167 29148 35649.6 23085.6 21823.9 10364.6 13881.9 15243.1 40330.3
 1.03896e+006 40148.4 56592 27719.9 33052.3 9006.5 10042.7 13061.3 47133.2
 340261 42555.3 41093.4 16163.2 11316 6150.58 6145.67 9566.06 23006.5
 271066 48744.8 39732.2 27364.1 25366.6 12867.6 7890.68 8390.83 30915.7
 273811 34249 21497.7 14884.6 7012.36 2533.66 4077.03 3763.27 12413.3
 251359 48357.7 36255.6 23530.7 23743.8 10989.8 16571.1 14490.6 33407.4
 349720 110102 50514 39286.1 17317 13163.8 11105 15607.1 34774.9
 1.28923e+006 69642.6 41371.6 20379.7 21376.7 14395.2 8826.41 11786.8 38131.4
 854446 39800.1 49995.4 22565.7 18366.6 9584.42 11791.4 12780.2 44710.7
 1.79384e+006 21874.5 37630.2 14430.2 15578.3 7820.58 9956.44 9324.79 30609.2
 855714 18012 52244.8 9763.25 7618.25 7462.4 5928.86 4654.27 24349.5
 317768 41618.8 44023.7 9366.95 14543.2 5689.23 5885.77 7419.39 32656.8
 865598 107846 50054.3 15725.7 14699.6 8639.35 6540.91 7695.61 31619.1
 717890 126510 40329.2 12122.3 10584.8 5888.75 5580.17 6823.72 31448.5
 156343 78354.1 52416.6 13979.6 9797.03 4947.7 5400.68 6574.9 39057.9
 1.86845e+006 136766 67411.7 19965.3 12789.4 5307.18 7648 9271.49 35304.9
 1.38485e+006 73730.9 51451.2 16750.2 11113.7 2825.47 2611.22 3547.48 15095
 469575 88885.3 84847.2 32713.9 17922.6 6365.74 8535.7 6955.52 34278.6
 386096 41922.4 44088.9 33250.7 23660.1 11329.7 10299.5 7999.1 32795.9
 1.16867e+006 61207.6 50525.1 19290 24330.4 10084.2 8547.5 7996.35 43295.4
 797529 70308.6 27999 5304.31 12140.6 7201.4 4223.27 5245.04 24377
 208952 102814 61816.8 8150.11 18704.7 12236.8 8370.87 16491.1 59940.2
 680768 52867.8 75934.4 6670.05 10152.1 6612.04 7139.82 13606.1 41699.8
 973451 85826.9 52393.3 11471.2 9863.94 5926.29 7846.38 8321.99 34378.8
 390053 40683.8 64748 18225.8 8566.52 4071.9 6666.02 7306.34 31297.2
 290268 81767.8 97887.8 15553.5 12352.5 10280.5 18073.9 17338.2 36706.4
 300886 69096.5 57914.7 18669.8 9354.83 7358.75 11463.7 13416.1 25306.3
 251738 73201.2 79636.9 11897.9 8438.32 6982.05 6803.14 7757.35 23090.1
 121848 43616.6 58857.8 12209.4 9565.08 7550.67 7436.2 8322.35 25004.5
 313233 40629.1 77867.7 13951.3 22357.8 8070.15 14975.8 15928.1 30413
 385971 31459 48932.6 17127.5 9707.09 4206.45 6031.24 5126.61 17110.6
 244089 95252.6 66561.4 24682.5 30312.6 16172.6 27270 27479.3 66566
 468739 158324 168906 42562.2 53267 31324.9 38093.2 39798.6 94589.7
 232155 121365 96947.2 29842 30960.9 22330.5 27448 35876.1 94855.2
 181861 73122.9 83299 26212.7 23519.8 21867.5 19103.8 28806.6 80015.2
 142809 85332.4 109513 27350.4 32074.3 20460.8 22184.3 31633.4 55915
 152484 104944 114202 13474.4 25912.6 23089.5 19696.6 34556.9 74993.3
 75677.4 117905 92379 26379.2 32154.7 18665.9 22877.9 20843 71773.8
 723345 110604 155293 23082.5 36584.6 19412.6 23714.6 29415.3 74907
 1.24492e+006 181076 104749 30513.8 36081.6 15248 24421.3 34779.5 64432.7
 614000 191149 92845.2 35785.6 37844.1 20936.5 38806.3 36472.4 67356.4
 675204 164554 151520 39785.4 29455.8 21201.6 40550.1 39207.9 89153.6
 440893 149113 165332 44813.3 33104.8 21961.9 30057.7 37619.6 81934.6
 281676 44741.6 58141.6 13349.4 12315.5 5772.9 8682.59 9829.94 28485
 298468 22519.4 40567.5 4919.65 6928.74 3053.82 6083.08 6690.2 18892.7
 97789.9 23904.5 34615.4 5532.29 4455.03 3325.97 5209.69 5997.86 25152.2
 96981.3 36879.8 63219.1 6715.1 8442.06 7956.06 10158.3 13862.7 34107.5
 304580 37803.5 32297 5420.23 4225.83 5081.06 8149.99 9122.29 24102.9
 207113 57533 19888.4 4410.57 2518.16 1986.83 5207.24 4036.33 13919.1
 147152 47136.5 49019.8 7275.75 5968.18 4070.88 5542.38 5942.07 22329.2
 420789 37283.2 34271.9 8998.62 4888.49 3766.34 3143.53 4745.92 13754
 498030 40082.8 39416.7 10140.8 4783.19 2721.18 1820.97 2514.56 10928
 272379 47932.6 47440.3 9038.16 11850.8 7059.25 4370.02 5337.98 29260.9
 379734 93244.5 36676.8 8950.72 9579.75 6950.93 5170.1 6784.74 25496.7
 1.31481e+006 77647.1 53035.2 17280.9 10180.5 9132.01 12291.2 12710.9 37062.9
 711048 61509.7 63174.3 23635.8 9448.69 15981.7 16265.1 19348.3 45409.4
 368347 45479.4 61471.3 15383.5 9241.54 5722.01 7357.06 7298.09 40277.6
 491502 33877.7 48593.4 21178 7995.09 6277.4 7308.68 7126.16 31922.7
 448418 31436.3 23567.1 13760.7 3523.46 2791.33 3059.83 2170.41 10613.1
 362475 65005.5 44214.5 18537.3 6207.22 6402.67 7051.58 6702.67 30564
 228121 28930.5 34140.3 11079.7 8351.46 9803.88 8851.33 9020.73 34767.7
 343284 26261.3 25730.5 5102.18 2558.65 2515.92 2497.18 3019.31 13298.7
 795137 31391.9 19848.4 7626.81 5765.14 3519.11 5499.26 5270.11 18719.5
 560320 18291.5 39658.1 7452.26 8295.42 7006.08 7672.45 6567.78 16841.5
 417489 21964.3 37183.4 6869.53 6170.91 4556.18 6750.73 6207.61 20497.6
 114110 49463.8 51317.1 8897.9 11884.5 7307.23 5837.36 5794.64 16221.6
 80426.9 61872.3 38475.8 6452.04 7407.24 5217.82 6897.13 5264.44 15229.1
 151139 70932.8 64316.2 20003.1 22355.3 14226.2 14559 13698.3 27533.1
 399093 50938.6 42946.6 47703.9 21420.5 14835.2 26851.6 21364.1 33785.5
 158384 71013.3 43897 48805.7 25153.2 9645.42 20116.5 16368.5 31440.1
 90161.6 54515.1 48132.8 28314.5 22076.2 8677.47 9385.97 11160.3 22738.7
 688686 91464.9 46889.7 35173.2 24327.1 13924 10214.4 12262.9 27699.4
 758197 97531.3 40066.6 21493.8 23199.9 12859.5 12341.4 10040.5 20700.8
 446742 84812.6 51038.9 31033.7 26330.5 19439 9822.17 13637.1 31121.4
 102215 70624.1 31514.3 15657.1 6206.7 6089.23 2389.51 2106.47 10743.1
 282130 76610.1 33540.2 12186.9 8864.06 7371.72 3221.68 3117.86 16081.9
 686714 92594.9 40281.3 15878 11889.3 9635.6 5904.26 5649.94 17694.2
 458172 83162.1 60745.4 16192.9 6457.63 5774.09 4726.69 4011.38 11831.9
 726329 112198 76454.9 22354 11587.2 9307.82 7962.4 13286.8 21982.2
 301443 103805 110762 26021.8 11908.3 15347.9 10984.5 14798.8 29527.9
 625931 91579.8 96386.5 41983.7 19711.2 18423.1 19260.4 13638.7 42770.2
 312746 85391.8 66368 39887.8 12952.8 11394.3 6672.2 6333.08 24013.8
 587420 79000.5 49894.3 30916.8 17169.6 9780.14 14100.5 12646.1 43757.5
 431337 86316.4 93499 24976.9 25679.6 12975.3 24833.2 24708.8 50987
 297770 54277.6 98056.5 24805.7 24281.2 17975.1 27945.6 29914.7 66364.7
 658967 40685 71452.3 21882.2 23081.2 12925.2 14480.4 22162.2 53342.2
 236807 41476.5 75551 17545.1 12907.1 17592.3 15070.7 20275.5 48481.3
 192953 22624.7 44069.5 13882 12547.4 8306.86 8081.29 10136.7 27905.1
 301911 27770.5 64383.4 22395.5 16736.3 12416.5 12232.3 12812.3 36071
 162430 32960.3 56937.3 11267.1 5225.19 5480.66 6178.64 6007.42 23222.2
 288316 55469.7 51573.6 12055.6 8448.29 11968.3 9226.72 9972.93 27606.8
 494436 77317.4 60395.6 17691 15233.5 12586.7 14716.5 14593 26556.3
 203500 47649 33864.9 10062.9 12999.8 6169.52 11336.8 8559.32 21787.8
 514263 32468.8 55234 13337.7 9803.68 4416.62 5582.88 7016.17 26016.2
 633093 55849.4 76426.1 23792.4 12114.6 7387.66 7530.22 7835.58 10971.9
 445849 64905.2 46016.5 9637.47 6904.99 3814.68 6256.26 5031.39 6768.25
 438234 36623.4 33242.6 16777.5 9802.24 5876.36 5450.13 4875.63 11965
 354006 32348.1 36541.5 16755 14224.2 9646.19 11659.8 9314.59 20947.6
 445470 53733.3 43644.5 10852.1 18572.7 10707.8 9652.76 9306.92 20743.2
 227726 63978.3 70815.1 9959.91 11112.9 6531.45 8269.56 7254.35 18005
 416305 32616.9 44025.3 6760.75 13090.2 5877.28 9666.85 7487.7 31601.7
 263090 48623.3 99883.1 10905.8 23846.4 14055.5 22110.4 22509.6 58421.9
 382882 90638.3 100541 15468.2 35064.1 16048.2 21621 16808.8 40633.8
 411930 85155.8 126172 20181.7 35492.4 28231.4 22940.1 15053.3 52074.7
 464592 87874.1 73579.2 22578.8 12528 12162.7 11499.7 16216.4 46448.7
 537872 94600.5 103526 22914.2 43486.4 19849.3 35365.7 48634.5 115080
 1.23529e+006 93215.5 84712.7 9853.5 27203.6 9732.16 11693 23730.2 72904.4
 1.445e+006 57684.8 58482.7 5096.37 14349 5390.92 6045.09 6769.15 37751.4
 1.16038e+006 93274.3 48641.3 7891.97 13436.4 4094.75 5751.75 7491.18 20085.3
 255097 73613.5 104134 13488.1 17088.6 9055.16 14763.3 13407.4 32366.7
 493430 71211.2 65232.3 13386.1 10464.2 4742.4 3751.25 5843.77 19873
 528635 44307.1 37355.3 8823.01 5963.64 2152.88 2694.54 3329.39 10901
 487231 68499.1 61833.6 14471.9 11168 7609.24 8659.31 8277.62 27131.3
 932266 70322.1 93075.6 37220.8 23658.7 14720.2 16933.4 16183.9 49514.8
 2.26904e+006 94111.7 63793.1 16085.4 25623.5 7587.37 9694.01 16918.1 26489.4
 573077 109602 63899.2 26967.7 29376.2 12402 15390.4 22671 43309.8
 189120 69492.4 74201.1 25273.2 29731.1 13591.7 15527.6 19603.5 53126.2
 220360 131079 57270.7 33355.7 34706.8 17037.1 16054.5 17707.4 33532.6
 199041 54633 33923.4 20476.1 14961.7 16979.2 11022.9 12280.7 39848.1
 157292 25737.9 18958.2 11418.7 14710.4 16200.2 11890.1 12175.9 30061.3
 322084 77558.9 24825.8 13382.3 16651.7 13923.4 15218.7 13023.7 29224.9
 433287 38580.9 24970.4 11711.5 12220.5 15294.1 11855.5 9470.09 24163.5
 432799 35607.9 52354 18107.1 16112.3 20760.2 16737.9 12351.7 27972.6
 439891 69575.2 97233.6 12783 17825.8 23688.5 14606 16398.2 31254.2
 378347 76684.4 108248 14608 10281.8 12299.9 11103 11126 30012.5
 236915 93905.6 91553.4 25970.2 14834.8 27195 16159.2 18084.1 42560.8
 205586 61567.3 113063 27072.3 14334.9 21112.3 12957.4 16858.6 28602.7
 344579 84556.9 78308.9 19351.9 13536.4 10157.8 11958.3 13769 42742.2
 262695 72187.9 74259.5 20766.2 16912.2 7355.99 7080.59 10656.5 28936.7
 412627 108335 147487 24871.2 20070.2 11620.4 14708 14012.3 42052.7
 133730 140095 136587 27574 14385.7 8698.18 11933.5 9928.43 23909.1
 225666 92394.7 94891.3 19354.3 20375.3 10457.1 8855.69 12848.9 30596.7
 116367 81998.2 78885.1 27444.3 20317.7 11947.5 12643.3 15718.4 44508.1
 240596 117211 44322.2 13569 27980.4 11506.6 11305.6 16834.9 39175.3
 332874 79528.8 38989.6 15948.4 17594.5 7369.95 8261.93 11907.3 28939
 359460 63267.6 53973.7 13027.5 6702.11 3555.13 4444.25 5785.55 24856.7
 829745 39871.1 44851.6 18817 10803.1 12356.3 12938.6 12498.1 36952.2
 306172 117883 38041.8 23075.1 9451.62 15843.4 16769.6 19643.1 52406.1
 364435 71439.3 83822.4 20836.6 16474.4 12688.8 13042.8 14688 35497.7
 421642 37898.7 43740.7 8205.6 13719.3 9284.55 9447.29 7941.02 27151.7
 283771 60261.8 30022.4 7480.03 9491 5710.67 6594.94 7427.46 26400
 307715 91480.8 57804.4 24844.8 28114.4 14987.9 18497.8 20838.5 33121.6
 620357 62836.6 62051.9 24288 43261.2 9618.91 14440.5 17065.1 35884.3
 217812 33809.4 62604.6 19129.6 33940.1 5606.06 9555.48 12166.4 25725.9
 208374 62691.5 70611.8 22192.7 36487.3 6361.38 6003.44 7949.25 28594.3
 225567 37475.5 28542.7 13660.4 16193.5 5999.28 6412.06 7107.31 22927.1
 141401 31104.6 30593 18104.4 15192.9 5312.68 7701.27 7927.33 27656.8
 310796 37818 32810.1 21470.6 15957.4 11263.3 10005.4 10105.5 27282.2
 734331 31894.9 70054.6 24240.5 15148.8 8873.53 9325.5 7882.88 24119.9
 303008 23678.3 51606.7 33322 16218 6924.29 8193.92 7105.61 16020.6
 173020 30589.4 36982.4 8973.29 5992.75 2585.76 3698.33 3426.22 15966
 261894 39057.7 25131.2 10489.6 2689.02 2004.64 3885.06 2951.39 14938.1
 83683.2 65985.1 44058.5 14662.6 7309.51 5322.58 6846.8 7352.35 17508
 101261 49825.3 27992 9896.02 6891.27 3184.63 4024.23 3213.94 15724.3
 75995 49225.8 46039.8 9291.07 6383.31 6127.25 7990.28 6191.84 29453.2
 115721 64166.1 36477 4914 3250.09 4587.12 3646.46 4450.09 20953.2
 98134.5 87505.8 51810.3 20199.7 5636.64 5411.81 6461.87 5082.97 19229.1
 54491.7 79593 49106.4 19817 13032.1 9423.88 15530.5 12605.6 45221.9
 95523.1 60736.7 34518.3 10087.3 12741.1 8098.51 8276.7 5905.5 23387.7
 183954 66349.3 43020.6 9609.16 5575.43 4178.67 3339.03 3413.28 27340.2
 272798 55868.3 42170 10420.4 8598.32 5885.48 4143.38 3574.12 16399.2
 257833 113307 78067.6 14719.7 11596.2 10985 8883.82 6517.88 18292.3
 692012 91011.5 67122.4 23089.3 14127.5 8172.75 8877.18 6932.49 22085.1
 1.16732e+006 85931.8 56563.1 20301.1 7060.65 11336.3 10280.1 9185.81 30871.8
 1.23255e+006 140653 113914 50525.8 15053.5 15608.7 16510.2 17043.3 52525.6
 1.48385e+006 77453.5 75775.7 24208.7 15848.7 17994 14269.3 20669.7 50447.5
 611613 73935.1 81076.7 25865.8 19401.3 18018.6 18289.1 18281.9 33119.7
 948693 58823.7 60575.2 27522.7 16257.6 19775.5 12646.8 14253.5 31638.1
 2.21923e+006 66306.7 81208 36854 21894.5 24902.6 12408.4 13910.7 39231.5
 519423 63088.6 60514 11556.7 7158.04 6891.91 4593.39 5891.27 20434.6
 242895 65558.5 50197.1 10105.6 3597.41 1712.46 1479.17 2059.61 13562.1
 502524 40777.8 74187.7 16360 8498.87 5705.65 5375.05 6073.91 32294
 158637 34276.8 66592.1 16786.2 12370 7755.79 9177.6 9213.72 33225.1
 279719 50754.5 58841.2 22720.3 12242.4 6182.89 5471.96 6457.15 19825.6
 530508 59195.6 54667.3 37317.5 12406.1 9210.39 6589.75 7357.27 19998.5
 233175 83298.7 111983 35785.4 17356.1 19110.9 15406.3 13686.3 46522.7
 330942 107174 97065.1 56005.9 24559.3 25329.3 19493.7 22134.6 37998.6
 625440 50570.6 67001 27283.7 11450.8 8527.66 6390.97 6941.4 18357.7
 329285 56287.7 39214 19033.3 4404.98 4924.2 3648.17 4413.19 8240.9
 120978 108524 49919.7 21481.5 11877 8429.65 7484.09 8231.24 21286
 115211 66864.2 46384.3 18980.5 18041.2 6611.59 7311.74 7277.95 19036.8
 132144 75078.7 62313.9 21947.6 6116.03 7754.65 5559.51 6293.27 19107.7
 110556 35431.2 65517 28169.4 5346.48 4816.35 4672.44 3774.81 15245.8
 195659 59333.6 73394.6 32182.1 7992.55 7104.01 11453.9 10451.9 26269.6
 245418 49744 70605.5 11924.6 4724.78 4633.52 5869.43 4291.47 11989.5
 692395 51447.7 80874.7 20111.2 10701.6 15506.4 14211.9 10794.9 34520.5
 199141 38494.7 72935.4 7777.81 12978.6 8228.99 9328.21 8407.22 32468.4
 112373 33728 27353.6 3864.62 7413.54 3289.07 5476.6 4327.8 19787.6
 336016 36520.8 37338.2 12371.4 11947 6753.6 7947.1 5782.45 23887
 426713 60849.4 47285.4 6876.51 5299.84 3939.72 5697.08 4540.89 22249.6
 618657 71430 21857.9 9695.27 8350.52 3974.9 4985.7 4680.99 20968.5
 307966 77398.9 42608.6 9530.88 7104.06 2858.93 3362.74 2981.37 12579.6
 905199 102498 48150 9097.42 10568.9 3204.76 4840.36 3799.83 18309.4
 397702 146100 84858 7848.14 10112.8 5095.64 6493.71 5292.72 27895.7
 245800 88592.1 87251.4 16300.4 22456.5 10344.5 11620.9 11355.7 34792.6
 215490 70811.2 56576.1 18387.5 25162.1 9177.31 12173.4 10977.8 26556
 221300 54442.2 51209.8 14624 14842.6 8617.05 11275.5 19652.7 55600.8
 706095 71091.4 56419.5 16445.7 11373.3 7528.66 5678.6 11727.1 31324
 307354 62548.8 43915.7 11960.4 5744.66 5352.72 3669.14 5683.94 31056.2
 362404 58415.1 30667.4 5357.1 4127.1 3944.09 2634.3 5906.57 17997.9
 274836 65065 43395.7 4724.07 12221.5 6468.31 5725.71 6749.52 18273.4
 257500 39597.6 45908.7 4500.83 8667.33 5703.33 4779.99 4917.84 18379.4
 565653 64762.2 118289 13116.8 19280.1 9831.28 15258.2 17687.2 33273.3
 220365 93551.5 111927 23295 24953.1 18353.2 22844.8 28436.1 54301.3
 471793 51051.4 64379.7 15048.8 14187.8 9849.03 10502.5 11846.8 33991
 556231 39642.1 69696.8 24345.1 12564.3 11308.7 10350.8 9774.4 32262.2
 224301 47764.5 30708.9 9918.58 6604.75 7276.16 6311.95 7198.51 20322.5
 189558 77713.1 45012.9 14518.2 12392.9 7762.98 9648.28 7079.58 26663.3
 563193 43938.9 34657.3 11000.1 7057.99 3207.29 3477.53 4140.59 15339.2
 1.09866e+006 39922 52779.9 11115.2 10098.9 7810.79 6394.99 8338.96 24152.5
 2.59974e+006 76555.1 64820.5 15375.7 13796.8 11411.4 11163.6 11146.5 30357.5
 296779 35268.7 44804.5 11234.5 11665.7 3751.32 7332.86 6998.03 25356.5
 222461 42784.2 22559.1 12831.9 5823.57 3415.15 3896.34 5564.88 18082
 157043 77961.1 27050.8 10913.3 10592.8 6043.91 5362.28 8741.11 39827.2
 128990 36992.1 27106.5 7475.22 10217.7 5862.18 5655.92 6666 31445.2
 344710 39737.1 88922.6 12314.5 10572.1 6239.44 7662.88 6964.37 21466.6
 885842 69791.5 63981.2 16050.5 9529.34 5327.29 6629.03 6362.68 16369
 396328 78480.1 75861.9 16823.2 7364.8 4893.51 6612.26 7034.57 16224.3
 669784 98078 77238.6 26713.7 21745.5 10722.5 14946.9 14548.7 46363.8
 488203 65158.2 78708.9 16113.5 10711.9 7647.96 9422.03 11716.5 27010.1
 363473 31566.6 47901 5267.37 2459.77 1495.05 1286.9 1711.69 9582.39
 236287 62584.5 79259.6 13379.1 12751 7276.99 9009.69 9265.38 22129.9
 61513.5 100266 50561.1 11870.2 16395.6 8709.35 7411.93 5377.68 15708.5
 614951 124160 48118.5 10186.6 15461.4 10672.1 9094.83 7522.23 20724.8
 453360 99696.5 21903.6 4094.11 8101.11 3831.14 4441.41 3506.95 9970.87
 279676 99799 72135.2 8697.79 13364.3 16193.6 11032.5 11157.4 29696
 399367 184630 65213 12092.2 10830.7 6609.27 6918.33 8674.72 24930.4
 448202 107885 99554.9 11954.6 9903.02 8518.01 8744.34 14003.3 26928.8
 475106 81895.3 144576 27997.4 15758 12909 11440.8 11417 31493.6
 853868 233808 119859 31923.5 17241.5 21017.3 16056.1 16536.2 44255.8
 405351 139725 45103.4 7923.34 13666.7 14859.3 10987.7 10428 22004.8
 594581 214052 50567.5 19442.9 11125.6 12382.3 7383.76 12304.2 35227.8
 303714 116343 90207.5 21330.2 16422.9 13603.3 11690.9 10952.1 42286.8
 253429 110709 82885.8 15341.6 25506.2 9666.36 10129.4 6862.95 24468.5
 505598 57707.7 91521.1 11067.9 9905.92 5001.19 5591 3193.04 8575.88
 707317 41600.8 117323 12085.3 11004.6 6229.03 7978.29 8029.04 19222.4
 330492 74359.4 71216.1 11599.3 17038.9 9793.08 8101.82 6658.03 26156.1
 130439 109093 69085.2 23274.4 16230.3 8710.3 8871.74 8423.4 28966
 395614 80518.1 82175.1 7399.35 10226.8 5990.32 6603.46 7701.9 26632.7
 416801 55538.5 45407 5525.3 5491.4 2520.86 3903.6 4147.73 13063.6
 123477 47823.4 55523 9789.07 8763.41 4092.86 6075.96 5923.3 19537.1
 230527 54672.1 61913.8 5997.87 15117.7 4277.79 9037.79 8744.69 22724.5
 393395 37607.9 35908.8 8010.47 5282.62 2556.63 5278.47 5971.34 15391.5
 166577 60487.4 17515 6295.44 6406.74 3091.06 2615.96 2634.82 13898.5
 456652 42005.1 66089.7 8454.81 9348.02 2662.22 4372.16 3542.92 13683.9
 637622 57694.7 115595 26724.8 32122.3 8714.56 12695 8615.63 21136.2
 397856 40412.1 38270.6 10477.8 5582.45 2668.96 3694.95 3781.31 14018.1
 393435 51643.6 76462.4 33916.2 16994.9 13787.2 14171.6 12786.2 42667.7
 431534 50725.4 62150.4 11773.8 12261 6512.36 6958.09 4767.05 21041.7
 307845 52222.1 26205.8 8831.65 6217.58 1444.39 1565.96 2215.65 14638.4
 363990 63871.6 37898.3 17763 9875.82 4331.03 3962.23 3852.14 15780.2
 1.81888e+006 82227.4 78241.4 27120.2 8633.8 10588.3 9392.73 7018.37 19830.4
 805316 152803 107763 30607.2 18832.3 16557.5 12837.9 13595.4 36328
 235629 49921.5 47040.3 12291.8 10561.7 11006.9 6333.94 9034.11 25046.1
 215741 29491.5 38434.6 6388.49 4912.76 4129.3 2919.78 3941.07 12147
 180294 39489.3 36127.1 9313.11 6601.83 2202.52 1704.53 2029.92 7400.17
 306303 45725.4 57042 7615.64 5933.81 2564.82 3391.84 2843.92 9310.53
 245093 66361.3 66030.5 10826.1 5543.48 3744.39 3225.65 2704.54 12402.7
 674596 38426.1 46150.1 6505.77 8012.4 5123.72 3328.24 3469.86 13544.2
 374010 56380.9 44792 6744.2 6444.87 3384.43 3020.92 4716.27 13225.1
 227825 50337.6 48001.6 8419.17 11241.2 5728.78 4195.8 6259.52 12300.6
 542713 28636.1 84064.1 9987.32 9970.76 5337.72 6447.36 9103.51 18516.5
 97622.8 43612.1 48249.8 22427.8 18400.7 15877 10854.8 21117.9 29833.9
 167377 84822.2 80849.6 34512.4 28873.1 16345.8 14107.4 20113.6 48208.2
 177457 39485.9 60296.9 24810 9138.51 7529.47 6150.06 9065.36 26537.5
 938928 44861.3 149113 10149.1 13261.5 11764.8 8741.2 11202.8 32080.6
 436576 38305.6 44527.3 6284.63 6509.15 6491.83 7742.52 6917.08 16412.4
 387424 45534.2 51940.9 15825.8 12870.3 8250.53 7287.48 10256.1 28042
 279543 34408.8 47119.6 8881.36 11801.7 5759.04 6074.71 7572.98 29283
 674527 76893.1 83477.6 13185.4 11477.4 4142.48 4971.28 6545.14 23829.7
 641716 97998 105398 31574 32998.9 8768.09 13364.6 9881 35976.2
 488318 51456.2 49270.3 18792.1 15748.7 5058.92 7175.16 8013.32 20671.2
 837340 83324.3 86787 39615 21017.8 15024.9 11663.6 11283.2 37629.6
 414191 46620.1 86075.6 31608.8 13127.7 14589.5 17709.5 15848.9 48287.9
 400540 43949.1 75582.5 6899.54 12886 5449.86 7247.64 8231.62 19878.3
 785489 53748 92854 13781.7 24450.2 7756.31 11203.7 9504.59 36045.8
 198789 120451 115533 17736.1 36368.7 11834.8 14009.7 12340.1 48163.2
 125784 117526 157601 10113.1 18631.1 20038 14596.8 11888.5 47234.7
 271475 195946 108739 7013.7 10298.8 8946.81 6511.65 8014.31 27233.4
 350433 92232.2 62844.8 5329.81 9185.55 6102.04 3997.75 6267.81 23580.5
 291670 123415 107883 12292.2 18216.4 13052.8 12460.2 13868.1 22585.2
 549443 75006.2 130615 22406.4 13511.4 13110.1 15950 13969 38589.7
 228020 60240.4 57155.6 20380.5 13561.6 11585.5 16368.4 14564.5 31230.6
 328370 50608.3 137813 24247.5 15619.1 15917 14428.2 12696.9 43944.2
 220246 53248 72652.5 13104.6 11329.5 11611.5 9388.77 13773.6 33224
 248868 44086.2 117109 16209.4 13088.1 6045.89 6411.82 9256.33 13322.9
 243910 60982.6 69363.8 7317.17 6347.77 4001.11 4216.63 5396.96 14050.3
 281438 93251.1 55153.8 8480.18 9481.07 7067.93 5916.14 6970.64 21049
 400219 84071.6 83232.2 26115.4 19769.2 12879.6 17153.4 23196.7 44579.5
 160040 82123.3 39421.2 26400.6 18493.5 12540 22737.7 33006.9 48303.3
 774805 82741.2 78734 16432 27508.9 9021.24 13481.9 26924.5 60035.4
 459992 58991.3 35422 17421.2 12057.4 10080.7 10532.7 15082.9 31034.9
 294475 38030.1 44299.2 23559.4 9730.92 11147.7 10748.6 10819.9 24832.6
 381910 65490.5 39267.7 14358.4 9750.02 13812.7 7229.93 8777.33 16704.1
 494842 96164.7 66896 16039.4 18364.7 12281.6 16229.8 16433.3 38071.7
 708754 37298.8 24356.4 3299.79 3564.88 2966.65 2869.87 2463.87 8969.62
 731001 48250.4 42288.3 6073.74 5671.5 2925.92 4255.53 4549.7 18735.2
 184680 61026.6 26210.7 8534.27 3404.35 2203.8 1912.68 2034.49 6409.76
 466269 46431.5 57530.6 14333.9 7769.75 3496.04 3741.19 4966.2 16613.9
 322389 34174.6 49041.2 16303.8 9689.2 4652.77 4555.99 5704.88 25766.4
 231170 29864.1 55377.9 12299.5 9819.64 4364.51 5713.72 6143.67 19799
 136409 20536.7 50497.7 20407 11110.3 3644.8 4967.02 4284.65 16843.7
 240729 33240.5 43320.4 13530.9 6125.87 1718.4 1995.63 1988.69 13675.8
 204752 34828.4 57513.8 14863.8 7667.11 2847.33 3091.92 3345.11 13380.9
 96238.2 31047.4 48163.3 11826.5 6232.84 4009.69 3255.92 4935.5 20885.9
 205886 52389.1 95608.9 28689.1 25598.7 13992.2 12927 11984.1 30609.7
 623879 44922 55987.1 15586.2 11360.7 8157.25 10261.8 10325.1 24594.7
 358138 55109 52663.4 18354.4 10986 9217.77 9849.87 7112.44 25290
 1.51976e+006 46461.3 72344.7 18878.2 5874.7 5015 5906.85 4397.83 16003.6
 851643 87480.2 66735.7 16716.7 4384.01 3521.92 3493.02 3748.85 12829.9
 224091 57852 84451.1 11276.5 4019.87 3576.53 2593.04 3204.95 8754.26
 152048 44356.1 42198.9 17233 5797.72 2655.4 2282.88 2127.05 11082.3
 189052 75097.4 36911.9 16118 8832.32 7573.9 3034.43 5513.75 16744.5
 86830 58447.3 75033.2 16527.5 11119.9 10219.6 3932.61 6801.61 21529
 105337 78390.3 64459.6 13760.5 14311.1 10280 7587.69 9027.96 26019.7
 331830 67165.4 74568.5 7033.77 5443.92 5043.85 4512.78 3947.07 19016.9
 116630 47302.1 31452.6 10492.3 6953.62 3906.22 4007.42 3875.89 14568.6
 127826 55729.9 22440.3 11803.9 7617.24 7348.19 6873.52 5479.91 21265.5
 86711 68375.2 35959.6 18353.6 11625 10700.7 7596.16 4678.31 16182.4
 55046.3 29702.9 32395.4 8827.09 8026.37 8717.59 7014.57 4997.69 21585.7
 115501 39960.9 39147.5 10502.4 7031.64 4647.9 4466.96 4408.82 15826.1
 162630 41083.4 44746.5 7961.51 5551.02 3140.97 3911.64 3293.19 11629.4
 680227 35170.4 53054.3 11655.8 14203.2 7971.81 5901.78 6666.52 20674.1
 188546 41040.1 27168.4 8265.75 6507.39 2092.62 2652.52 2431.19 13800.4
 267582 94534.1 51350.9 13702.2 14392.6 4840.31 6656.1 6332.72 20096.8
 602014 82427 76768.2 25732 23924.3 11173.6 12229.8 11893.4 33663.9
 1.02102e+006 101213 48305.2 11403.2 14294.4 10574.2 14800.4 10821.7 26496.3
 1.33201e+006 104889 32625.4 7888.72 15511.8 12299.7 13700.8 12859.1 36945.4
 1.12283e+006 83957.2 54642.7 6539.65 17033.7 12738.6 12848.2 15040.6 35185.6
 121463 47522.8 47247.7 5670.13 9131.23 9908.33 8324.25 7751.7 32715.7
 257074 75838.6 60197.6 10911.7 19815.2 5854.81 5910.91 6464.65 30689.2
 167810 57230.1 55619 12850 13536.5 4689.35 6784.2 7386.38 27226.5
 427449 74918.6 52128.9 17234.5 22027.3 6541.22 13163.8 11777.7 35635.2
 211247 85513.3 34393.3 11520.4 26140.4 5692.44 8045.8 8450.26 24192.8
 208741 61218.5 33912.6 9200.28 7768.72 3024.52 3736.7 2700.48 20084.3
 347966 61618.3 54960.6 26720.1 14310.5 9424.37 15075.8 8163.63 30210.8
 109303 37671.9 30558.7 20448.7 3794.1 8574.14 9999.12 7385.34 19336.5
 71088.6 52447.9 26478.8 15058.2 7171.63 6409.93 12083 11223.4 19946.2
 78954.8 81626 56845.9 9711.93 6509.65 6091.44 7337.48 6278.28 15191
 134429 93191 39179.5 9230.95 8360.36 2687.42 6841.39 4088.1 19108.2
