179207.88953528611 51250.7 44644.5 15471.5 7605.61 5344.22 8486.25 9939.82 32576
155562.9109737342 63391.2 91356.6 17286.9 11389.8 8876.71 10226.1 11814.4 26475.4
291582.5120421289 63117.8 56667.1 25299.8 11271.7 12626.1 13650.4 12312.8 52879.1
270954.49248112726 68799.2 56801.9 14330.9 12460.3 8569.25 12510.3 12217.5 30919.5
468030.4111686171 86506.8 28571.6 13496.5 11987 10999.8 7232.58 9872.72 29553.6
550242.5210535072 144721 122002 27360.5 16684.1 10696.2 16437.4 20446.1 34659.9
464431.2264899081 79547.6 89249.8 8666.48 9502.2 6576.92 8437.28 11180.1 42221.3
448972.5701446084 121873 33557.4 18680.3 17376.2 6916.42 7405.76 5995.52 19814.8
238242.751539544 24315.3 35829.3 7354.71 4922.88 5585.96 5797.47 5278.37 16994
265324.1877425118 84084.8 34291.8 18700 6861.89 4440.09 4324.9 3947.91 19661.4
179207.88953528611 51250.7 44644.5 15471.5 7605.61 5344.22 8486.25 9939.82 32576
448972.5701446084 121873 33557.4 18680.3 17376.2 6916.42 7405.76 5995.52 19814.8
201656.5777104952 59324.5 92752.1 14609.3 18455.4 10018.4 11555.3 12084.5 37584.3
322232.6256751213 22504.7 37100 6836.92 8786.2 8974.7 6795.62 8442.74 30081.6
190353.59013895792 59104 56849.3 10380.3 11076.6 5195.26 7907.08 7882.47 39326.7
308954.2338004861 153108 154610 21547.7 11422.6 7391.92 7056.68 11851.1 22915.1
434850.3107454958 67698.8 50827.5 18231.4 19477.6 12379.3 14842.3 9136.76 31950.8
189927.75959954952 107429 41817.3 7412.36 12413.2 8344.24 14085.5 13124.5 40770
198207.00628545316 35272 24839.4 8284.59 6217.32 6880.04 4945.44 5430.34 11983.7
257896.368598502 47400.3 28578.5 5152.31 7542.05 4563.05 4724.14 3538.62 10474
228118.55612647778 57579.9 44970.7 12889.4 9458.65 7407.5 10061.3 8224.83 27593
88128.13229328551 44429.4 26805.6 17056.3 14919.3 6381.65 8740.92 11063.8 27176.2
287652.5295695685 94555.7 62633.3 13241.4 12542.1 10836.1 13603.1 11411.8 31747.9
136359.94216718728 62225.8 64876.6 5760.73 3063.7 3850.81 3914.26 4595.37 22711.7
505550.21702749067 38776.8 111425 52796.4 28006.9 19152 14586 17873.9 55667.6
212720.15146965816 78786.6 59514.1 16577.6 31489.1 15622.1 16192.6 14229.3 36068
512263.3401399541 75642.6 59537.4 15551.7 8567.38 14104.7 11131.2 10187.4 27977.1
124909.8483428269 73360 43129.7 25929.8 20232.6 8436.11 19595 13494.4 49778.7
230686.81901314223 50856.6 37924.8 17542.3 6346.27 5700.37 9107.59 7046.77 31229.5
373023.66158809274 71191 59074.8 43856.3 31628.2 13597.2 16469 15199.3 41399.7
485060.3246558662 100242 65521.5 7551.16 25359.4 23318.6 19378.9 27841.6 58549.8
219816.01296381306 144326 59119.9 15871.2 9073.92 12055.5 6909.99 9612.49 29301.3
228413.45441224336 59872.9 57955.2 8447.67 6993.99 5232.83 7115.49 7920.67 20971
415521.3325229595 64402.3 22647 3853.23 2352.98 3632.3 4220.1 5583.1 17095.8
272797.1925859841 61347.2 20560.9 5987.67 4382.12 6026.19 4432.93 4077.71 12058.6
117573.68561229967 40059.2 46169 12001.4 16218.4 11375.6 12786.8 10995.9 41295.9
289864.332193647 60089.4 48889.5 17371.4 21156.9 5103.45 7577.04 10268.2 23291.9
277532.7601247517 48706 73419.4 28708.3 16517.1 8978.74 6306.29 8389.43 29164.4
258634.82234225722 41540.6 41990.5 8200.91 12989.4 7096.54 4244.85 5271.56 17404.3
299354.8968713009 31762 36014.4 2769.1 2986.44 2150.38 3914.48 5296.38 24803.2
269601.52799168386 48428.4 69000.3 22950.2 14556.9 10129.1 7542.7 7981.36 25387.1
315735.55835438747 51610.5 46108.8 17066.5 11488.6 7740.73 6737.45 6678.13 35399
386846.0927338774 48965.1 43684.2 12547.1 11052.8 11134.8 13919.1 10717.6 25720.6
265884.2030640903 41650.9 100389 40734.3 29865.3 21686.7 21179.2 23985.2 63591
435013.830045433 48068.8 61001.3 15295.3 7003.41 4487.38 3394.23 3192.48 17632.3
222849.75318842538 41320.7 35037 13627 7979.47 8390.64 5622.77 5371.29 15940.5
281769.0367460128 65812.1 58391.1 10883.8 16462.9 12902 11379.4 19491.2 45497.3
232443.07534818968 41107.7 20281.4 10118.7 7733.49 3791.83 3659.17 4780.22 23540.6
416941.5321100669 74789.9 97155.4 43397.7 26792.8 17635.5 23398.2 15704 37647.3
142559.6777704642 62975.6 85667.9 23746.3 17431.3 11254.4 16085.1 15158.3 40365.3
190386.33840308446 55533.8 67037.3 27911.9 21285.6 14197 12439.2 14289 43686.1
398162.83634520153 94183.1 41144 20433.4 12411.4 17289.8 21703.2 14568.3 35132.9
336813.61692033376 58354.1 39268.4 6187.78 4249.44 6627.22 3895.73 4132.51 19061.5
425648.1249548395 24393.7 25047.7 6987.32 9361.94 6115.73 9317.31 6482.97 16478.1
341747.2468372095 85123.2 69794 7744.38 8107.98 6652.73 7669.02 5507.65 16454.7
272642.74871363735 27652 47861.1 14017.4 10707.7 8953.22 7632.26 7277.67 30345.4
235500.1699867884 18671.8 66146 22867.7 28747.5 11161.5 15552.3 13414 24195.2
152576.8064708825 50276 44110.9 3586.78 11832.6 3915.58 5479.25 7148.28 24740
228091.48758612087 34842.4 29424.8 4002.03 3067.89 2889.87 2635.85 2660.87 13777.2
200184.20249058117 39620.6 53553.7 17186 8806.11 4341.59 6814.47 7264.01 35921.9
351948.78870852187 16482.4 42595.2 12906.4 11233.7 4221.87 6223.35 12070.2 27519.2
192201.40966697957 41445.3 40408.5 9668.07 17664.8 13593.6 7583.01 6400.15 26669.6
394702.00127187505 31506.3 32322.3 12232.7 2417.39 4171.77 2432.54 4003.84 18476.5
331820.8633638864 46172.4 54234 5938.01 4858.62 3507.95 5312.36 5283.84 20803.9
212003.07087411633 29350.4 21490.2 12441 5637.98 3682.68 2930.87 3700.32 12329
298130.38286604773 79684.7 53207 13017.3 18274.5 8817.23 10139 13075.2 47741.6
308170.1067393648 51159.9 62879.8 14048.6 26971.9 13971.8 16182.7 16381.6 59879.8
359756.30386307265 39310.5 55965.5 10210.7 8831.66 6733.08 5797.31 6094.91 25749.4
341937.53439227137 56035.7 37269.6 7958.45 8028.28 2729.82 3421.38 3506.43 15034.9
343145.9154470564 51510.3 28508.1 7079.58 5660.46 3865.82 4889.92 4713.38 13550.6
237591.70558738205 141206 85507.8 22711.6 10198.3 9889.39 15935.6 14188.5 35039.3
312588.45197755663 192217 89273.1 25465.9 22182.9 18124.8 20826.7 20785.7 48394.2
447531.2083946536 106143 93444.4 14106.5 8361.08 9440.54 6951.17 6442.78 20224.5
151100.5923465462 33023.8 32437.3 19559.3 11055.6 4979.45 5255.05 7803.69 13175.9
206405.1059089181 91527.3 66560.5 11919.7 5434.71 5527.02 5641.66 7084.18 19316.1
204596.02398996532 79710.8 40378.7 6672.35 6429.07 2019.01 2028.7 2341.2 4860.43
327668.51416245697 28609.8 23697.5 1987.29 1384.09 1912.76 1903.91 1693.71 10065.4
204459.74669892134 64318.6 47002.6 6623.75 5294.45 3410 4095.85 4187.44 19143.2
179829.30131293286 68786.2 48508.5 10340.3 8702.86 6611.95 7668.04 5067.99 10707.8
130488.76519811033 91392.1 76194.2 15876.2 35820.7 19210.9 15034 9004.61 40390.1
272406.1807550646 113930 105193 31195.8 13356.2 8940.88 10161.4 10206.7 22302.6
225680.91200458157 50212.9 76413.3 17872.8 16376.8 11293.6 13796.2 15887.8 45356.1
453507.98136140313 27180.3 29320.5 4982.29 3069.24 1969.42 2328.28 2769.82 12755.9
191972.0785515594 29072 37194.2 6648.11 6008.12 3126.11 2911.32 3105.31 10383.7
380820.9724111963 59315.4 79587.2 11629.1 10007.6 5626.39 13757.6 11016.8 30140.7
429408.6674353407 32997.2 55464.8 13040.5 18970.2 7583.36 8003.12 8271.64 34098.9
435200.40867938777 51134.9 44142 9046.93 9317.17 5223.2 8148.08 6890.58 18624.9
403057.2667529701 15703.6 23090.9 8930.28 2957.63 3757.47 4151.77 3567.32 10543.5
297879.41915877844 95779 179808 21468.5 25406.4 9129.57 13335 10369.1 29481.1
105088.78223118575 106653 50473.9 13578.7 9437.82 6353.79 9214.39 6801.97 20987.3
359050.91999926855 52477.7 27570.4 11689.1 13128 6366.91 4202.42 4673.36 12880.2
389874.1266243713 43155.3 35304.4 9819.36 3824.62 3899.09 3188.34 2159.58 18454.2
204143.33426616233 67267.1 46022.9 8777.96 4009.94 3545.79 3023.15 3350.62 11365.9
453203.3533987198 53494 30020.9 5709.29 2646.23 2532.46 3390.23 3548.4 25782.2
280569.5923972061 33858 57512.9 30693 8131.43 4646.33 4474.35 3243.5 10628.9
480326.537209608 17273.3 40228.8 5686.43 2167.03 2281.81 2003.77 1610.21 11165.6
182557.3894692929 86267.8 44150.2 10096.3 16214.3 12151.5 7573.35 7877.71 21372.5
249428.17199555968 55475.1 39168.1 19034.3 11421.1 5367.66 9806.1 6455.74 14832.5
484836.34894269705 56076.5 67204.5 16397.5 26077.2 19833.1 22757.2 21035.9 54060.1
322367.16970196296 26687.1 41684.2 3931.87 4213.35 2009.06 2530.99 2733.62 9509.6
375993.5895622813 21875.8 27836.6 7223.29 5062.8 3966.59 3938.46 3680.71 12389.8
304775.28299746703 47578 33640.4 11288.6 8881.57 5179.27 8492.98 9051.54 19339.8
210439.83922982667 35933.4 68394.9 21420.7 22307.7 17924.1 16753.7 18140 37290.2
305817.68345377326 51631.9 68063.2 13293.7 11838.4 6998.5 12738.5 10430.3 24709.1
396157.2279289976 85941.9 49553.4 8092.31 11577.7 2911.06 6906.49 7115.16 15771.2
366907.29263143777 71272.3 70463 17084.6 14524.4 6050.49 10636.1 8400.7 18422.2
161021.76319952958 59426.2 32112.5 16882 17401.9 15133.1 13077.3 11181.2 30357.9
379802.06665960513 75758.1 18274.4 17272 14503.2 11409.5 12619.5 12112.3 22973
291869.846033315 47537.5 36993.5 4531.47 5655.65 5619.89 5597.36 3742.56 14646.4
168187.53623146765 77148.5 18828.5 1007.22 2391.61 1922.08 1635.38 2371.72 9938.2
336093.09544640925 182371 79668.4 22759.2 12010.5 9442.94 12636 13596.2 21203.4
146842.09942081483 51463 75421.6 12014.9 4842.8 6001.68 7227.76 7574.13 21489.5
485119.7121975989 46505.7 24584.1 2781.72 5743.83 4156.53 5161.46 4502.42 22853.6
374234.60291733 20114.1 37383.1 6488.57 7047.24 3943.16 2951.25 5314.16 10497.9
318400.3227447338 31016.6 36339.5 13819.5 4320.1 2437.29 3717.37 2325.49 11913.2
267013.4697620238 49360.2 51057.1 6507.83 9951.12 7560.12 8675.81 6847.85 16584.2
380619.11861098156 64400.2 49316.8 9132.3 14160 9999.52 12159.8 9963.85 21482.3
250696.69037094896 52570 20522.7 6427.8 3734.34 2876.62 3039 2332.65 12209.8
259962.160899108 31958.3 42033.4 5711.95 2903.87 5357.84 5799.11 3213.09 12631.9
118362.0554775231 35473.2 91807.8 21580.6 10039.4 8200.34 17332 11714.5 22114.3
463450.53758387343 131523 105463 36514.5 28357.3 19659.5 24527.2 15994.9 59039.8
462969.8649409356 48403.8 113304 33271.4 15946.9 12377.5 13402.4 12501.4 32353.3
251645.62197436878 33975.3 50837.6 21847.8 14422.7 11837.5 9693.95 10191.9 35427.7
124558.13252299264 46661.6 33005.7 15253.3 6391.07 7417.08 7365.05 7040.29 24253.2
328310.68266906886 72907.5 102695 24479 16472 14426.4 11386.4 16008.9 35361.4
429802.39037018915 24445.1 29132.1 5359.27 2924.13 2856.14 3598.86 3989.24 13647.5
238168.0021381173 79824.5 57380.3 32981.1 22187.6 13034 16773.6 16750.6 37071.7
312396.6260129554 83071.6 54138.3 11794.5 11735 7930.49 9802.36 7529.56 20534.9
272615.40498070297 22123.4 24867.5 6169.66 10252.4 6802.78 7840.98 6847.31 22333.8
270425.5508174597 79256.9 70708.9 9228.48 10206.5 4095.46 6496.72 5301.45 20039.7
480326.537209608 17273.3 40228.8 5686.43 2167.03 2281.81 2003.77 1610.21 11165.6
484045.9076311461 123207 95381.6 42958.1 28372.1 26936.1 25153 25741.1 72083.6
400690.3839759218 68583.3 83311.2 20925.7 9183.1 9226.2 6242.13 11419.9 31821
321824.5104138115 34040.3 25293.8 7886.5 5915.27 5198.76 4134.93 5523.33 16018.5
561636.5899380015 78618 81595.4 23385.2 17156.2 16952.4 14761 26405.4 94806.5
261503.07148111553 32484.1 37664.1 9571.79 4871.71 2649.17 2476.15 3388.94 13474.9
447531.2083946536 106143 93444.4 14106.5 8361.08 9440.54 6951.17 6442.78 20224.5
138961.3081692628 26623.2 29003.6 20016.3 9124.69 7824.78 6008.79 4644.55 18880.2
471296.9799011066 64727.3 66780.5 12864.7 16164.1 7459.37 10326.4 10199.8 36917.5
127903.13315369881 30265.7 67222.6 13451.2 15553.9 5788.6 9345.77 9040.47 21573.8
150482.20822706854 75793.1 69983.4 7576.74 5586.3 5682.58 4943.36 5385.11 14045.8
128926.09839403417 35490.3 22672 6020.3 3119.2 1479.85 1844.37 1367.8 11738.7
276848.44417041744 30063.8 49531.2 17878.3 12753.7 8013.52 6020.62 5299.73 11875.8
239346.4243364545 50096 62069.6 6522.46 5066.05 3443.35 3462.3 3299.05 10579.5
130167.36085289298 37302.4 55402 6855.85 14036.8 10876.1 7095.42 10199.7 33224.7
225429.00224594751 65296.7 32395.5 13461.6 13915.1 5342.2 7918.96 6540.12 36629.4
371092.8368431897 38252.2 125915 14338.1 19485.6 9507.51 13538 15995.1 40640.6
372842.1461584242 31166.1 36222.6 11818.5 9765.5 9412.71 8466.45 8567.82 20833.8
264395.3841685056 70874.3 47008.3 27830.6 8793.73 5588.44 4460.04 5389.92 7307.01
383726.47827529634 79523.2 112575 16740.5 9669.84 6124.68 7317.91 12768.2 38311.8
223471.8688557918 50625.2 38220.8 15082.6 6886.71 6611.47 8453.8 7559.07 25299.3
182911.4714001383 85757.7 72656.2 25908.8 9619.32 8264.63 9110.46 9343.5 29119.1
330645.9845984894 21714.1 66986.4 32959.8 13300.2 9942.39 7636.18 10971 27390.8
337258.10007114505 60579.3 92458.8 32336.8 18679 16168.9 19208.6 12489.4 55280.2
176348.01358633742 40180.2 81422.6 24140.9 19527.2 10850.1 17702.2 13720.6 36898.1
203223.4223993036 48985.7 32384.4 7217.54 3887.4 2452.02 3042.01 3349.55 11901.6
309473.88693973684 81715.5 44560.3 14317.4 12526.1 7871.96 9680.72 9637.58 28227.4
222493.6868431018 60652.1 68404.9 17049 17468.8 18942.1 15032.9 18286.4 48076.2
331875.25164033787 37272.5 94476 13143.4 7150.07 7503.64 6991.45 8743.15 23883
241658.33402365685 27632.1 20584.5 1668.51 3780.27 1728.52 2642.58 2355.09 9392.24
255863.89561315626 117006 119982 38720 20878.8 16641.9 15722.9 14036.2 39643.1
327523.055445658 23361.9 34944.2 5546.76 1917.66 3513.54 2369.81 2997.74 10909.1
179263.8453200008 21529 33613.7 6834.26 6516.78 5148.18 2662.47 3669.04 10562.7
538006.1460138591 55058.1 34434.3 11114.7 10059.2 9158.72 9968.35 10876.6 22111.6
163506.90607434657 76727.8 44154.8 17582.4 11282.9 6008.32 10004.5 6601.19 24195.6
342869.8650866907 62957 45827.4 24201.2 18479.1 17723.1 15024.9 14107 27563.5
369947.20080836193 35320.1 64933.5 8564.57 11168.2 5672.14 5276.72 5502.03 18349.1
260679.40903549403 43207 48205.2 8218.98 4951.5 3128.3 3722.19 3872.03 8389.81
241967.00565747556 29108.5 41820.2 7830.79 9495.35 10738.8 7368.4 10640.1 44241.7
522596.3752145487 31520.9 45649.7 9921.17 4737.57 1981.76 4116.08 3395.34 14691.1
349404.52642272913 39319.9 32817.7 14788.1 7385.3 5102.16 6271.36 5400.02 10539.7
465387.11605550535 36426 43043.6 13692.8 10196.9 6919.86 8810.15 7975.69 30380.7
343598.1767176057 28781.1 23045.5 5870.9 5820.5 2958.65 2767.74 3102.76 14958.8
127903.13315369881 30265.7 67222.6 13451.2 15553.9 5788.6 9345.77 9040.47 21573.8
364437.2480782792 38798.5 44990.8 8165.26 6877.5 4354.82 4640.55 4489.15 20732.5
243977.27438696907 31255.4 58186.9 24586.9 10689 8095.55 6090.61 5987.68 18217.6
362996.8625645019 49793.3 90647.8 12333.7 6157.27 9072.26 8404.66 8654.92 31403.8
194118.84487362124 13800.4 49267.8 6711.89 5970.84 4304.58 5242.57 4446.23 25588
401456.7284216108 36882.3 33329 10608.9 5281.46 5154.34 5206.99 7067.26 23302.3
374917.77439265425 33910.7 48966.4 20522.7 13762.7 7972.67 9353.42 9707.25 36042.1
141072.49806501612 12824.8 40363.7 7905.23 6022.48 4242.6 3191.2 2537.39 2820.11
537465.1264729868 36967.7 36931.7 10560.9 5079.63 2110.22 2862.21 2565.27 8687.25
265787.2095173752 34780.4 84383.7 28343.1 25361.6 9577.86 11197.2 10864.5 34079.5
482003.2788419177 31366.1 49838.9 9705.92 11420.9 4308.83 5349.32 4678.37 14904.8
294037.0842426439 53484.1 34939.7 15360 5811.27 4523.29 5031.09 3976.48 10092.6
383352.4815601163 36652.9 38603 14849.2 20550.5 12905.1 19085 14241.4 31311.7
336292.6056954028 66658.6 24226.2 3450.26 4695.96 4281.92 3771.94 2931.28 27129.9
152103.09589679414 51001.9 48875.6 10166.2 5001.91 3502.08 4379.28 5450.22 13075.6
259505.27116257822 38709.5 53243.5 19713.3 8484.24 4769.82 5389.49 5782.84 17272.3
288510.30455123354 29838.2 34579 7213.69 5711.03 4658.3 4699 4101.72 10065.4
286633.9659053859 70802.8 59843.9 11710.3 7896.2 3078.07 4938.32 5237.14 18552.3
502331.4063852093 147700 79574.6 19664.6 9093.67 8696.89 6958.93 9500.1 18497.8
156649.1144084946 67272.6 48450.7 21628.6 17899 16448.9 21446.3 20752.1 62889
149747.47664463098 63368.8 102039 14675.5 10204 11018.4 7979.95 9926.25 30667.4
253512.12555022203 22171.4 54098.9 10614 9375.69 4689.29 5076.21 5561.93 17518.5
193201.04526962026 67350.2 45100.8 11050.4 3440.54 4037.32 3435.44 3691.56 19217.4
491065.8236172253 42308.7 69235 15755.6 18186.5 8861.26 7788.42 7414.2 23596.6
244323.39757509204 27026.5 32650.8 9684.57 6602.23 2938.22 5578.61 3785.67 19829.8
318705.58294901066 65389.6 60082.1 6840.47 8275.4 6179.6 8074.12 5700.81 15406.5
282280.68354700966 70301.7 104001 35560.1 32940.7 20990.1 19547.2 16031.5 40101.8
287999.1346623211 114008 87822.7 15418.3 14404.1 21080.9 22540.2 22413.4 57656.8
247631.22170919628 38134.2 67797.3 11647.3 14664.9 16208.9 10779.4 18549.7 33180.8
300800.1223341153 41279.3 29300.3 13898.6 6924.29 6019.61 6974.8 9392.41 20048.4
254229.94476969427 33564.8 32004.1 13334.4 7586.04 6125.97 4203.09 3306.66 5315.46
265885.2522336821 51955.1 34963.8 12471.8 3930.89 5219.24 5414.78 5356.55 18209.2
343189.06747301086 36356.4 51929 21489.8 18435.7 13434.8 20711.6 19245 35059.6
291708.0974832777 161509 126745 32678.7 19696.6 10109.5 16772.4 14551.2 40931.4
259192.42449283626 25935.4 44849.2 18583.4 9647.58 4969.29 5326.73 5071.16 28810.9
290838.0433482728 137439 61059 26157.5 20734.2 7290.72 12955.7 13083.9 24844.9
369819.1307739088 47602.2 94682.7 31571.3 27177.4 12257.4 10566.7 9874.87 26289.3
255160.84612033336 65777.6 75117.3 13128.1 16165.5 4635.94 5691.16 6092 20373.6
441611.7206128037 80786.4 51167.3 8833.79 5831.38 4566.06 3823.99 2375.04 13418.2
308850.23021868995 28787.9 52583.3 7711.41 4252.66 4005.13 2534.35 3857.83 15238.9
403553.24908050976 42247 59731.4 11564 11593.3 7760.62 5098.85 7104.94 15682
119704.14397596351 18990.9 27583.6 6583.49 3938.53 2152.99 1321.08 1781.17 9447.85
272081.157731627 53489.9 56248.7 3806.09 4119.6 2299.77 1818.73 2206.06 9218.25
299537.7885643027 48609.6 44009.6 6775.22 5753.93 1851.8 3093.69 4366.12 16688.5
243561.80171613008 159726 33224.3 19999.9 12711.8 10568.8 7779.99 7929.87 33531.9
315126.25376088626 108029 166100 25904.5 46188.2 33301.9 48801.7 43044.6 69267.5
336498.54197765153 41455.1 42557.2 14093.3 7951.9 5617.17 8008.21 6386.77 23578.8
406138.12893310684 67961.1 111486 30527.2 18574.7 13812.2 8042.62 6868.16 23091.1
255385.89225172866 28310.4 34650.2 5224.23 3918.34 2452.03 2683.06 2571.27 8045.11
289107.51550615125 42845.6 46659.6 18731.8 11212.9 5808.92 7626.4 6767.05 20783.7
434622.3575929278 46144.2 29362.2 7200.33 10853 4950.21 5396.08 6624.08 14342.3
175122.8369658982 65149.9 53708.1 7265.31 10192.2 4346.93 6411.77 6965.16 30746
204337.3036027435 17632.1 30654.1 3939.87 4892.96 1876.53 3579.51 3062.14 5052.96
232495.07586385476 70974.8 35129 4890.82 6335.42 2334.59 2315.09 2725.71 17084.3
417319.9882248877 59349.2 42518.7 4786.98 15335.9 6829.35 8247.31 8960.24 29594.8
120639.50040093328 95217.2 25193.9 18835.7 12771.1 5620.2 5414.57 5571.91 28972.4
435200.40867938777 51134.9 44142 9046.93 9317.17 5223.2 8148.08 6890.58 18624.9
570299.7410364974 78007.5 54603.8 9194.2 21298.9 7795.3 8991.06 17148.8 29490.4
291869.846033315 47537.5 36993.5 4531.47 5655.65 5619.89 5597.36 3742.56 14646.4
352328.1893671583 40533.1 77884.5 13122.1 6346.12 6449.68 10348.9 7378.16 15013.5
134138.56827384137 56345.9 69031 11442.3 9653.45 5867.96 8562.12 11740.8 31472.7
259433.00907763562 25130.1 47992.1 15599.1 23308.5 13416.2 9922.77 9641.78 24676.2
118977.26980279286 31571.2 66452.4 12659.1 6208.9 6937.55 9730.72 8369.98 28039.8
448595.1342561596 45089.8 39141.1 4474.35 3491.25 2232.85 2347.25 2780.35 16936.8
243473.82153014018 74337.5 66338.3 20158.6 19044.4 10606.2 12407 23716.3 78381
172342.60449918438 40264.1 70320 13869.1 12304.9 5836.09 8270.83 7153.56 17630.4
541454.5997759668 65409.5 63952 26546.5 21532.3 18957.6 16757.6 19163.8 45825.3
307366.3209383667 71256.4 44038.9 5293.61 9149.5 7048.25 10457.2 6624.75 22015.2
194987.47759420998 55908.8 33590 13134.4 5495.54 2860.16 6319.45 4732.44 20880.3
295479.16351916245 84160.9 77394.3 6176.32 5192.52 2495.9 2533.51 3300.99 10047.5
422237.04605008865 42029.5 32006.9 12160.3 6107.33 6167.18 6830.89 4840.51 17703
286258.2716196042 108755 86322.9 30238 20423.5 10682 15179.8 17874.5 51390.5
258768.98725548945 41674.2 42759.3 15242.5 11211.8 4169.41 6074.6 7953.9 28525.2
335399.867033481 45734.6 45890.9 9691.07 12863.8 8279.87 8274.86 8818.27 29603.5
289550.6537551479 27372.5 30836.8 8148.36 7835.65 4836.59 5425.76 4252.13 16804.9
102692.89356954598 44958.2 74853.1 8699.81 14908.1 5820.42 7799.57 6571.18 31204.3
160797.84766879654 49051.2 22474.2 9123.78 6782.54 3093.77 4641.43 3127.83 6526.58
194841.90693741004 24027.8 84392.5 16376.2 13599.4 11330.3 8433.24 8200.71 18016.2
243009.21860412028 39079 35934.9 8874.58 5369.17 4609.83 3401.66 3294.06 11564.9
393842.5619026867 39239.5 34682.2 16545.3 9103.01 5458.24 8401.52 8772.47 23001.7
313938.57297510514 55025.7 38079.1 6890.98 8097.53 2959.52 4941.11 4593.25 11757.6
265469.26087866415 17059.9 26929.6 10668.3 6834.9 5448.74 4714.36 8078.09 21559.9
327336.9207437868 31096.6 79509.3 13432.5 15546.8 8133.61 6340.57 9721.71 24550.4
204700.32835665 64639.3 28441.7 9955.22 5276.53 2931.64 2680.77 4750.15 11301.6
316863.48378980276 97915.4 48477 21703.4 13264.7 10643.3 8504.22 7556.43 23760.3
223959.5314478129 37087.7 37824 11907 8266.42 6814.25 8754.59 8282.49 28287.1
277155.06328290957 87652.1 45655.3 7278.8 5143.51 3164.93 4481.61 3066.66 24608.7
273603.2329741868 30228.8 31585.8 5550.78 5563.54 5812.99 4047.11 4956.6 14357.2
319298.48199522233 51348.5 64567.4 21298.9 13863.9 11925.7 13322.8 16564.4 26183.3
288970.4929750795 96605.5 68751.3 14307.9 9066.55 6896.59 7469.13 5962.4 16396.3
359934.72951902664 28972.4 40217.1 8640.94 12224.6 6453.59 8114.11 7976.22 37031.6
452763.8643518721 80003.6 97470.1 27950.5 22357 11699.8 10969.7 11318.7 32428.7
277488.25444205425 56064.1 32683.3 12506 10665.7 7187.05 6789.52 7690.79 17736.3
414773.052924361 29937.9 32629.4 11305.9 5228.8 4996.85 3490.16 4499.16 15844.2
351948.78870852187 16482.4 42595.2 12906.4 11233.7 4221.87 6223.35 12070.2 27519.2
206312.74464868938 54726.4 49521 11435.6 6035.44 4176.42 6334.61 4688.58 20472.4
461207.9617003673 29794.1 29223.6 10500.8 13872.9 12210.4 11020.2 11834.2 32313.9
330354.8038939333 77789 48826.9 4023.35 6894.83 4416.63 3053.08 4442.75 11863.7
200695.24435597492 30297.5 50330.9 8996.41 8736.24 3693.88 4956.69 4375.65 23740
355180.03148561553 47743.1 52677.7 17046 10686 9865.37 8283.49 7391.28 18880
291869.846033315 47537.5 36993.5 4531.47 5655.65 5619.89 5597.36 3742.56 14646.4
348831.9646143897 38872.2 72468.3 19616.3 19192.7 9971.19 11804.1 13163 55653.4
331266.30216622323 60763.7 50988.9 18378.6 16102.9 14714.9 11696.4 13749 55910.5
333845.2165857014 56945.9 85117.3 33305.5 22809 10546.2 14134.5 17054.3 71312.4
156202.87064669337 51759 40344.1 18552.5 13696.8 12033.4 11286.9 9276.85 20238.3
303182.5706595222 47087.8 75456.9 10679.6 6837.11 7489.52 4421.75 5732.53 18731.8
136916.99377979938 62706.7 41569.5 7651.62 8905.61 1786.29 3582.87 2341.16 9834.22
448913.57105520123 26709.4 28635.9 13403.4 8456.54 7127.83 7926.15 6378.51 27059
293000.639519609 43135.2 47791 14196.4 9776.91 8220.6 11770.8 15685 46399.6
389874.1266243713 43155.3 35304.4 9819.36 3824.62 3899.09 3188.34 2159.58 18454.2
127975.18282726266 22908.2 32031.2 13879.2 9119.35 7298.96 9488.84 6912.27 25623.5
186847.81374416483 78751.2 51660.6 25120.5 13429.6 9465.79 13125.4 14685.3 29172.3
191769.66398600244 38553.3 46976.5 13035 4073.69 3418.23 6158.82 4326.97 16364.8
192201.40966697957 41445.3 40408.5 9668.07 17664.8 13593.6 7583.01 6400.15 26669.6
420213.8175831294 91079 50117.6 16154.2 17210.8 10083.3 7452.96 9484.44 36840.8
607177.1185440094 55411.5 71809.7 9075.39 15965.5 6300.82 7598.73 7524 34338.6
218797.72514428603 44902.1 32910.8 7020.69 6568.48 3035.12 2373.11 2568.59 16442.1
203074.05396353552 103197 38777.8 19482.3 6129.29 7646.19 7541.96 8859.47 35855.6
298885.9540880308 31694.4 35440.3 9705.42 5896.92 5541.32 4896.08 3699.04 9579.34
312588.45197755663 192217 89273.1 25465.9 22182.9 18124.8 20826.7 20785.7 48394.2
190619.20919645514 63265.4 43676.4 21162.3 8368.91 7312.82 9206.5 8083.95 24400.6
210234.99360680024 25228.2 35201.6 4041.76 2947.63 2074.55 1793.98 1772.56 10003.3
305009.67068358 54297.4 31950 5318.08 7959.42 4118.93 4703.76 2962.22 17703.2
293367.1490685374 78501.8 53347 7620.36 6953.18 5021.32 6634.52 8538.46 27154.7
311027.63876242226 74222.8 50111.7 15184.5 12342.8 5594.88 6260.34 7560.34 19164
375993.5895622813 21875.8 27836.6 7223.29 5062.8 3966.59 3938.46 3680.71 12389.8
194499.30598813345 66289.8 91448.8 23384.2 14750.2 8095.54 8545.56 9438.68 27067.9
283008.23946567456 21633.3 51563.6 8816.65 6539.85 3913.71 2664.1 2705 7410.47
321191.74231725046 29537.9 53442.1 18375.7 6146.82 5652.17 6801.17 6170.82 25994.7
144888.59822400572 56354.8 39758.3 15544.2 10713.9 7452.3 7803.92 6906 30548.2
288903.53499588324 26568.8 48530.4 9317.95 3917.35 1673.94 1619.42 1796.8 15701.5
374022.769172634 46809.4 40285.1 2796.22 2041.31 2085.34 1753.03 1668.42 10344.1
394702.00127187505 31506.3 32322.3 12232.7 2417.39 4171.77 2432.54 4003.84 18476.5
322885.41878100135 52242.2 27904 18979.6 11599.7 3191.09 6910.6 6924.01 18377.7
194707.56004544726 62353 43820.1 18377.1 10816.4 4372.31 4216.37 6073.97 23006.4
155562.9109737342 63391.2 91356.6 17286.9 11389.8 8876.71 10226.1 11814.4 26475.4
259862.29927355156 38381.8 89200.7 40697 16044.7 10631.6 10611.9 11429.3 29784.8
298885.9540880308 31694.4 35440.3 9705.42 5896.92 5541.32 4896.08 3699.04 9579.34
494706.44881745114 68815.4 50984.1 42020.7 20753 5215.81 6603.38 6253.44 16376.4
245964.81720243828 80840.3 91749.6 27925.2 18004.4 9556.41 10411.3 10658 23296.1
262741.746127332 39598.8 34685.8 6261.17 13629.5 8798.35 6173.28 6553.75 25917.1
190353.59013895792 59104 56849.3 10380.3 11076.6 5195.26 7907.08 7882.47 39326.7
256456.5696240889 22972.3 49635.5 19392.4 40642.3 5407.98 16943.4 12915.6 28430.4
130047.01893728538 24115.1 44034.1 4355.17 6054.92 3333 4002.63 4904.71 13055.6
244609.6676040063 43907.1 46792.9 6628.69 6339.34 4239.6 4066.72 4209.39 10117.2
356261.9060845532 52267.8 56561.5 13366.7 12226.8 5377.86 7337.57 5092.14 33534
204092.16920411307 48319.7 77351.9 11318.9 8637.33 6990.08 7204.71 6106.4 25630.1
143949.87208743714 48338.8 33903.9 11856.3 6125.2 6164.12 12162.4 10568.8 27092.2
336726.2675790116 43187.6 18188.1 17994.1 4802.25 5224.39 3601.37 4774.57 10649.2
326057.1932511529 32907.1 49541.9 7237.42 4712.23 2067.93 3659.17 5029.37 15012.4
329100.1304385964 48526.7 69665.4 11533.2 6907.64 5258.99 7128.88 8503.8 40420.4
299887.56373376376 80767.1 240301 37490.3 56785.7 21453.2 21204.5 22281.7 57725.6
191313.85556076237 41533.2 36117.8 4924.35 2860.64 2141.04 2611.51 3383.91 16161.3
374234.60291733 20114.1 37383.1 6488.57 7047.24 3943.16 2951.25 5314.16 10497.9
265063.1286284134 49229.5 44002.6 7625.02 8801.35 4719.83 6253.07 6507.52 20195
393436.51410539413 48272 41988.9 9045.9 10551.8 3934.95 4400.01 7532.01 29058.7
132861.8603447457 56890.4 93026.3 13006.8 6912.15 7496.7 4999.59 5621.77 23243
227235.5127184507 51635.4 35063.7 8030.38 5797.7 4749.13 6395.36 6113.1 18294.8
273084.1621125142 46861.6 56291.7 11850.2 10490.1 6894.88 4437.6 8763.96 21666.6
224024.56363047488 71427.1 44927.9 10217.5 13843.1 7356.96 9542.52 11241.8 40401.2
226203.70604486598 113459 63448.9 14587.2 6207.77 6698.98 7432.22 4681.93 14698.3
434921.31791016425 83275.6 64137.7 21024.9 10099.2 6566.26 4180.31 7145.66 20838.9
252882.64824707166 64498.9 32601.9 5448.35 3696.43 2550.47 2548.76 3317.26 9791.35
226457.09798084834 16865.9 59649.7 4932.72 6272.63 2650.05 2728.09 3125.38 8770.77
142976.3820514244 23609 51324.6 5815.67 5102.09 2731.72 3601.15 2281.2 11204
442112.819391712 58532.7 31503.2 4131.18 3916.83 1716.3 2356.69 2544.23 12443.6
215676.125998886 34839.9 53824.2 42515.8 19805.5 10857.6 14925.2 10366.5 35653.9
206324.70636095424 61945.1 37435.5 9775.8 8749.28 5367.4 4626.03 6231.21 18623
137233.61258421806 30831.7 51535.3 12247.2 12325.8 11366.5 8561.1 8987.64 19203.1
347497.2772081844 46022.2 73987.7 24425.9 9159.49 8750.33 6016.99 6460.67 22069.7
273892.4557206577 54490.9 20213.5 3912.39 5975.94 3670.83 3235.97 3185.09 16217.2
329514.76756504935 48168 33824.2 12477.4 5789.62 4087.6 2805.86 4256.24 15556.7
232153.43469157568 71348.4 29330.5 12377.8 12506.8 6521.6 7576.11 8088.97 29501.2
228091.48758612087 34842.4 29424.8 4002.03 3067.89 2889.87 2635.85 2660.87 13777.2
324117.56276589347 97614.8 80473 23237.6 17946.4 14481.6 13381.5 10202.5 55395.7
336093.09544640925 182371 79668.4 22759.2 12010.5 9442.94 12636 13596.2 21203.4
522368.7174874348 23274.2 39540.4 9703.54 5190.97 2484.04 3859.32 3113.31 19490.4
395694.7189042384 50088.4 53619.9 4168.37 2303.38 1163.12 2604.99 2142.48 4111.85
239802.87910657804 74840.5 130917 42618.3 29486.4 12206.3 18900.4 14739.9 44935.9
287961.5035772641 46198.8 50255.1 24208.6 10668.6 14334.1 14882.3 11400.7 34416.7
371969.9117240816 53720.1 69887.7 4992.85 14913.8 6695.77 8534.96 7220.08 20481.2
340088.6249829523 67667.1 52329.1 15431.5 7534.74 16124.7 14500.5 14389.6 50082.9
387280.9741448417 83312 33629.1 15801 8088.4 9781.27 7181.5 6448.33 28130.9
131166.34172875027 61837.1 71935.3 5325.83 6126.05 5923.69 9206.77 7502.33 21438
229764.18042629422 73510.7 60037.9 13616.6 10961 6548.72 4012.51 4541.39 15351.2
276709.5676109114 64291.7 99757.1 30882.9 9661.54 6140.84 7056.87 7094.36 21709.4
350062.78309910814 24794.7 71369.6 12657.7 6246.77 6341.9 8088.98 8850.98 31385.5
252329.92277225232 40753.4 45634.8 16557.6 12438.7 7566.44 10448.6 6731.33 21558.9
229905.97660901173 66273.1 48256.2 8584.08 6005.01 5487.62 5816.07 5005.93 15311.9
542778.9025946388 58203.5 109961 34126.2 36967 28297.4 30627.6 25227.5 71121.2
117504.34602500073 50180.5 49139.6 9881.26 8714.09 7256.23 5857.96 5885.7 12053.1
279397.9523140661 41873.1 78829.6 8779.13 15656.5 12219.4 9325.22 11345 48627.4
375632.6031931932 220604 106854 22211.7 22040.3 16559.5 14022.8 13843.8 60012.9
234334.08693351413 25916.9 36735.4 10381.9 8006.29 5349.76 5830.16 7887.68 21158.7
292135.98615376034 47274.7 41002.8 43062.1 11282.7 13133.5 21320.2 15678.6 55127.6
217355.89373267375 39463.7 26234.2 3319.08 4305.24 3350.52 2158.65 2435.36 4048.15
475127.7083777245 95541 61214.8 20852.8 14572.1 6377.45 7618.71 6209.84 18962.1
148500.6765956125 87017.7 67053.7 20854.8 22701 10990.4 14565.9 13892 36433.1
192463.2111049487 46311.4 38694.1 5008.47 6651.68 3166.22 2741.34 3033.14 14968.5
388437.88199342455 145330 56158.6 6806.12 8920.17 4884.43 4101.91 4393.1 11825.7
339567.368771732 66349.4 45540.8 10441 13818.6 6658.33 11299.5 9836.12 19517.6
213002.80077627685 77227.5 111240 20089.8 18470.3 11362.5 16773.3 17075.1 44375.1
344424.61852375785 107237 100768 15424.6 13598.7 15351.6 26929.9 23952.4 57108.4
107689.61690076908 16555.6 50842.7 15908.4 11322.2 10117.3 10114.8 10683.1 20861.2
131166.34172875027 61837.1 71935.3 5325.83 6126.05 5923.69 9206.77 7502.33 21438
178655.5387122024 109099 111592 13134.9 11234.8 4764.52 6566.59 7537.33 19902.6
231043.23991501832 59228.5 40760.8 22566 21313.4 10118.3 8851.72 7680.54 23246.8
512695.98770659434 80566.8 77505.7 9228.33 7301.73 7980.16 10064.7 11026.7 31011.5
265674.8846661758 42441.5 54603.2 9466.37 11964.1 4544.71 7617.7 8301.8 24268.6
246007.94490515106 31756.7 41956.6 3322.97 3881.69 1521.05 1561.41 1430.04 7790.38
199258.66610386674 55761 52763.1 6330.87 5953.91 2734.75 5289.09 3971.84 24777.5
83369.58969251635 61080.7 87313.3 14874.5 11537.2 7728.17 13672.4 14080.7 23439.9
153747.04977233955 96515 56667.5 11900.9 6893.27 5674.75 4046.03 3532.85 13528.4
259757.92631225038 45480.1 41860.4 6390.49 3931.43 3308.53 2435.6 2736.66 11744.4
311599.56003658316 65641.4 39166.5 12721.8 9301.89 4139.36 7801.41 8616.87 21080
315039.24571563787 41980.7 27791.7 13757.2 6038.22 4535.63 3275.56 4243.67 15387.7
466629.11269228574 83555.7 92869.6 19207.2 15090.5 9015.95 11604.6 11795.3 29032.6
453507.98136140313 27180.3 29320.5 4982.29 3069.24 1969.42 2328.28 2769.82 12755.9
394702.00127187505 31506.3 32322.3 12232.7 2417.39 4171.77 2432.54 4003.84 18476.5
309401.6879510133 45959.4 21074.4 10231.7 7549.69 3029.66 5994.3 4081.58 8742.12
146310.96563885338 71866.9 32327.1 8429.72 7661.89 5626.91 4334.41 3253.96 13748.1
311639.13626711734 37970.2 52061.3 15305.8 19452.2 6578.67 11068.7 10623 28203.7
280261.35287553445 29510.7 39970.4 7675.71 9263.52 6835.17 6038.72 9359.42 31168.8
163751.05642715623 37161.8 70733.4 9644.95 5958.5 2880.58 3857.4 5473.74 28044.5
276917.7079929478 53031.4 32012.8 12403.1 5696.22 3688.63 4668.61 4294.99 13245.6
297121.26798908587 79774.8 27507.3 17989.2 11154.8 8665.14 12898.5 10510.6 40152
130385.34211335266 62853.7 45709.8 14191.1 9209.29 7966.65 5846.31 6390.05 16997.2
164486.60070465354 64220.5 69173.9 15415.6 17502.4 10167.9 16877.2 14176 43745.8
245753.87558250903 67586.3 21433.4 5570.78 3944.17 1846.63 2826.4 3493.58 22735.4
295607.020857109 68568.8 26462.2 18944.7 15779.1 9339.78 8495.14 8197.85 15357.5
118977.26980279286 31571.2 66452.4 12659.1 6208.9 6937.55 9730.72 8369.98 28039.8
373068.3652334146 51823.1 49729.7 24655.5 20710.1 13443.4 17770.3 17104.4 33652.2
337258.6514333813 63792.3 34235.3 7972.37 6540.18 3933.27 4569.42 3031.52 9527.88
259590.19168519595 40671.2 50614 13708.8 6130.2 3369.34 5703.48 7713.11 21048
425404.8005636178 15614.6 54704.6 6528.48 4165.21 6700.24 5393.73 6917.31 23154.9
183852.25999257335 33797.6 26063.1 5691.76 3206.13 2487.92 4751.56 2857 13946.9
359611.3901903709 73508.8 37040 7897.8 7031.16 6794.51 4061.61 4533.16 13409.5
380148.5268695952 23227.1 50263.8 21802.9 15251.7 11317.7 8321.65 10191.2 35936.8
204723.70426510213 42432.3 35139.1 16720.1 7791.58 6977.52 4449.61 5442.32 22110.2
213002.80077627685 77227.5 111240 20089.8 18470.3 11362.5 16773.3 17075.1 44375.1
495130.32226192206 42616.7 39074.5 10296.4 7612.68 4273.34 5292.66 3971.38 20297.5
323966.970039962 52110.2 48724.5 15025.9 4162.89 5000.84 6135.01 8688.7 22385.2
335126.1940935217 60939.1 74339.8 11252.3 5646.36 4652.05 5756.07 5935.79 24571.6
368087.70631905546 50241.4 81954.7 13743.4 13131.8 8485.12 12907.9 9051.83 25854.8
327449.4325404251 29984.7 59290.8 7997.91 7089.69 4673.58 5413.9 5171.46 19086.6
428881.0537956985 52730.7 80410.3 18039 6943.79 4274.69 5135.39 5456.37 24032.8
272853.1978690277 45226.6 36758.5 4197.71 6293.35 4790.42 2019.79 3272.58 13897.6
242995.458857694 84076.2 60356.7 7612.93 15698.9 5233.83 9339.29 9171.49 39283.7
318563.8419136573 78042.6 89382.4 9806.14 8498.17 4241.08 4185.23 4002.69 17883.7
179398.37048734064 36945.8 67138.9 44257.5 17073.5 28469.1 17842 13099.9 33460
542711.8772129774 73395.2 48045.8 10645.8 10046.7 5333.83 5966.93 6551.48 19161
480625.0698073755 57714.1 99858.9 12381 19946.1 11277 9172.38 9063.49 18960.4
282274.0447466822 86036.8 53264 12713.6 5223.56 4862.73 7473.62 10329.3 24716.5
174527.31394969247 80777.7 67301.3 32538.4 11604.8 4836.11 7705.43 6611.96 23201.5
335460.58270877274 163352 93432.9 53324 24114.5 20955.5 20884.4 22180.2 45198.3
335469.38291475875 36712.6 27026.2 8402.27 8144.31 2716.1 5595.63 5521.02 21335.5
368543.7510314378 28489.1 46286.5 22404.9 7273.22 4135.77 5705.59 4659.36 22071.8
456498.57772456075 24172.2 46164 10477.7 8537.81 9520.31 11474.1 9808.16 20305.3
379371.6792023742 32432.7 40977.4 2718.32 2203.02 1083.21 1161.2 1420.32 7835.59
289216.12659154466 23795.1 23493.8 3027.51 2530.6 2553.32 4904.85 3594.04 15303.2
348225.24378460913 62281.6 115269 16536.5 8826.06 7274.68 6262.76 5644.06 17167.5
287393.7126120535 68803.4 32162.9 7816.07 12008.7 2882.64 4375.05 3882.71 17050.3
200209.60809220103 65338.1 20130.3 3494.53 3401.42 1169.23 2505.47 1747.21 6999.45
460404.5424651312 55674.4 49928.6 8292.67 7436.96 4997.13 5698.78 5785 15907.7
547377.3528737883 55472.8 82789 15797.2 12458.6 6196.21 6002.89 6031.25 9016.83
161818.9689899672 44068.3 61073.3 13267 8155.25 4763.45 5643.73 5431.98 23128.2
423444.60384845134 40289.4 49185.1 18537.8 10938.6 6726.24 4838.43 5400.19 21783.5
205270.91328497176 25648.7 79477.3 45568.6 20914.8 12115.6 13575.9 10209.3 14874.9
440917.34285956854 52658.6 74023.6 19354.4 6368.07 3691.75 5594.43 4063.62 18881.2
471065.3080427554 54318.5 89738.2 11214.4 12496.5 9082.7 13153.8 8996.28 36075.8
293686.2600228285 74216 46045.7 14506.3 4787.28 5317.92 5563.35 4561.12 13438.6
359225.25729368115 54461.9 51084.7 13060.8 6894.96 5580.55 5164.96 5412.38 19546.4
269601.52799168386 48428.4 69000.3 22950.2 14556.9 10129.1 7542.7 7981.36 25387.1
378530.75707740575 101023 63573.1 19417.4 8658.93 7232.88 9214.48 8936 21324.9
163821.19785197356 132739 51515.6 19924.2 12586.6 6175.76 11415.7 8088.13 17965.3
184189.386055684 55579.6 25332.6 7603.62 5342.12 2326.91 1563.77 1486.95 9716
209895.47291999173 87929.2 21632.2 7550.49 9251.91 8710.53 7946.32 9384.81 53994.9
159453.52326064932 63206.4 48960.3 4759.16 10440 6910.62 8854.62 10036 32924.9
133343.77978667323 30714.1 39470.4 22634.3 12803.4 4826.4 7454.24 4660.82 11590.6
528860.7654270564 58457.9 90256.2 12206.2 12741.6 4190.72 8345.96 7331.71 10480.6
160433.22865078956 87179.7 42623.3 26196.4 20339 12693.4 14051.7 14082.4 43773.4
407483.28286912537 37288 30116.4 9445.9 4074.21 4005.15 3537.62 3733.92 12158.9
204369.26884565272 54291.9 143790 21035.9 29470.2 12478.6 11883.8 14881.2 26540.8
287197.31418590614 49180.6 24082 4569.66 5721.72 4411.64 3216.65 4855.27 15519.9
232742.16947994858 50080.3 29645.5 23303.6 12543.4 7291.9 7563.02 8962.94 36028.6
294533.5071816134 51573.2 77958.3 16384.1 11432.8 10507.9 6938.56 9709.66 32673.8
380865.76827256737 34173.9 45325.1 18156.1 18140.6 4742.68 8194.6 11878.9 25948.1
179308.01236860207 42225.7 77629.4 8364.23 2910.83 4285.03 3319.85 4070.5 18635.4
184028.18141160763 35418.1 32145.2 14981.6 5676.38 3982.64 3133.91 3664.4 18352
188909.63611588543 97265 59044.8 20415.4 14618.5 5416.15 11292.6 10445.1 33654.1
243900.48514218288 50490.9 50125.1 9916.99 5410.93 4319.86 6003.34 4933.17 9663.09
311816.7025549118 29280.2 46072.7 3938.87 5011.85 1255.21 1340.68 1281.44 7059.7
260855.06018873866 67684.3 129589 21747 13508.7 8879.75 8227.38 11364 34717.6
518862.96075639175 99958.2 79039.7 12701.6 15328.3 12296.9 17433.7 22867.5 51660.5
322873.88316147507 113552 84055.5 7497.02 8847.86 5248.79 4004.3 4758.1 13274.5
226073.9956909052 38997 53449 18851.7 4657.43 3561.99 4697.35 3432.17 10581.4
490073.9803961886 110595 79888.2 21398.6 23570.3 17406 17483.3 18137.5 48822.4
182159.2602223268 58172.3 44131.8 11167.4 13749.4 8041.34 19908.4 12546.9 33608.6
360612.6278195704 33678.4 40559.3 9255.68 14589.6 10505.9 7533.07 9458.31 20583.7
234016.58244410338 22640.8 33798.4 5721.2 2440.28 2381.88 3880.01 3451.83 15366.7
239302.37773381008 36177.6 40227.8 15291.7 10384 5668.55 5092.29 4909.77 34386.9
434766.84408836096 25814.1 24718 8139.75 7510.52 4893.51 4009.56 5975.14 25161.3
360339.8934518426 34814.1 50770.7 27264.2 16595.5 17464.7 22125.9 21231.9 44066.6
171019.20997764837 35289.1 48144.7 20644.9 10073.2 4662.64 6646.64 5469.11 16016.7
133278.35980915726 64487.5 58242.9 18499 15118.9 11046.4 17985.2 16594.1 57055.2
482003.2788419177 31366.1 49838.9 9705.92 11420.9 4308.83 5349.32 4678.37 14904.8
450682.41493070027 64654.3 66443.1 24093.7 17900.9 12120.5 17494.8 13878.5 32879.6
148901.09990833866 52857 65757.2 16597.2 5700.78 3107.05 5124.24 4980.77 10221.3
324077.9544638628 305597 200431 26102.6 34947 24241.3 24269.9 30394.4 67056.6
303230.88925101084 32723.9 56872 14450.6 18671.8 8784.48 16533.6 12979.9 33659.3
165163.2846406203 40193.4 41625.6 21086.7 6138.68 4961.32 7805.15 7083.91 26551.3
160869.6453172117 72603.8 66662.1 13903.3 14611.7 4852.92 5491.61 6476.87 25056
364501.71021714585 12986.6 36308.8 7798.05 9829.15 5729.76 4973.18 4515.19 19485.9
188599.5928722907 90321.3 41954.9 15595.4 9296.88 6899.35 9369.95 11515.8 27483.8
258465.88399340527 98622.6 142466 39331.8 27102.1 21623.8 14792.9 15053 39091.9
228431.94852667785 38178.1 49179.9 22155.5 7355.43 6014.87 10727.7 7273.36 12418.4
276419.7003879973 49629.6 81215.3 10978.1 3901.31 2883.29 2912.1 2695.58 14748.5
393842.5619026867 39239.5 34682.2 16545.3 9103.01 5458.24 8401.52 8772.47 23001.7
127975.18282726266 22908.2 32031.2 13879.2 9119.35 7298.96 9488.84 6912.27 25623.5
203415.1656927722 92802.8 75283.6 18082.1 12283.2 8394.81 10164.9 7157.5 20584.8
178543.64427235062 73424.4 59357.2 19026.2 29008.5 19544.2 16467 18772.7 66766.6
490882.8288101711 47301.6 42804.3 6091.11 6090.76 5854.42 4739.92 3955 20124.4
190138.556484234 54756.1 63037.6 36986.6 18748.3 6550.58 12566.2 13182.6 35692.2
254908.9962816326 38730.3 57438.4 11785.8 7536.41 4993.26 4455.27 4172.48 13240.7
194118.84487362124 13800.4 49267.8 6711.89 5970.84 4304.58 5242.57 4446.23 25588
343603.5642878842 61076.8 63337.7 9908.51 9642.87 4086.23 6637.77 7282.5 23644
362051.94654891494 35722.7 57378.3 16629.8 17322.6 11158 20164.2 16736.2 49985
173285.74305457954 16692.6 45674.6 9186.31 9021.88 3678.1 5646.68 6347.02 17686.1
423039.97255384736 27937.3 28230.6 11612.5 8680.71 4640.89 6488.66 6537.43 21113.1
335729.277050618 51474.7 127483 19312.3 16095 7473.28 14172.8 13109.7 43022.8
210651.41555659394 60092.6 51874.3 13019 7349.02 8375.51 7471.65 11354.5 26624.2
205264.52990403498 53808.7 55446 34365.3 31523.9 14046 24425.6 20313.8 46822.9
204459.74669892134 64318.6 47002.6 6623.75 5294.45 3410 4095.85 4187.44 19143.2
453203.3533987198 53494 30020.9 5709.29 2646.23 2532.46 3390.23 3548.4 25782.2
122269.59428283303 30693.7 56185.1 16692.8 6908.68 6389.26 5630.11 4443.64 11264.3
207835.8192397329 144887 124306 14536.5 13986.3 13450.7 13083.7 15370.3 38721
134260.9180912226 68523.3 33792.9 14710.6 6161.35 3258.43 3824.79 4010.72 13946.1
389649.0780661733 130658 110019 9199.21 5221.16 2497.96 2965.69 4989.74 23412.2
210152.26194761708 50470.7 45488.9 20240.8 13493.3 14566.5 13421.2 10814.8 45910.4
285230.585747609 40194.1 29434.2 10369 10723.3 3011.33 3340.68 3111.63 6637.83
248473.95352981103 62658.9 34368.5 5863 5152.22 3599.1 3864.34 3061.89 16983.5
242669.76537258225 41564.7 61050.1 9451.24 8594.74 4177.32 3133.46 3657.09 13403
429317.32098456786 94339.8 55734.3 17021.9 7396.27 10914.3 10956.7 14113 34291
439198.34795495716 131692 62127.1 14544.8 12865.9 4520.54 4584.78 5292.99 20182.9
156589.90394873242 74058.7 42173.3 10256.3 11779.8 7643.48 8176.01 8147.86 20081.9
537805.4228281255 128621 56166.3 8477.61 16938.3 6058.62 8034.42 6210.45 25164.4
128184.8104309536 31723.6 24389.3 7773.56 5365.95 8668.92 5792.16 6197.51 25942.5
183745.47084540516 48103.9 36268.5 12629.4 6852.39 3229.18 3859.91 3072.36 12704.6
262507.00782589405 44072.3 45961.5 5579.39 13660.7 7313.92 5677.45 8366.13 17286.6
241967.00565747556 29108.5 41820.2 7830.79 9495.35 10738.8 7368.4 10640.1 44241.7
302525.1816669275 62717.5 36219.3 13807.1 14883.7 13093.3 11191.2 7715.55 27984.8
324510.39132846746 37398.2 25943.7 2616.65 4681.58 2884.31 2725.09 2571.92 12477.6
465695.3611470597 53193.2 66530.1 13436.4 11126.5 6399.99 14099.9 10100 29750
450787.9999690942 75426.3 91477.6 23884 24957.6 15658.2 20042 16252.8 43814.3
262741.746127332 39598.8 34685.8 6261.17 13629.5 8798.35 6173.28 6553.75 25917.1
561938.0525412499 44310.2 20757.6 9676.02 6550.88 3668.1 4809.28 5467.12 27508.9
319781.94809374 56256.1 52837.1 13793.5 7576.2 6041.98 15219.3 18020.5 63183.8
318948.0430114462 42734.5 50826 10169 7644.24 3326.39 4737.48 4346.83 22216.4
265066.5277103969 79023.2 90880.7 13088 9981.98 6355.49 9581.45 10642.9 41876.4
602253.7127863952 72003.9 87388.3 28474 29002.6 12804.5 16273.6 16527.1 43377.3
249542.74781142583 27296.6 37549.7 6292.42 9032.47 3731.84 5848.37 4880.94 14871.4
171612.9942467058 34908.2 37565.2 14854.7 6148.54 3852.73 6394.23 7663.27 19501.8
129668.27255198522 68624.4 33518 10221.4 8225.53 3407.04 5294.85 7384.95 20305.6
237871.4594182626 51120.1 37317.3 18345.6 6396.19 5057.25 5814.84 4801.44 22880.8
256780.01788068432 140717 92854.1 50338.5 36234.6 19506 21181.1 22103.9 74913.2
255840.54125251516 53894.9 62096.8 40253.4 26609 14816.5 14994 14444.8 38607.1
344788.7833928666 47088.1 34424.3 23108.9 10616.1 5709.47 6503.33 6352.37 14171.5
290609.2056371245 28087.8 34019 18350.6 6520.23 6425.55 5392.58 5559.53 30816.1
194987.47759420998 55908.8 33590 13134.4 5495.54 2860.16 6319.45 4732.44 20880.3
380820.9724111963 59315.4 79587.2 11629.1 10007.6 5626.39 13757.6 11016.8 30140.7
162511.1261076386 44781.2 34529.8 13837.8 14108.4 6421.95 7116.05 8497.66 26673
178355.32515010348 77907.8 46067.1 9343.76 8369.18 5305.24 5376.74 5249.75 26025.6
296309.7704823222 81513 133417 26978.1 11962.4 8002.73 13124.3 9625.1 20215
253858.17997687953 64832.8 91508.9 19882.8 24522.1 19175.2 17326.1 17440.2 39651.4
481369.99424555106 49213.4 55888.9 6621.17 7264.98 4848.73 3444.32 4654.62 12936.6
259862.29927355156 38381.8 89200.7 40697 16044.7 10631.6 10611.9 11429.3 29784.8
448595.1342561596 45089.8 39141.1 4474.35 3491.25 2232.85 2347.25 2780.35 16936.8
416613.60482461384 78289.6 91522 14673.1 17308.4 9733.63 7133.66 5465.62 16116.8
448605.69978512335 84173.5 93629.9 16841.5 25442.3 11899.4 9823.72 13932.4 33775.8
266418.5878529706 79360.8 69155.4 14802 10779.2 7230.7 5921.72 7029.67 20794.5
239476.51186890304 68890.8 15403 3376.09 3475.54 2549.4 3093.05 3375.92 9455.75
387994.7287420255 27316.2 36961.9 16450.5 10625.9 8922.11 10731.8 8586.32 25754.6
183167.5254691866 96429.3 48770.8 15017.5 6975.55 7673.73 5197.95 7479.54 30647.5
281458.19414156745 43336.1 30603.4 11009.9 15324.5 7151.05 7516.36 9582.85 41976.6
209111.17397343199 74598 90810.3 20238.2 33344.1 21502 14161.8 17970.9 47958.7
244416.4829098064 55154.3 29829.4 20489.7 20133 7998.28 8118.23 7638.1 22050.2
485815.74050930166 67583.3 28173.6 8341.58 4540 4716.95 7501.38 9001.69 25198.4
159264.5422971975 43354.9 44674 8507.97 6036.69 3503.59 4616.4 3577.15 20662.1
404748.9344019875 27996.1 58141.7 11832.6 10075.6 5824.09 7486.02 6659.65 36019.7
499903.0999689189 136104 63798.2 22240.1 17153.7 10704.3 13155 12840.9 34508.9
300082.7676826091 40118.5 20399.4 16019.4 9475.77 7120.03 6824.88 6579.63 14738.3
420846.35573504964 37917.9 20272 15644.8 6606.36 4226.94 6832.15 6297.42 24780.4
191149.25689765468 149128 83217.8 15233.3 15336 12422.1 12909 13972.7 43637.9
282647.78889222717 21357.2 55867.9 9677.24 11211.8 8930.2 13704.3 11939.1 48418.5
430638.2985953554 83616.1 61730.1 9145.08 6009.13 4491.74 4639.86 3791.52 12472
343145.9154470564 51510.3 28508.1 7079.58 5660.46 3865.82 4889.92 4713.38 13550.6
248916.4031377749 59565.3 44433.3 10120.8 8668.76 5733.15 4214.49 4997.45 17489.7
147589.39500318954 40947.2 44551.8 8503.83 5858.69 4825.69 7785.16 4837.84 19221.9
221282.10996201818 56056.4 55736.3 23179.8 14174.7 7641.66 7347.83 9389.47 20095.1
169082.21521889378 43144.3 53122.9 4861.71 3777.15 2004.47 2027.65 2296.39 14875
387994.7287420255 27316.2 36961.9 16450.5 10625.9 8922.11 10731.8 8586.32 25754.6
340773.86518193706 93261.5 50053.8 17066.9 6574.25 6485.31 6167.97 5836.01 23399.3
266938.5307440096 59731.2 46509.2 10829.3 10061.7 6738.06 5647.38 7419.49 13373.5
280090.8096943956 62940.5 25899.5 5427.49 2404.27 2408.98 2286.35 2405.27 16342
495130.32226192206 42616.7 39074.5 10296.4 7612.68 4273.34 5292.66 3971.38 20297.5
181853.73288491892 38745.2 35714.7 5908.55 2319.83 1689.69 1672.19 1325.73 8854.83
253592.02865852177 45315.8 51599.2 15475.4 5219.03 5740.04 4748.35 6217.95 22887.8
502983.80908827303 41170.5 71732.1 9915.36 10686 7331.74 6044.7 5587.76 22440.4
311816.7025549118 29280.2 46072.7 3938.87 5011.85 1255.21 1340.68 1281.44 7059.7
224591.38689387657 88354.4 300405 41504.6 43973.5 28987.3 34685.5 23366.1 65997.2
271845.9239309214 47597.3 47153.1 13647.7 7793.76 6830.41 5673.45 5638.79 12878.3
181356.2556301666 81561.9 30044.6 21459.9 12023 6099.92 8356.43 9444.22 34239.6
244187.57915420583 49086 22601.7 5888.99 9736.4 2621.73 3297.87 5561.78 18131.6
136916.99377979938 62706.7 41569.5 7651.62 8905.61 1786.29 3582.87 2341.16 9834.22
250213.53321361932 20201.7 42123.6 7164.85 12767.5 7163.18 5575.87 7425.88 23638.8
402947.384780938 43830.4 152728 15912 39168 11964 15206 13433 24578.5
276678.58680940175 59552.2 41395.2 14011.8 6092.86 4222.57 7579.57 7439.71 17401.4
374034.11682002497 26142.5 27522.7 7744.52 4846.09 3223.25 2656.36 4135.62 13632.4
328317.89028750063 36371 41840.7 14798.6 5872.3 2740.65 5072.17 4910.93 16283.7
719214.7388602694 86597.4 57290.9 20451.3 24339.4 6699.86 6490.87 6661.07 23544
194151.88382163818 106374 102322 30779.7 20993.5 12617.9 12822.5 12348.6 26906.8
359934.72951902664 28972.4 40217.1 8640.94 12224.6 6453.59 8114.11 7976.22 37031.6
403377.7250756826 45197.9 95215.9 19560.6 6233.41 7373.55 7370.24 6673.85 23985.3
239346.4243364545 50096 62069.6 6522.46 5066.05 3443.35 3462.3 3299.05 10579.5
267654.55984001834 24094.4 65676.9 12052.4 13299.3 10439 14652.8 12482.7 34019.9
204337.3036027435 17632.1 30654.1 3939.87 4892.96 1876.53 3579.51 3062.14 5052.96
179297.63432517563 15547.7 35042.2 4189.03 7654.09 4586 3574.34 3660.05 21955.3
300405.45726147963 42857.1 22194.7 11486.1 6313.71 6971.2 5860.66 5526.92 25967.7
191618.48816893797 55097.4 39589.4 19182 7980.3 5373.42 5351.37 6260.95 16590.6
218858.25330921117 32013.6 34809.3 1851.57 2331.53 938.906 1755.97 1750.55 10402.5
382918.23150910635 36513.4 83551.1 43823.3 19419.2 23374.6 19810.8 27734.3 57590.9
148633.93848595224 43968.2 58862.3 14896.5 21781.1 7491.92 14083.5 10823.2 18779.1
220200.3786018503 44792.3 13439.1 11448.3 2185.93 2657.36 2577.67 2225.89 8261.08
335501.82059264526 31595.3 65377.1 11763.6 5799.27 8370.37 5989.46 9177.42 20287.5
138987.4285283512 125090 38086.7 21469.7 5709.89 3974.17 5923.43 5188.02 16688.9
459431.9311188926 61717.6 35220.8 11475.2 10403.6 3702.3 6120.47 7834.58 22906.2
159653.38506409444 55200.1 34400.8 6472.2 4101.08 3212.93 2592.99 2927.07 7971.26
245678.6384064455 44788.2 26175.1 12101.8 6921.02 5472.59 7910.74 7275.85 19484.1
342841.3028296166 54754.2 47682.8 8515.82 12872.3 5943.5 5618.06 4940 18433.5
165505.692515952 61746.2 51378.1 8014.26 16073.9 7702.16 4942.29 5777.96 17565.8
181052.41309300417 111894 111891 30273.8 23970.7 9927.69 10595.3 15177.1 38551.9
419581.04196618055 42039.3 48303.2 7936.03 10223.2 7126.48 5451.4 4708.28 11320.4
156476.4936771665 63588.2 32398.3 8276.31 21750.1 6094.11 7064.69 7784.37 38427.2
264217.43269252323 33864.1 22471.8 13216.9 17359.2 5463.33 5885.66 8641.71 22438.1
244416.4829098064 55154.3 29829.4 20489.7 20133 7998.28 8118.23 7638.1 22050.2
413751.72582213394 35715.4 45343.2 19443.6 7034.67 7243.5 7933.51 6242.85 35833.3
204619.0777421035 77904.5 56673.2 21311.3 9263.73 4790.08 3974.68 6987.2 19726.4
230686.81901314223 50856.6 37924.8 17542.3 6346.27 5700.37 9107.59 7046.77 31229.5
314284.748773684 73525.7 71325.9 8244.52 5973.3 6798.96 9348.16 13712.5 36443.3
225429.00224594751 65296.7 32395.5 13461.6 13915.1 5342.2 7918.96 6540.12 36629.4
232308.45836920154 66814.7 114117 25017.4 28534.8 12884.7 18145 14027 35213.7
183892.22310124282 53404.9 60915.8 9861.6 12402.8 11145.8 8048.37 7080.96 25707.5
352030.27658752666 62372.9 33098.6 10015.5 4942.35 6824.22 5818.75 3475.72 22742.8
256709.78075614737 19410.8 73375.9 23512.4 8894.55 13838.4 9346.66 6994.35 37534.4
261841.51640408594 18719.6 40346.1 8934.55 8386.27 4257.94 11087.6 13710.5 19144.1
120639.50040093328 95217.2 25193.9 18835.7 12771.1 5620.2 5414.57 5571.91 28972.4
227277.76666704746 41611.3 41510.5 4736.63 2342.08 1425.73 1291.87 1629.67 6616.95
267108.51747994265 37168.6 61924.8 19289.5 5258.69 4477.16 5329.68 3112.82 11527.8
273892.4557206577 54490.9 20213.5 3912.39 5975.94 3670.83 3235.97 3185.09 16217.2
191541.88479639514 57032.9 71337.7 12150.2 5006.99 4174.07 1975.4 2844.91 13367.7
149421.11074403464 33937.5 18944.4 10903.3 14811.2 9307.48 10156.3 9978.34 26043.9
160869.6453172117 72603.8 66662.1 13903.3 14611.7 4852.92 5491.61 6476.87 25056
185857.1500600287 83628.7 26215.4 7376.29 5897.95 3492.18 5778.21 3712.97 29779.7
211978.4352072127 96338.4 66959.8 13228 15812.9 7758.36 9082.8 8778.93 16948.3
309152.5043961417 75302.7 32949.8 13517.6 7832.12 5842.16 3754.2 5125.28 18102.7
202198.0960130516 44024.6 43555.7 11304.5 8136.2 11071.9 4382.19 5595.51 11238.2
343068.3814231734 58053.5 47215.2 23116.1 12235 9483.86 10049.8 12890 43021.3
134116.65816843888 156735 47368.4 13163.8 13277.4 6198.35 9564.3 11249.2 31458.5
189739.96674960706 49231 59305.6 6092.07 9453.26 3816.64 5083.48 6051.42 18095.7
465387.11605550535 36426 43043.6 13692.8 10196.9 6919.86 8810.15 7975.69 30380.7
319298.48199522233 51348.5 64567.4 21298.9 13863.9 11925.7 13322.8 16564.4 26183.3
162772.51311903866 35533 52151 24539.1 8995.32 5140.3 3941.89 4307.93 14947.1
192844.66851467252 39352.3 48577.6 16271.4 21494.5 8686.07 12408.5 11503.6 16458.9
448595.1342561596 45089.8 39141.1 4474.35 3491.25 2232.85 2347.25 2780.35 16936.8
172205.04217223707 105073 77759.7 22818.8 9641.77 6840.41 13061.4 8177.75 29499.4
429802.39037018915 24445.1 29132.1 5359.27 2924.13 2856.14 3598.86 3989.24 13647.5
130788.07929651793 21970.4 27506.8 15695.8 8531.92 5505.72 6591.49 7217.56 34888.3
282390.2897849388 139799 99180.5 21589.9 8902.68 6798.8 5259.84 6198.63 20318.1
225198.7047841794 46649.6 55366.9 14475.2 11156.4 7761.97 10416.7 9265.84 36100.5
224759.7942284653 86585.4 57892.8 14439 7866.45 4830.75 7898.22 7496.97 20589.7
406874.4848091372 32808.3 80409.6 12659.3 17021.7 11757.6 10785.8 13970.2 31591.6
203927.794423868 41888.6 27310.9 8168.38 5034.16 3064.14 3351.95 2872.26 13593.2
432109.06370194297 51797 63067.9 12796.4 6471.31 10346.9 11044.9 17214.5 46385.3
250210.18643412043 30482 36120.4 15312.1 11909.6 5594.24 5231.68 4938.53 20318.4
254650.5249451212 24874.2 23366.1 10557.1 9509.64 4139.54 3652.02 3230.06 15432.9
204337.3036027435 17632.1 30654.1 3939.87 4892.96 1876.53 3579.51 3062.14 5052.96
385663.6184299341 73016.4 71864.4 19159 10505.8 5955.09 5315.52 5419.49 15669.7
404971.16670385044 80986.3 28580.9 13790.3 7161.67 4608.73 8230.21 4887 18712.5
384022.40233215794 41400.6 32319.3 11437.9 19658.5 5203.59 6201.96 8285.68 24090.9
162685.42898192842 54717.1 42237.2 11646.6 12338 6159.18 4325.52 5152.69 22471.5
225822.64170157493 32035.8 41916.6 9004.91 7996.48 5990.43 6554.19 7537.33 28727
373699.11984023603 16357.6 42700.7 11384.4 13500.8 8174.63 8576.97 8421.18 34874.2
244975.61226110207 36675.8 40929.8 12967 4051.2 7814.08 4635.92 8815.6 32878.4
250665.04898263467 44912.1 94118.7 11146.2 24979.3 12799.1 12738.2 13832 43182.5
475735.97120488563 26483.5 40298.4 8750.74 6267.14 3897.85 2889.59 2092.98 7802.75
407811.3302516797 43558.4 21448.1 6027.24 8182.46 3096.25 6280.56 6930.66 25087.9
170608.4011006147 64480 30614.4 12091.5 6272.02 7455.38 6101.15 8800.4 27225.4
404926.8618833023 60887.8 62174 14368.7 7790.13 5913.04 6025.7 5742.9 17699.2
283061.46208952344 45946.4 103909 30689.8 31330 11330.1 19850.5 19044.2 36468.8
365452.354574696 26046.2 27660 7340.33 6894.26 6402.59 9243.72 9641.04 28147.4
245678.6384064455 44788.2 26175.1 12101.8 6921.02 5472.59 7910.74 7275.85 19484.1
485815.74050930166 67583.3 28173.6 8341.58 4540 4716.95 7501.38 9001.69 25198.4
142202.73128422376 68263.5 52401.4 13756.3 13044 6884.57 6126.22 6030.67 28754.9
171732.82876731994 72629 75309.5 4576.07 8490.36 4206.71 6253.1 5381.14 18492
281915.8126352922 68732.3 33431.8 7058.21 8127.49 3548.2 2981.71 3231.39 12748.7
162582.1647417906 103242 112126 29674.6 27551.3 27489.7 26574.4 38979 77939
204337.3036027435 17632.1 30654.1 3939.87 4892.96 1876.53 3579.51 3062.14 5052.96
183642.63748140528 85552.6 31950.7 22677.3 10439.2 5900.29 12508.2 13084 17660.6
214093.25126889886 28016.2 56786.2 35091.3 8714.67 7981.2 8818.06 6972.65 17050.9
200209.60809220103 65338.1 20130.3 3494.53 3401.42 1169.23 2505.47 1747.21 6999.45
183504.52427123825 70024.8 50262.1 17319.4 7771.95 3949.95 3520.73 4343.05 20930.5
202293.8291356196 51170.3 24139.8 5929.19 3705.67 2108.91 2248.17 2471.86 9331.75
393842.5619026867 39239.5 34682.2 16545.3 9103.01 5458.24 8401.52 8772.47 23001.7
350911.8040175972 172973 103962 42629.5 38621.8 36403.3 52195.4 30642.5 78320
280091.4953078515 55584.8 78010.3 26748.3 19012.8 12977.1 9224.19 12692.9 41042.9
279021.1569943501 36273.8 48196.6 8141.8 5613.07 4239.76 4326.68 4714.85 13221
191363.38315070156 49848.4 68674.8 15698.4 9361.75 4863.82 9040.15 12852.9 32542.8
349862.9875914651 72016.1 71706.3 14634.9 18045.9 16670.7 10537 13149.1 27321.8
235046.66285770436 42516.9 46838.4 16231.1 23064.3 6768.91 8847.78 8578.47 26263.4
342764.28089036833 23713.2 62713.4 10912.2 9798.78 6390.2 6199.7 7177.73 20292
232495.07586385476 70974.8 35129 4890.82 6335.42 2334.59 2315.09 2725.71 17084.3
145703.79859021914 40772 53122.5 15827.9 15990.9 8701.32 11696.4 12397.2 34698.1
195185.20408090448 74064.1 39549.5 22920.4 13951.8 10687.4 13492.5 7155.19 28798.8
400690.3839759218 68583.3 83311.2 20925.7 9183.1 9226.2 6242.13 11419.9 31821
353751.0862387611 53035.1 59024.6 29941 8198.44 9186.85 7163.69 5356.35 25669.7
388862.50675350084 84413.6 60323 18830.5 11854.4 10457.9 13192.4 11088.3 41638.9
190550.89961251416 54150.9 40172.1 16785.1 7563.44 6885.58 3746.03 4251.15 13688.7
417474.06050836825 23382.4 51538 5919.71 13244.2 11466.6 9165.9 9580.35 20806
377069.06302174507 34325.1 47146.4 24716.1 8290.54 9657.97 10676.2 10337.9 38303.7
179570.52110195666 16073.5 40945.3 1492.81 3044.46 3068.78 3318.28 1845.51 14582.8
433182.6442166094 47740.2 28747.8 12726.3 7321.67 5893.63 6267.47 5658.77 26004.5
433710.1471335257 62749 39627.4 15880.2 14164.7 6656.65 14004.3 10910.2 32186.8
261503.07148111553 32484.1 37664.1 9571.79 4871.71 2649.17 2476.15 3388.94 13474.9
295607.020857109 68568.8 26462.2 18944.7 15779.1 9339.78 8495.14 8197.85 15357.5
207105.05263593118 151553 82547.3 21741.6 17429.6 12527.6 7590.57 8131.29 15863.8
405541.1641045391 44728.9 46856.6 14775.1 9070.51 5676.3 5612.65 5852.47 15598
374917.77439265425 33910.7 48966.4 20522.7 13762.7 7972.67 9353.42 9707.25 36042.1
364501.71021714585 12986.6 36308.8 7798.05 9829.15 5729.76 4973.18 4515.19 19485.9
344177.8366295472 41352 41979.5 6946.48 3312.92 7124.15 5623.6 4164.29 10825.8
241998.1542991255 32707.2 58316.4 6655.32 7595.97 4314.12 5131.17 7210.44 32150.5
361131.62479932554 191922 104862 13157.7 5485.65 6682.06 10194.7 7300.32 29047
464103.01349526376 48283.7 21035.3 4467.7 3422.65 2078.37 4154.98 4057.04 18702.5
296690.2900511054 40130.6 60969.2 21464.7 10296.9 6762.59 7684.11 10909.7 20179.8
472531.94540388114 64284 126617 22741.8 15835.5 11591.9 12559.5 14891.1 55811.1
541798.3431530982 113534 88199.2 18500.2 13413.1 9156.02 13061.2 10574.4 36006.4
218797.72514428603 44902.1 32910.8 7020.69 6568.48 3035.12 2373.11 2568.59 16442.1
112515.40771102879 93244.5 37459.8 10988.8 15150.5 6182.01 6295.68 5403.98 20870.8
398468.305247756 37810.1 29596.4 17527.4 11973.3 7150.11 7919.57 9372.26 31438.6
302615.2774742027 53757.6 99668.6 17831.9 8771.91 9763.07 11301.9 9330.94 21357.3
261841.51640408594 18719.6 40346.1 8934.55 8386.27 4257.94 11087.6 13710.5 19144.1
381114.41145376646 35052.6 35334 8471.18 8460.89 4302.11 4716.95 5494.16 19447.7
335971.35282571433 70826 88350.7 20956.3 21063 12915.5 9937.09 7064.31 30164.7
303987.19799554144 40306.7 43638.9 39728.7 10249.8 17023.7 9780.46 15320.6 30249.5
226250.46251958385 29423.2 75726.6 10581.5 9979.58 6830.52 9924.51 7933.43 27610.8
225589.83213248002 62182.9 44154 4891.46 6442.05 2625.54 2859.11 4018.54 18214.2
222775.59609657794 61944 48045.8 13803.5 18244 13145 8283.16 5923.9 16746.9
347497.2772081844 46022.2 73987.7 24425.9 9159.49 8750.33 6016.99 6460.67 22069.7
359959.4264319272 97243.9 153083 13108.3 25345.3 14679 21910.2 24652.1 56293.4
152069.1532456029 41159.2 59470.2 14703.9 14900.4 6500.75 9776.77 12242.5 39782.3
167046.09400613248 44992.8 81915.4 10652.7 26769.4 10032.6 11225.8 13142.2 26232.4
171205.61332157924 29113.6 24235.8 2577.85 1812.78 1436.66 1008.41 1136.06 5477.94
395980.6050674951 71566.5 68970.9 11824.1 16098.1 10609 8692.91 15508.5 29113.6
197581.81939732816 55026.7 61065.6 8508.8 11142.3 4345.65 3464.75 5868.21 23659.3
276767.41997193464 63514.5 118745 27274.6 23186.2 6593.09 12540 10155.2 36528.1
473114.50918829476 52047.4 35797 6877.82 6991.1 7493.91 6555.35 8839.03 17586.6
214837.24378467203 146170 83531.2 15622.7 25866.9 15558.9 17398.6 28125.3 51059.7
271217.68332928524 88369.7 31893.6 12696.5 7405.25 3952.5 3927.94 4718.74 21432.4
199482.61482547718 81487.5 41664.6 12523.8 7139.2 5598.75 6046.51 5915.05 24643
439106.7025992801 24701.9 34832.2 9626.47 4471.28 5184.17 2965.63 4188.35 26371.4
389669.70950964134 40460.3 68546.2 3557.69 5603.55 2415.48 4771.69 3313.14 19278.7
129615.11434926423 34610.6 33680.6 12483.4 8003.1 3167.56 7228.39 3820.3 14445.8
239476.51186890304 68890.8 15403 3376.09 3475.54 2549.4 3093.05 3375.92 9455.75
349261.8013981024 16003.9 32939.6 5924.31 7852.11 3087.63 3898.2 3420.77 13588.3
148901.09990833866 52857 65757.2 16597.2 5700.78 3107.05 5124.24 4980.77 10221.3
104504.61963308926 31278.7 54141.6 11349.1 12264.2 5561.19 6015.34 9953.05 33926
301643.64366272365 104273 87204 28017.1 12731.7 11809.6 12482.5 12026.1 37712.6
312595.04593951267 117446 54326.6 7360.16 11763.9 10764.8 7941.68 6598.87 20667.5
240296.82980961126 22062.4 34253.5 7693.12 9506.47 5249.26 5208.26 8296.02 24509.4
159455.87115020741 47234.8 80954.4 9894.22 16407.1 8235.56 11908 12182.8 34563.5
227476.2242859219 98637.3 71193.2 17770.9 26804.7 18919.9 12054.7 15652.9 41900.8
138862.90950791835 52898.3 14311.6 8637.13 5530.61 5273.65 3857.26 6227.96 24360.9
311014.5892066697 40114.1 27599.4 13451.4 13841.7 3223.9 4064.31 4695.84 16524.4
332072.8410777128 88283.2 111984 14024.5 24466.3 16104.9 22043.6 17401 41806.3
220094.51944611472 52006.4 72696.1 18485.1 19527.9 6839.02 14689.6 12462.2 37226.7
356554.54927541415 92830.1 37766.9 7439 7682.13 3215.12 3169.28 2662.91 14650.3
513313.7336226513 94358.7 76311.4 13097.3 7740.86 6028.67 7388.72 7799.43 22733.5
287960.47261130967 63523.1 41893.5 25702.1 13756.5 12207.5 13542.6 11724 29748
108686.08057749807 46058.7 50389.1 13707.5 4659.59 2084.21 2984.91 3690.05 11899.4
472027.30509585934 29090.3 61380 19502.3 16503.7 11850 10628.7 11677.2 27723
186105.56672486247 31893.2 59480.6 22688.6 13821.3 7287.9 8524.17 7565.8 32674.5
318165.53820206196 70798.5 100150 12292 4987.91 5762.93 5576.02 6233.74 22151.7
460173.4334077804 37068.4 28692.3 8796.4 9097.56 4730.83 5879.71 5958.99 26126.5
260870.8666979294 54565.1 44558.6 14689.4 14590.4 4515.82 5390.79 6530.66 14772.3
446858.09412765095 47676.1 39359 4002.9 6938.56 2271.58 2028.83 3501.8 11157.2
348911.2321547599 98028.7 56774.7 20484.1 16079.7 10652.6 7028.64 10934.7 30265.8
233063.49864481486 27637.4 60197.1 5789.95 8427.92 4650.14 5310.16 6319.91 12831.8
349507.6736670131 51859.8 54982.7 6665.64 12171.8 7581.53 4564.41 7549.79 21233.2
144417.20547801084 29719.2 55363.2 16855.4 10991.1 11256 12762.8 13148.4 37123.9
189838.4870863052 38155.8 40678.2 7832.99 4593.35 4578.3 3692.79 2946.66 10512.8
406837.88084959076 70772 50231.2 10226.6 8381.49 5478.77 3574.75 3709.68 12861.1
253339.42110867627 40949.7 31257.4 12459.2 10275.3 5655.43 5408.11 4458.88 10887.9
375479.94693184894 46079.4 40134.9 23604 10846.8 12055.6 11106.8 22867.6 56063.1
293997.3392228711 57752.7 66563.8 11502.7 19611.1 10616.9 10960.1 14016.6 29730.4
412699.6811450897 38187.4 38963.9 12259.8 5818.6 4479.68 4319.34 3189.9 15541.3
203492.93597715907 43108.4 63161.6 25776.6 14217.3 10927.1 9888.05 11361.8 34560
244943.88916695485 55445.3 66872.7 12371.2 15046.8 9442.46 7260.65 9607.34 28752.2
332752.0130266937 43283.8 38788.6 6149.58 5413.67 5297.1 4270.41 6801.07 23268.5
164509.14884194438 31679.9 48091.5 6875.18 11799.3 8047.52 7096.63 8367.29 21989.1
437418.41746774194 35564.1 34298.1 20352.3 9417.42 4698.94 3730.2 5024.11 15342.4
120999.41115536523 145453 142865 17687 12025.2 7925.75 9297.98 9429.56 30183.2
567513.7013778826 68613.9 60487.2 12143 8837.12 4496.57 7874.01 6581 17310.3
475735.97120488563 26483.5 40298.4 8750.74 6267.14 3897.85 2889.59 2092.98 7802.75
282280.68354700966 70301.7 104001 35560.1 32940.7 20990.1 19547.2 16031.5 40101.8
353443.1498975488 60799.4 66455.2 41123 36586.5 15906.6 16077.2 17171.3 49219.6
233503.623105407 20851.5 49661.1 18042.6 18028.9 5810.27 3403.67 5034.87 19900.2
185919.3453917913 59756.8 53692.6 16442.8 15594.5 14231.9 7483.44 9716.54 36724.7
131349.7665008984 109148 63674.9 21251.8 7432.91 5984.4 3992.44 4664.64 18710.6
212089.3783501498 74120 59346.2 35340.1 25272.3 16597.8 21132.6 16445 47060.9
249171.52447488843 111519 103831 19983.4 22955.4 9938.5 19120.5 16988.9 44641
147042.27757144402 46567.1 38332.7 9727.95 4495.55 4590.85 4204.18 4627.4 18318.6
190012.8370303999 65624.2 31358 11468.7 13923.4 6741.71 7108.8 8341.58 20967.5
235597.31562609086 48802.4 46748.8 7221.35 4221.22 4155.24 4652.82 5613.34 22547.4
213108.1370611586 38726.3 33262.2 8283.86 4901.67 4586.18 3544.89 3472.99 12270.3
359571.0957087417 64392.9 49568.3 26480.8 11370.8 8418.54 9884.19 11197.1 37966.3
208780.0530092655 73860.7 72803.6 10250.6 9787.87 4630.09 4899.55 4383.32 27729.5
194987.47759420998 55908.8 33590 13134.4 5495.54 2860.16 6319.45 4732.44 20880.3
156544.0127115753 63481.7 39720.6 12433.5 11064.1 7921.87 7619.28 6575.92 22601.1
298723.1134507484 69587.5 31430.3 12113.3 8605.82 3590.92 5230.43 5520.37 14649.1
175833.9298139614 50174.7 24448.6 2560.29 3415.09 1662.77 1585.19 2436.34 10235.3
518490.77660259674 73378 108352 17581.2 30901.8 15618.8 17778 9963.49 24552.5
277124.9406791402 37930.2 86711.6 26650.5 18797.1 16803.3 24805.3 29572.3 48292.5
295947.44076196244 30173.8 40128.6 9212.95 4015.92 3282.64 3694.64 3125.35 10506.3
186937.70987667912 75645.8 57884.7 24581 14720.7 13141.6 8024.54 9327.34 21467.3
186012.3955878784 25217.4 41148 3665.02 4395.8 2161.04 2300.49 2859.7 13975.4
244785.1403108147 123307 91297.9 33449.5 27093.7 11744.2 10738 8031.59 19157.8
162452.59730228793 39975.4 49789.6 11408.2 4285.64 3841.12 5569.94 6503.29 18182.8
355516.0521044346 61302.5 32199.8 24665.7 16604.3 12162.4 12256.2 16772.8 36698.8
362331.6852930455 97451.4 66120 18158.3 10158.8 6030.71 5716.25 7035.56 30095.3
184553.05457170593 27524 42210.2 12281.3 4868.43 7258.92 4928.47 5848 29446.8
184278.54702625034 107719 51894.7 23377.2 9788.05 7790.46 4806.82 5568.32 15906.7
365093.3711591818 38387.4 26879.2 4377.97 7859.95 3998.35 4778.66 6503.07 26167.2
180271.56574253392 54547.4 38803.8 17075.8 8630.73 7076 7443.87 7491.58 19467
160032.11681423677 64154 78382.4 17016.7 13729.1 7841.1 8459.27 9653.6 33472.4
246514.1346108366 40017.5 30749.9 3450.19 2642.2 1754.35 1692.65 1072.37 10386.4
303314.670559048 79540.6 162261 19590.2 17683.9 14459.4 26631.3 19359 35602.6
218858.25330921117 32013.6 34809.3 1851.57 2331.53 938.906 1755.97 1750.55 10402.5
206924.95130850925 39960.9 38512.8 11228.1 6393.32 1984.43 2664.82 2256.57 11288.5
224063.13066021886 38412.2 45920.9 12110.4 5502.32 7420.86 9223.88 6443.36 28344
289616.56082532974 146007 114611 47866.6 54472.2 28393.8 28380.3 32791.9 85097.7
170620.28043004445 26835.7 57377.1 10254.9 8562.01 6176.16 4841.92 4520.2 12043.6
326988.34900908335 33765.5 43830.5 9224.42 18030.9 6664.61 5671.81 6021.65 27251.6
435022.94172302063 67464.5 50966.1 18246.1 10492.3 7713.07 10024.1 8954.96 34805
286083.9290220257 40775 43218.7 7943.12 11642.2 9012.92 5882.49 7447.09 24625.8
322241.06235297286 62221.6 89516.4 16236.4 12996.8 9290.38 11188 14090.8 38323.5
477015.1953791123 87571.7 151090 20901.4 13759.6 10580.8 8444.67 8145.82 20476.8
219079.22673363055 37406.1 35857.8 7642.92 5640.17 5868.53 6436.88 7299.83 32630.4
313938.57297510514 55025.7 38079.1 6890.98 8097.53 2959.52 4941.11 4593.25 11757.6
182637.23820609227 25500.8 23764.6 3235.79 2723.8 1796.91 1885.42 2809.21 14987.9
207812.15189604452 36999.6 43316.8 6598.29 7948.14 5572.29 6384.29 4598.16 14609.1
283527.34277034074 90073.5 75892 17827.1 14785.8 6588.85 11874.8 15564.3 33166.1
93798.574303111 41361.5 45179.2 7392.72 6675.08 7523.55 6261.31 8677 29094.8
239799.16457954794 49005.7 35862.5 6457.07 5752.73 2376.41 2972.83 3081.1 16310.5
205659.71150513567 33375.3 38634 9014.49 8076.94 3775.63 2999.79 5301.06 17424.4
205226.1809990527 86888.7 40069.2 15363.2 8465.79 3976.82 3409.04 4525.58 20253.1
374209.7701944974 49677.9 66409.3 23565 25302.1 8940.36 14197.9 13639.4 33330
200565.39005458826 56397 89415.7 9445.52 11159.8 7259.91 6895.85 7704.14 19625.2
130417.50317023614 36476.2 50321.4 37251.5 10642.3 5313.65 9942.76 10665.1 34088.1
308822.9571363033 101707 25379.5 22510.8 22185 10351.8 13200.2 14835 52840.7
174415.69048303697 86793.9 77684.9 14757.9 11058.6 6568.82 6313.57 8752.69 20983.4
335126.1940935217 60939.1 74339.8 11252.3 5646.36 4652.05 5756.07 5935.79 24571.6
259900.04215087055 44795.4 53756.1 8981.93 23031.8 14788 11595.5 8958.18 33062.3
231222.61575853196 61530.7 46917.2 13844.8 9361.16 8500.62 7893.18 8297.55 26369.8
357671.3677008735 44929.2 48390.1 18269.6 10521.8 6420.45 6835.58 10956.2 34914.1
383726.47827529634 79523.2 112575 16740.5 9669.84 6124.68 7317.91 12768.2 38311.8
121292.98003665646 104155 40215.2 17576.9 8166.06 4230.74 4985.63 5641.5 20431.9
253940.98368601777 70818.9 61356.9 46559.7 23514.1 27626 23830.1 25951.6 64346.5
361931.97640656173 71456 73895.4 22329.3 14815.9 10689.5 8474.78 11912 45779.6
200382.6441380031 16257.7 47766 17306.1 15355 11945 14790.3 15029.2 26450.6
158530.22235161782 39947.7 60697 14962 8710.81 8486.33 5851.44 5062.13 12328.3
184573.79201366947 15967.3 98535.7 16890.2 11586.2 7432.58 11395.2 9639.25 27820.7
468401.31672747986 63150.7 73862.5 11993.3 11082.2 5201.03 5024.36 5907.27 14613.7
123642.39841411954 30774.9 83948.3 12649.6 10968.6 3777.13 3958.29 3407.28 3990.47
120234.08331983347 21744.4 39178.9 7906.66 4054.02 2630 2825.63 3861.57 10102.2
377169.0902369542 72129 57423.5 22411.3 35969.2 15572.2 20601.5 20669.9 39553.8
136359.94216718728 62225.8 64876.6 5760.73 3063.7 3850.81 3914.26 4595.37 22711.7
197682.03746190865 39042.4 36808.2 6813.07 8598.54 6584.55 7518.28 8971.72 20518.7
257180.40836323597 35452.7 32879.1 2838.43 3197.73 1916.67 1878.31 2533.68 20795.2
431049.8093648911 56270.9 88142.8 18660.5 19847.2 18150.7 17563.6 22432.4 33599.1
165058.92727639485 103397 72509.4 17263.1 16385.9 8399.47 9019.84 9832.51 20443.2
324510.39132846746 37398.2 25943.7 2616.65 4681.58 2884.31 2725.09 2571.92 12477.6
235375.8597569857 66896.6 56919.7 19623.4 12607.6 5006.73 7923.14 6210.36 10270.7
377727.1672336405 107510 91071.5 32040.3 42599.4 16477.8 15663.6 10424.7 43508
182039.01419864577 54163.5 65901.5 25230.1 20242.4 9909.81 7637.93 10546.1 24104.7
183343.0707127416 41532.7 42332.4 5934.26 8588.12 4134.32 3174.14 2643.57 16000.6
470948.16679568595 42523 64737.9 10003.3 13366.8 9173.38 9013.53 10663.9 28783.4
455091.19421159977 48344.8 34162.8 5316.81 5112.16 5221.13 3847.13 6428.99 14691.8
162278.6218198912 48305.8 40413.8 22009.8 16355.2 10685.1 9039.68 13314.5 41630.7
260760.28241613938 56724.9 23062.7 8065.29 3597.27 2946.23 2551.36 2890.84 9179.93
407175.1207276018 46900.5 53886.5 6214.98 11029.1 4417.07 5047.33 6195.79 25441.9
182983.12939996892 59045.7 116364 14320.8 15121.7 14108.5 14924.1 13095.8 35142.6
258111.39442910213 165652 184072 40816.5 30835.2 23530.6 21215.9 17840.3 45368.5
337125.2295747057 22096.9 74254 35557.2 18518.3 8129.28 10784.3 14817.6 56424.8
143237.05019016462 38432.8 56225.9 11916.9 14372.2 8677 9110.16 12744.5 33405.4
202724.2224175243 36589.6 99495.6 25697 18028.1 16365.7 20659.9 18641.6 39315.7
156089.01961307682 46237.5 42385 9611.93 7519.33 11829.8 8523.98 6249.37 13274.7
273462.963049829 42791.4 39804.5 14972.1 8084.55 6008.12 7963.02 8922.74 27086
150576.8546205052 79133.3 62370 17300.4 18432.3 19364.6 16873.7 15729.5 47988.2
190327.96287581386 25445.7 29864.1 11656.6 7953 5858.59 3445.66 6337.48 22058.5
186449.35630265507 43137 38478.6 16293.3 5208.41 14412.9 14852 11656.5 38877.8
175872.53069621386 59400.1 80120.2 7590.91 13508.7 3393.51 5546.88 3554.68 20536.2
496591.3137150744 93595.2 62055.4 18208.8 14566.4 10651.4 9194.69 8707.42 37751.2
271488.32562044216 140274 71134.2 13808.9 12191.7 7511.95 8921.08 14186 50781.5
429787.77608367254 50468.6 47796.3 7502.29 7117.58 3963.48 3684.19 3219.19 10411.1
139192.88191804208 34269.7 57167.5 12035.5 6436.34 9162.2 6969.98 6594.02 26090.1
193053.70305159123 46099.4 43546.1 9444.46 6773.54 6578.05 4962.7 3441.18 23672.4
172202.28120054686 37587.2 24450.6 6699.57 7328.4 4207.96 5615.46 3506.69 17007.9
439198.34795495716 131692 62127.1 14544.8 12865.9 4520.54 4584.78 5292.99 20182.9
207157.31365781106 42636.2 81007 11648.4 8219.1 8174.67 13696.4 8799.66 25128.5
219982.8512880796 49247.3 52538.6 9368.32 4733.26 2542.84 4021.3 3738.4 20740.5
384090.47583449876 47287.4 48904.9 7798.02 13164.3 10168.4 9671.17 12794.6 26361.5
226457.09798084834 16865.9 59649.7 4932.72 6272.63 2650.05 2728.09 3125.38 8770.77
258831.9104948283 58405.4 24518.8 8502.88 5836.15 3665.89 2996.47 3463.27 18554.2
224204.92306057134 36206.4 62611.7 7686.05 5376.28 4287.11 4786.25 5691.49 16181.5
213338.54244231273 27156.1 44601.7 11415.4 7122.6 4825.1 4031.38 4516.78 16969.9
377116.95307065174 44478.6 38941.7 7450.43 7782.52 6743.45 5985.2 4317.43 13103.8
451699.9779307231 50252.8 52721.4 20186.4 19714.3 8350.55 13422.4 9261.06 28823.1
210401.75030705167 61609.3 28560.7 7488.88 5056.76 6101.68 6283.49 8154.59 26558.3
374034.11682002497 26142.5 27522.7 7744.52 4846.09 3223.25 2656.36 4135.62 13632.4
295766.29796790297 94123.9 37942.4 6627.23 4191.01 2826.87 2475.81 2882.21 9683.79
398590.5010494772 55953.2 58647.6 6628.41 10947.3 7417.81 4605.28 6718.24 18592
249542.74781142583 27296.6 37549.7 6292.42 9032.47 3731.84 5848.37 4880.94 14871.4
341041.3375081196 101983 78868 18324.9 17188.3 11291.4 11222.1 10724.2 23867.3
154783.8524399102 52786 94456.9 32918.2 23583.8 12816.9 14017.7 15506.2 48744.8
337789.5662424988 47854.9 70056.8 21733.4 9859.66 5192.17 8313.46 7958.53 26316.4
173552.78636947394 35932.6 52283.6 13090.1 6443.44 4389.7 4189.32 4410.06 24968.2
239375.0045332171 60956.1 28216.8 8853.61 2972.47 3060.93 2742.05 4104.94 19664.5
181122.5190571561 27897.1 33573.3 19215.2 7886.57 4082.16 4714.83 4250.67 19494.7
178829.30509993384 44600.6 41957.7 5567.08 4075.66 1093.82 1955.88 1683.64 8229.16
297746.83100382757 59393.7 55603.5 8618.18 7151.52 5841.21 9948.02 7894.55 19922.5
348941.2772666549 47951.8 38817.6 11320.4 6666.1 5397.42 6048.63 5469.1 18741.9
161872.19890544968 168248 55744.2 24528.5 21746.3 20658.8 23038 29311.7 62991.4
183399.4736440644 44687 40610.5 11831.5 18377.1 14236.9 13785 15961.2 33010.9
175868.62907179928 27142 34967.2 9799.47 8149.68 7457.49 6739.55 5585.84 18427.4
313613.6979490069 51720.5 37928.7 7649.86 6974.15 3363.13 5308.17 4802.86 24327.2
210668.6350253332 152095 74376.7 14879.7 31217.8 7907.94 18485.2 12180.7 39036
230445.89931329552 56875.3 39344.4 9508.61 8576.03 5890.64 3667.87 5189.07 15230.7
188242.77035903028 76283.8 66662.4 22668.5 7893.14 6816.06 7766.94 8709.84 28347.6
144846.6259832572 42979.6 101529 18788.1 14186.4 7920.01 9741.66 8580.98 18004.8
394843.5502478623 31976.2 56946.5 9671.59 8163.8 3689.2 7547.64 7388.17 15935.2
260913.6120606366 95723.5 79151.1 12284.6 11947 6261.64 6911.89 9686.12 40813.4
204459.74669892134 64318.6 47002.6 6623.75 5294.45 3410 4095.85 4187.44 19143.2
393842.5619026867 39239.5 34682.2 16545.3 9103.01 5458.24 8401.52 8772.47 23001.7
329514.76756504935 48168 33824.2 12477.4 5789.62 4087.6 2805.86 4256.24 15556.7
514048.46917064197 107967 84889.8 35833.9 23684.1 12579.9 14756.3 21076.2 49416.3
237982.34923449662 41135.9 52922.6 8588.69 9234.95 8341.51 7461.35 8128.61 41791.3
286214.72040178487 37657.3 43004.1 9923.64 7246.91 7203.71 6540.81 9267.11 28687.2
445836.923693365 32254 21912.3 3702.76 1555.49 1171.73 1153.55 1350.45 7384.71
251889.96475600955 44893.5 29517.1 11504 6065.35 4778.75 9029.09 7538.51 11146.8
107201.2382267793 65402.1 27174.6 25603.6 11309.7 7837.74 5518.15 5710.88 17420.8
385663.6184299341 73016.4 71864.4 19159 10505.8 5955.09 5315.52 5419.49 15669.7
500110.87428170774 59610.4 64065.5 16804.8 15544.7 9835.5 10421.6 16268.3 39995.9
249795.28333229574 81270.7 69809.6 28392.1 17817.2 16758.1 12597.3 10206.7 29314
315526.8648095805 52155.9 29697 10596.7 7297.3 5193.68 6173.75 7603.06 21583.9
414001.11818370305 47107.9 49144.7 12068.7 10340.8 3663.8 6067.92 6514.12 10957.4
124558.13252299264 46661.6 33005.7 15253.3 6391.07 7417.08 7365.05 7040.29 24253.2
157682.86450079788 50800.7 88082.9 18217.3 11253.3 4811.89 6399 5887.29 28177.9
281485.05940888287 81902.5 95817.6 9777.76 28765.6 10656.1 10865.3 11989.6 21142.6
260423.66462462713 45031.1 47210.3 17909.8 10109.9 7589.06 5885.3 9866.46 28232.8
253417.0658592184 16216.8 28419.7 10330.5 5432.78 2693.52 2996.1 2625.74 11318.4
464014.2611825519 49035.5 78083.6 24145.6 14929.5 12938.2 12971.5 12244.2 44339.8
195219.77632748854 37004.1 37060.5 19657 10148.8 8751.6 7733.08 7324.16 21737.7
186157.68585315146 56464.3 63981 9028.51 4536.1 4340.12 3368.5 3522.96 8054.02
302955.8475130909 40376.9 70725.6 10162.9 13156 9865.99 10996.3 8179.89 16078.3
329263.57347942196 50898 31304.5 20346.4 11135.1 6415.65 6112.33 7081.84 23371.2
454385.70212447975 81558 51622 31951.1 21217.4 6215.43 10424.2 13143 39573.8
456498.57772456075 24172.2 46164 10477.7 8537.81 9520.31 11474.1 9808.16 20305.3
243299.01564350261 27917.7 33630.7 21448.2 5080.41 3120.12 3176.89 3090.47 9415.72
265815.4972744834 93581.1 99875.6 47760.7 35917.8 26993.5 16082.7 26474 42696
407175.1207276018 46900.5 53886.5 6214.98 11029.1 4417.07 5047.33 6195.79 25441.9
209153.03642777092 85011.5 48044.8 15374.4 15802.8 7538.18 3553.92 6943.95 22875
116620.72842531759 55359.6 43217.8 12257.2 11682.6 6372.65 9151.44 9765.52 23195.7
235232.99452001156 127864 59132.7 22980.8 5168.9 5397.48 7072.92 6442.05 16612.4
309921.3869145458 178991 65035.5 40357.6 51656.9 43443.2 23437.9 37223.6 90094
145612.34370969888 49433.4 74235.5 28533.5 13417.4 11214.3 14136.6 9803.27 27388.3
168395.58628079633 55896.6 60598.6 26383.8 19146.6 10353.8 10906.5 12455.4 39715.8
446437.65195641073 52019.3 44079 14706.3 10921.6 4360.95 7168.34 8152.39 32849.3
201051.845688614 90895.3 77515.2 5942.48 13898.8 8266.83 9155.44 5450.07 19283.7
333792.38099114323 52075.3 68354 17878.6 9465.74 9739.99 8849.83 9465.7 14728.5
470948.16679568595 42523 64737.9 10003.3 13366.8 9173.38 9013.53 10663.9 28783.4
276550.83620775124 95965.4 43613.2 9604.74 20803.7 7722.99 10481.1 7038.26 18932.3
172638.01932320048 54734 98003.5 12655.1 14225.9 8013.07 8411.1 5905.62 18510.1
168878.78794013069 19086.5 44538.8 17784.7 10920.6 15180 14651.5 20029.8 47646.6
348256.29946538026 28921.1 39085.1 14226.7 12256.5 7130.98 6437.22 9123.56 26913.6
466829.93357707694 63531.1 51249.4 9870.57 5904.14 6328.56 4515.66 4289.96 19189.1
269833.05848556355 44107.5 65022.4 18802.6 12990.7 11007.3 18178.7 16318.2 42886.2
245901.72521639822 43476.4 36342.1 6821.58 11289.3 6725.84 5017.91 4945.99 18447.8
127707.93768119773 33288.8 29155.9 16638 8494.66 4286.94 6539.36 6298.4 21939.7
304924.3064790378 68260.9 78984.5 35721.5 30294.3 16179.3 17063 16936.2 38750.6
161828.57888164622 95491.6 59214.3 16494.6 9959.31 4186.88 11610.1 9247.05 38591.9
338751.3360937147 162882 117776 27967.1 35539.8 29854.1 29673.3 30952.5 54169.5
328358.6870414566 37911.9 22035.5 5533.37 6427.08 2708.66 3502.02 4043.99 20873.6
235569.30336084147 23083.7 31976.4 7265.82 4691.19 2896.13 3003.85 3549.41 17206.4
132878.01953010514 30199.4 27029.4 11114.5 6063.05 4248.34 4090.38 4783.26 20262.5
271391.9130430982 95564.8 64729.5 18526.1 18689.3 6063.62 11043.9 6989.41 29236.4
185689.99119911264 22712 34186.2 4224.55 9883.78 4511.32 8288.09 6432.29 23718.8
260325.61142585857 66036.4 51921.6 12695.1 10350.1 4425.7 5761.96 5190.37 12533.6
439813.07154468336 30731.3 38516.2 12750.8 7331.12 4415.65 3429.59 3662.29 11375.4
205474.47683014782 39450.4 55438.6 15515.4 6069.73 5304.22 8790.62 7819 19410.9
310470.2628603702 46443 130904 10464.9 15733.7 7958.28 9287.99 9474.83 33248
345261.2062923769 45215.1 40508.9 23046.2 13189.5 5272.74 8913.27 6905.03 22298.1
169022.77728026902 48670.9 59754.6 14447.6 20895.2 7853.52 11444.5 14418 39755.9
134063.5506270971 85423.3 23060.4 26137.5 10940.2 11121.4 8513.47 9751.54 28751.8
370389.8063682516 22955.4 41353.6 21549.7 17693.3 8583.98 10004.2 13312.4 46638.7
227999.6723038468 48635.1 52863 20476.5 11106.1 5051.71 4294.33 5010.51 9510.79
120234.08331983347 21744.4 39178.9 7906.66 4054.02 2630 2825.63 3861.57 10102.2
430391.10970990115 40889.3 53437.3 3815.92 4357.24 4081.91 2229.97 3301.55 14735.7
175833.9298139614 50174.7 24448.6 2560.29 3415.09 1662.77 1585.19 2436.34 10235.3
251969.21617130027 96641.5 103019 26618.7 16794.4 10700.4 14402.4 19432.8 40047.1
233470.6599451242 60910.2 33068.4 6789.18 5263.47 3825.3 5818.57 5898.19 21890.1
272972.8334280009 68501.4 46948.5 4928.21 5700.3 5295.06 3518.28 4591.86 12063.8
129079.11321893943 50031 83328.3 20057.4 15612.3 8471.84 11619.3 9887.78 23512.1
106823.85782711788 68471.7 73461.5 8628.71 6732.69 4691.55 6215.9 6348.04 18154.2
202293.8291356196 51170.3 24139.8 5929.19 3705.67 2108.91 2248.17 2471.86 9331.75
127707.93768119773 33288.8 29155.9 16638 8494.66 4286.94 6539.36 6298.4 21939.7
254186.4620455894 87908 73505.6 29350.7 13325.3 8422.06 11381.4 13814.5 57990.7
221283.07622422208 87376.9 69821.4 24014.8 9792.87 8864.06 10321 11008.5 30492.5
398557.1377694355 101603 86284.5 32112.7 15704.4 9047.55 9132.14 8041.36 33907.2
