380838 201400 22986.6 24478.7 32746.7 23107.3 21829.6 8709.57 41914.2
380838 201400 22986.6 24478.7 32746.7 23107.3 21829.6 8709.57 41914.2
480033 172663 44618.3 50532.2 30100.1 25172.9 25576.5 12447.9 45278
1554220 168697 47294.4 34687.9 37950 30781.5 29605.1 16215.7 59386.5
947351 45286.6 75852.6 78323 28198.3 31118.4 26505.1 14176 28963.1
302707 391040 60130.3 61980.7 39357 32295.3 50221.7 20167.2 64335.2
193835 205048 33576 85134.7 51412.2 36589.4 34647.9 22227.6 51054.6
337765 200322 123986 194370 32447.8 54010.7 74523.9 37102.9 129669
253273 83287.7 30916.9 26150.4 12893 13036 14634.5 8038.3 47334.2
101210 55791.5 31788.7 12197.7 17596.3 13950.8 12025.2 7519.54 29517
594882 73989.7 39722.6 23546.4 14402.1 15319.2 19925.2 8650.1 30102.6
679376 168819 49276.3 73426.2 35895.2 37113.8 37442.9 20682.7 61097.1
195308 49138.5 33312 15093.7 10737.5 16443.9 16465.5 11346.4 28797.6
120643 89742 44297.2 20138.1 19816.3 20164.9 25354.6 12451.5 27465.6
271641 171606 19853.1 23581.1 10707.6 8211.96 15865.1 8100.2 18496
334424 203593 80027 37974.8 21844.6 27690.2 30318.5 18485.5 54716.2
402820 142529 51036.7 43905.9 30356.3 18778.6 16846.5 8859.04 31341.7
170666 27195.6 31835.6 15960.2 11434.7 10244 8903.06 10904.5 44421.2
262840 92096.7 34167.4 44739.7 20235.2 22739.5 17471.8 9401.22 32049.9
171601 202253 38910.5 30097.4 15889.1 21918.4 28344.7 11375.4 46491
235748 79383.1 23450.6 29768.3 25857.4 16951.3 23605.6 17140.5 43438
229446 62483.9 55837.7 80215.5 20019.7 25788.8 27383.6 13694.8 57581.4
328019 54565.7 31505.6 23765.8 15859.7 19062.6 19699.8 11737.6 31189.2
366945 32101.5 31171.9 24455.7 20317.1 19621.6 12179.7 7756.41 25071.2
220420 32213.4 23150.2 21547.2 11803.6 23374.6 12475 6268.72 26352
331036 49253.1 50083.5 53209.8 53630.6 44144.5 36526.7 29190.7 61248.5
491087 291024 84637.5 37834.9 58846.1 38270.2 40976.6 22397.8 76550.9
1345690 105247 80918.2 43090.6 24186.6 32004.6 31668.3 15266.4 58129.2
282144 210698 28163.4 41186.8 14209 11351 7813.16 5842.99 21638.8
1280570 108310 53801.1 53128.8 43112.6 34176.8 26071.2 13645 39288.5
304836 122562 14497 32853.9 24566 19783.8 17518.7 17191.6 43324.6
68356.5 41290.1 30041.5 33776.9 13345.4 17639.7 9775.86 5568.69 21262.4
199599 90668.3 40112.4 58319.9 48599 42618.4 52083.5 20357.2 71775.7
180294 63469.9 21717.2 34307.9 31557.5 54045 39808.3 22134.9 75014.3
205267 124662 50149.5 75320.2 38431.3 30493 37339.6 16103.2 64333.4
349258 81810 28817.5 65323.4 13400.5 17366.1 18807 9233.04 31942.6
350613 229528 63419 32215.9 24386.1 31800.5 33460.1 14073.2 46527.7
234401 182825 36493 32777.8 23651.8 26240.7 23369.8 15331.1 38311.4
788794 175426 35109.2 58135.5 50686.9 58159.8 43794.8 17875.8 65053.1
194412 40946.7 17448.5 16085 12150.4 10193.1 16765.5 5579.72 21254.7
162713 71954.2 50126.1 32515.7 38757.2 31613.3 27039.5 15970.4 26145.2
173289 69274.9 27646.6 47960.4 15873.5 11262 7833.9 4470.88 13432.7
633187 52952.5 37390.8 23123.6 10690.9 14825.1 10132.6 4570.33 26119.7
216163 82023.5 45348.7 44164.4 25520.4 26424.6 34759.7 15086.5 36696.2
473590 251046 79656.7 52600.4 34793.9 34066.7 25710.6 18821.1 51969
135067 60002.5 74937.1 57542.9 32480.2 35902 37972.1 16779.8 46680.6
75224.8 107092 13777.1 13876.2 6991.55 9193.11 13374.3 6577.32 21664.6
413808 35528.7 94624.8 69945.4 27845.9 35764.6 33424.4 14384.2 42157.7
496547 201878 66508 33566.9 25158 38988.9 39461.9 23928 59655.1
450742 246021 123834 128935 47591.1 45638.7 42570.3 25821.1 67324
283080 382284 35382.5 27866.8 11882.4 17476.6 15608.1 7463.05 23523.9
260769 154028 31439.8 29069.2 19549.7 21151.3 20711.5 10476.2 34976.9
273357 60343.4 17187 34430.3 23060.1 24161.6 23991.8 14395.4 50691.7
67880.8 84536.1 21881.3 30419.4 9577.33 15796.3 17610.3 11745.3 44306.3
1242610 104454 82979.3 19008.7 16273.9 15046.4 14872.1 8790.15 23024
400874 167087 71562.5 63507.2 41572.6 40539.5 45818.9 18346.1 61337.2
1232220 174279 61991.2 115073 38667.1 36446.9 37999.7 24580.9 62036.5
67115.8 37205.5 19410.9 16445.6 11435.1 10017.9 6495.2 3718.15 18295.9
196193 76342.8 90808.3 81254.4 48484.3 58996.8 41340.8 17812.4 39755
288212 47823.3 21157.5 16202.3 18963.6 12712.5 13141.7 9902.22 30131.5
366879 153136 58094.3 24972.1 21663.9 21694.2 20153.8 11826.9 34406.4
248633 171651 91290.8 56625.5 41600.5 27103.5 29962.6 10447 38068.6
310246 70826.6 22488.9 34374.9 14405.3 31517.9 15868.6 9515.06 30599.5
363312 97224.3 50501.6 52461 14532.8 32053.4 41523.1 17054 74179.9
516575 173506 14653.3 35536.4 14420.9 10277.5 13065.9 5852.43 21462.6
132010 30171.1 16969.8 15447 15807.4 17781.1 20562.7 12449.6 51133.4
189648 31839.2 88468.3 61156.9 33307.5 27272.3 33235.7 17705.9 37634.4
109919 66634.8 53933.1 51718.8 27109.1 37890.2 38444.3 23817 48370.1
460096 29883.2 50966 30292.7 30320.2 29413.8 21772.4 10029 40469.2
366851 99581.2 25754.9 78540.6 36551.2 49700.7 38919.7 14767.7 35793.3
730952 70896 55646.1 51196.2 22278.4 27586.6 20705.6 10442 32024.1
251136 184208 32625.6 15872.6 30734.3 36696.4 30433.4 13400.2 54483.8
943650 91341 56529.5 35016.5 28279.7 25562.8 26560.7 12594 37558.5
281086 94893 35112.1 20983.1 10391.3 12791.6 11082.8 5906.54 19565.4
322233 121914 30657.4 21990.6 19235.6 14757.9 13183.8 6651.19 23781.7
268256 53044 61433.9 53903.6 33428.7 39322.7 26037.3 18223 56900.7
101713 58159.2 74635 41169 18404.1 13249.8 11474.3 6901.63 18619.5
1003750 60166 22804.2 46825 58747.5 54031.3 38780 28922 55547.8
530064 357306 50722.1 43816.4 26563.5 17083.1 24756.5 10728.7 28158.5
516042 20903.6 39479.5 26815.2 30468.9 32304.2 32358.5 15575.4 38606.3
361176 67743.7 46143.7 62322.4 29534.8 48534.5 31216.3 20273.3 72106.3
262725 117470 39663.8 50577.3 33755.6 21820.5 18862 7780.56 22849.3
608533 197867 31826.9 69036.7 30373 37999.2 28668.4 19494.8 53452.2
279813 81678 39224.2 20445 17587 17857 12464.2 5741.4 17916.4
241201 116945 72539.3 73790 35610.6 32305.6 35391.5 16512.5 52025.3
695031 217487 34546 52374.7 31972.8 26772.2 23276.5 13634 40139
122292 66866.1 22540.3 11531.3 18836.4 16758.1 15615.2 8665.85 30476.2
350455 77329.4 16824.4 27577.4 19095.1 30294.7 18691.5 8201.11 25605.1
461763 40976.3 22316.1 27266.4 8165.62 10082.5 14094.5 8141.02 29180.2
63694.2 50551.6 88921.8 28046.4 25298.2 28119.6 24768.8 12274.6 28629.7
1146060 122174 22146.9 33031.2 32541.3 19258.2 13880.3 8232.36 22295.4
501340 127937 38308 84650.1 26329.2 35039.9 28660.2 17164.4 65424.3
268058 60836.5 47549.8 42269.6 21074.1 24947.4 24421.1 10414.7 28029
129717 199902 67068 36695.5 23731.9 21815.8 20147.7 12244.3 28168.4
545167 142918 68235.3 48448.9 18701.4 28523.9 21751.5 11458.4 27072
507118 43795.7 18430.9 19549.1 10821.2 10220.1 10414.1 6331.87 20910
279489 199350 47126.6 36884 13646.4 17676 17123.1 9556.66 41132.1
434259 140424 44154.6 43524.7 29429.4 34464.5 44135 25044.1 90762.1
496466 183037 41104.2 43186.5 21877.9 37278.8 26493.6 11233.2 26690.1
186006 107283 20670.2 15394.1 11442.7 16956.6 11274.4 7639.84 15745
449319 45280.5 54092.2 64811 26260.8 35783.5 26151.1 15308.7 39685.2
118528 239598 44780.3 44211.1 20415.5 14066 17036.3 11530.1 24923.7
529451 173455 40420.4 41492.4 25868.2 17489.6 25147.8 11809.4 56777.7
658309 77976 45288.7 43888.3 29094.4 25757.8 27629.7 17853.8 46183.2
348197 56666.8 53748.8 69468.6 33592.4 27643.7 29513.4 18116.1 37737.8
169056 89439.3 17947.3 10337.9 3617.04 3672.84 5811.56 4748.61 16411.6
181120 152408 18065 37748.5 25522.2 30564.6 25387.5 9836.22 40833.9
343215 103751 40488.8 38875.3 19417.2 27964.5 21689.2 15587.2 51606.3
135721 111794 28379.4 14565.5 9403.34 9519.31 10324.1 6505.44 25901.4
481335 395582 84815.8 87674.8 15321.6 22323.8 14797.1 7985.33 27458.7
155039 60511.4 21465.8 28265.1 32586.9 25295.9 25826.4 18275.5 48311.6
527780 216354 35969.7 140689 55881 42363.1 52130.9 31660.4 53168.6
109692 101860 61533 37075.6 28911.5 37453.4 32087.5 13108.1 23929.5
261691 145274 28273.1 30649.8 10400.6 19462 12166.9 6509.15 26736.4
239644 14886.2 35510.4 26804.4 9580.22 9610.59 14547.7 5745.4 22584.6
169466 122945 28919 70516.4 19385.3 27510 18298.5 9496.64 21686.5
1345780 64035.3 42127.2 21937.7 18806.7 22960 23150.5 8978.75 32063.8
94723.5 356101 43756.7 47911.9 33580.7 55192.4 51179.2 22218 59185.4
327989 104519 31893.8 29871.9 19399.5 24353.7 24804.9 15334.9 44636.5
873289 107126 47860.6 26683.4 19007.6 14965.7 11969.8 10280.5 25363.9
663518 82700.9 33010.3 46650.6 23947.5 17677 17819.6 10977 25659.8
164900 58486 34777.7 12224.7 6354.46 8613.67 7484.41 2983.85 16811.7
173608 221877 61996.4 62537.5 44575.3 37590.3 28582.9 20791.6 47321.2
164017 109857 48457.9 74278 33344 24397.8 22831.5 9912.17 35492.1
265782 199481 26492.1 50278.2 16664.8 26027.4 24693.7 18288.1 52036.5
127613 37712 28073.9 15208.9 19468.3 27748 17903.7 9621.28 24021
384340 71370.6 16812 42932.9 23162.6 24968.9 23262 12433.8 45481
194726 201144 24132.8 14884.6 20174.6 24541 14408.5 9118.23 32190.6
66241.1 51067.4 141492 86893.9 67755.6 58594 65785 34271 94073
412856 75283.2 114472 56165.1 32193.2 41566.8 36398.8 20401.8 58589.5
178458 133345 76283.1 38199.9 26876.1 26563.4 33174.8 16382.2 53275.1
187551 182417 100246 43497.3 25903.5 31142.9 28457.9 15517.8 54106.1
384282 134601 28476.3 56186.5 26907.9 15568.8 20754.7 9869.22 23365.4
498797 210735 27466.6 25624.5 18994.1 20022 20384.2 16792.9 36206.7
1334800 105787 80880.1 17987.6 43422.9 23159.5 21859 14857.5 43932.5
234750 227198 20916.9 70204.7 33431.4 45914.6 36089.6 14326.1 51564.7
284748 115669 50607.1 19582.7 19860.3 25531.3 15740.5 7881.85 14517.5
704745 457443 61944.1 41148.2 24295.9 25756.8 26504.1 10449.3 40315.5
228754 286072 16327 39586.4 30178.2 24105.7 20835.4 8835.93 22477.4
273074 86282.8 73431.1 42769.5 40508.1 22472.4 22418.2 11179.3 36711
163308 83391.1 40544.7 37532.6 14511.4 16607.2 16717.2 12938.7 35267.4
315966 100577 48933.1 27640.9 27416.7 13495.1 17861.4 8934.47 32252
456729 78698 17212 17114.7 27030.1 21793.8 17874.3 12481.4 27350.1
412806 86357.9 38980.2 37172.4 35966.9 34291.4 34265.5 13712 36106.1
191901 117624 63751 47288.7 16179.7 18443.7 23766.2 14635.4 29880.5
203693 120176 17203.5 41633.6 17552.6 31972.1 32233.3 13425.2 42187.8
126816 121703 99806.8 93934.1 59496.5 34428 40722.9 24575.2 51796.5
708995 131381 24124.7 28884.8 14013.7 11878.8 12943.1 8648.41 21559.5
229645 202871 28764.9 52596.2 12071.2 20184.6 19911.2 10160.7 38224.2
182754 65914.6 25192.2 17852.2 18345.4 23209.4 17769.2 9378.11 27481.3
586829 125319 39119.3 39317.8 26161.9 22174.6 25428.2 10763.7 28289.9
588292 171672 47673.1 32903.5 11894.3 16677 18359.3 9694.78 19071
273326 154201 33857.5 30278.4 26414.4 27504.2 15019.2 14819.3 30099
183725 46191 36895 43348.2 12934.7 16693.3 20653.2 8414.82 21212
229981 199983 53866.8 74491 55672 43411.8 57780.7 29444.8 59657.9
268517 66169.8 98720.9 100026 52797.6 40831.8 52840 32778.7 108842
183541 87869.7 39102 44529 30046.2 24079.8 22934.9 12590.8 37578.4
151039 133730 54287.1 43643.1 21810.1 19351.3 24109.2 15708.6 44791.7
1146330 321014 51870.2 108123 37546.8 53382.6 47173.1 25007.8 53874.2
2034150 145158 134429 69756 31607.5 48769.4 46620.7 19238 77726.3
1453270 417241 136544 83540.3 58813.7 38368.9 35625.7 28385.1 90886.8
335531 97406.5 62384 97875 45681 44104.2 41067.9 18051.6 46319.3
116266 46786.7 16460.3 57962 32274.5 31406.4 26295.5 15165.9 50203.1
702535 15189.9 60493.8 67858 28595.2 36587.1 34722.3 27263 64796.2
325818 162323 11492.3 15494 14910.1 20360.1 17423.7 13313.8 31006.6
335826 120221 50954.1 49387.1 58881.6 23241.2 30123.8 16036.5 44667.2
214540 101968 69863 55620.9 45756.4 42584.9 34652 28901.7 77349.2
754766 75657.9 58812.4 34820.2 24761.7 31775.1 30244.1 16308.1 55568.3
299920 107061 121555 47179.1 27216.2 28058.1 26758.9 11775 46441.8
1182190 58288.3 36279.1 43182.9 23451.4 21839.6 22725.9 15051.2 40448.1
213084 157470 41085.7 42315.5 31134.3 15034.6 23422.4 8386.7 27425.4
326905 138226 26059.2 31755.5 15169.3 17035.8 13050 6038.82 23063.4
408390 252180 72068.5 50362.4 34974 31352.8 46364.6 27781.3 75127.7
446927 169659 79215.3 66815.3 32818.9 38128.9 33521.8 16825.7 45182
680242 151675 43342.8 79807.7 26968.6 30184.6 32768.4 17794.5 46500.1
569419 110433 43170.4 47350.2 37705.4 26782.9 48639.6 22330.6 53655.4
180437 90744.6 110462 106708 36588.2 26797.9 32670.3 13472.5 36329.5
113326 262848 58690.6 52775.4 40868.5 21834.7 24308.9 12929.9 39988.7
1187030 152667 43598.4 76077.6 41437.5 56195.2 35269.9 31084.5 55695.3
1290570 154078 85150.4 57011.3 27057.7 34849.8 25466 16636.6 38685.9
1252990 82528.4 26836.7 14863.1 7497.23 9846.32 8869.63 6150.6 14762.3
560136 336022 51497.2 58517.2 47766.3 41840.2 52998.9 30122.5 86023.1
173124 131977 57443.6 44537.6 24020.9 17661.5 25679.9 17423.6 33319.8
150666 59586.3 18678.5 26478.3 15401.3 14129.2 14342.3 6122.27 17997.7
315637 123187 22475.2 40359.3 24425.1 28955.6 23380.4 18251.9 53542.1
98842.8 140239 101691 94059.9 101832 84101.1 81139.5 65862.3 130518
909098 143951 39937.6 50080.5 29484.3 19400.1 21909.9 14028.1 33610.4
836152 84336.1 17637.9 22505.1 13804 17841.8 13785.8 10927.2 28517.9
935995 64000.6 60448.4 46881.9 25612.7 25859 16566.4 11227.4 24493.4
804135 97454.7 54759.1 36879.2 20068.6 16965.1 14086.2 8006.43 29189.9
289849 37339.8 35972.1 32688.5 14106.2 17254.7 15578.9 12024.2 31101
518594 50031.2 34551.1 48547 39551.4 48481.1 49771.6 30098.4 54737.5
696265 85813.1 31558.6 47029.3 20726.6 29181 15827.7 9518.61 33845.3
225194 60893.8 161232 94772.2 66895.7 56741.4 46667.3 18087.5 43957.6
353167 33938.4 45959.1 57560.8 28284.3 43232.2 40667.5 19141.1 51589.1
39623.4 269848 52612.8 58453.7 33883.8 37964.1 41598.8 19110.1 41485.2
504646 141135 42402.1 37202.7 29290.2 36640.8 29271.3 14969.6 57363
685403 292371 112072 89873.6 46518.4 49277.3 40017.5 29913.1 83639.4
102640 70625.8 11863.6 26933.3 22741.8 25775.7 20848.9 8180.55 29364.4
489683 79117.4 50447.3 36050 32690.8 28028.5 34184.1 16781 43907.4
177595 109961 45651.5 36713.7 20131.5 39561.4 30776.5 11982.9 41320.9
110119 54124.3 103868 52960.6 31183.4 37695.9 33076 18488.1 64060.6
347490 31723 34354.6 28590.4 14438.8 13738.4 15694.1 7953.12 22970.9
542392 81051.5 83444.8 70541.3 23553.7 37905.2 26418.4 13946.5 37282.3
416496 85483.2 87799.1 22513 18256.4 15359.5 23722.1 14719.9 37514.4
246525 150596 58641.3 32866.3 21372.2 21963.8 21707.6 10394 32072.7
593136 208308 53459 41706.4 18661.4 31998 19419.4 13940.9 33940.7
226691 54859.2 51943.1 25242.9 20473.6 22846 22623.8 11401.3 39272.9
87648.9 96430.8 82477.8 59298.4 33942.3 50244.8 43992.6 29950.9 86850.8
300603 50028.6 46943 26708.3 13543.5 18017.4 17319.7 4957.8 18212.4
316082 153194 30204.7 39112.6 25408.1 24714.1 20145.7 10507.3 29157.5
336330 122834 51356.4 65104.7 36735.2 47767.6 49495.8 23816.2 67089.8
1075480 359131 95700.6 106168 52302.7 62448.3 61423.6 29281.2 66366.7
297633 111953 67924.6 88644.1 42992 37881.8 49514.3 27051.6 99303.2
113610 91636.8 18813.6 50935.2 14753.2 33759.6 24498.6 13708 67615.5
471107 100658 41150.4 33138.7 21126.5 22309.7 17789.9 5476.27 28762.4
712254 67656.2 27794 26599 20655.2 14288.1 10252.6 7908.05 27064.3
129561 236847 65105.7 46832.8 43810.8 46939.9 34732.6 15230 38733.7
752908 105106 50540.3 17634.5 13168.9 7949.11 13814.1 8657.74 32309.8
727993 66000.6 34074.3 31509 34009.2 33467.2 39329.3 22909 47050.5
227565 233302 56295.8 54775.7 41964 32163.2 53116 18045.8 61483
957514 147292 63354.2 44015.8 32267.1 41472.4 29102.7 13295.8 39904
275572 165050 16282.5 33880 12324.1 10923.1 9064.75 5474.87 19408.7
407025 89366.5 48941.4 25009.1 21253.1 12682.1 10825.3 6041.06 22445.9
274889 146079 32531.2 59317.6 34160.8 31111.4 23260 11836.7 30510
446012 53544.7 22843 11837 11367.7 14873.2 8867.94 6181.91 19794.5
241566 99447.2 73526.8 29950.1 14157.2 23379.8 22610.2 14199.6 31840.5
307354 139692 62061.7 50582.5 28961.5 34097.5 19527.3 13731 35101.6
84158.8 48101.9 59575.9 21341.9 11161.8 12343.7 12069.5 6284.49 27853.8
399436 92212.2 100381 74994.6 51809.8 48725.2 56038.3 27667 84783.6
263141 77045.9 28374.3 63748.2 21546.4 18948.1 10713.8 9022.34 18455.8
542692 66688.6 49410.1 43951.9 54466.8 25196.1 23402.5 21646.4 47830
193003 162207 27981.4 28666.6 20826.3 22606.7 16335.7 10853.9 30399.9
215482 92281.3 25612.7 44851.7 27449.6 26392.9 19191.7 9338.38 40779.7
273280 294068 66671.7 31078.3 20051.1 19656.3 27372.1 14347.9 58044.1
565233 94928.8 53845.5 54237.5 44553.5 50697.7 43390.4 20314 58187.8
123021 246658 24488.3 53655.4 27837.9 23940.1 17598.4 9683.87 34062
103172 39384.7 73616.5 54243.4 27125.9 44128.2 36457.1 16495.2 40085
182025 74731.1 37737.1 47315.1 21147.7 27159 20247.4 8178.19 30079.5
287957 40156.9 36244.2 38666 34080.9 64246.8 35003.4 16925.6 60772.9
392043 110204 48172.6 52085.2 25222.9 21132.4 22175.7 15680.2 53934.6
649287 139517 52502.5 52301.2 48132.4 45864.2 28796.5 22395 61731.3
359167 109035 38716.4 99763.3 41837.2 29724.5 35148 15464.4 43752.8
98203.5 64314 15697.8 21989.1 16579.1 15590.9 12499.1 5035.63 33742.1
163076 85993.5 71344.4 46052.4 24127.7 35952.7 25795.1 11982.6 42599.6
95594 64006.2 59346 27665.9 24374.2 20264.4 18624.3 12377.3 37001.4
510336 68293.4 24981.2 56550.3 26960.1 27696.7 34610.6 15684.2 64180.1
263101 203709 58176.8 55264.6 40716.5 57002.5 58767.8 27888.3 92456.5
261290 95515.5 59189.9 59601.4 14024.4 13204.9 15371.2 15898.2 35138
319982 26501.1 50284.8 38542.5 24453.9 38700.4 33654.4 20294.2 72969.5
441500 187387 110627 89819.9 44395.9 58857.5 64985.9 43620.1 86420.6
675528 64832.6 29635.8 19122.5 18076.2 15315 19147.3 7978.49 40575.8
527046 111154 75631.6 52366.8 26086.2 30891.5 25220.2 13756.9 43236.4
1357360 82901.5 39782.2 28706.2 17054.9 15616 15832.6 9823.01 30423.6
875973 119748 33560.8 63571.7 16050.1 12694.4 14299 5981.27 30624.9
168494 125743 45379.5 47495.6 10562.9 17778.2 20822.3 17087.8 50872.2
937945 59489.6 40526.7 103910 93703.6 62215.5 61415.3 33149.7 73136.3
151055 86365.1 50750.8 34908 15713.3 17032.9 21968.2 8174.55 32173.2
872456 123460 68839 36013.5 18832.7 38595.1 32276.5 11711.1 36504
208010 150610 48185.3 30743.1 30586.5 30846.2 32145.9 21895.1 50998.2
403933 125175 36969.2 64183.4 40987.3 32059.4 29631.2 16501.1 51796.8
318329 100835 41450.7 61585.5 32129.4 28211.7 29097.3 13049 48341.3
189522 104775 34021.5 18391.2 5983.47 9317.1 9036.66 5289.8 19953
314060 40493.3 31501.8 40323.8 12496.6 11394.8 13171.2 5390.38 14618.2
139014 195765 52899.3 28504.5 37596.2 21827.9 19293.9 11223.8 42632
98896.1 182944 26865.8 66743.9 66816.7 39278.6 37524.7 17076.7 34878.4
336371 138367 33915.7 33337.6 26618.7 42569 44221.3 23388 72113.6
547394 56180 99103.2 86607.4 39028.6 50529.2 61651 24027.4 77357.7
148446 82140.2 56250.2 40637.9 16882.4 20714.3 23914.9 12378.7 44918.7
811807 40660.8 38271.9 85104.5 45058.6 57562 49454.4 23261.8 71920.5
1042450 131141 47790.6 34798 18142.1 26998.1 24096.6 14865.5 41653.9
101685 18336.7 22677.8 16754.9 19804.1 14230.9 11042.5 5345.71 21361.2
344716 120581 95094.9 57097.7 40083.2 39670.3 38831.1 23148.9 43560.7
385076 73532.8 59525.5 38191.8 58535.4 33027.5 39267.7 20747.7 64591.3
543029 173514 23925.2 28856.4 16538.7 10342.4 12641.9 5312.3 22875.1
290660 47442.3 25615.8 28869.6 10256.2 16e3 15769.4 8809.59 30275.4
1867220 160729 34410.7 92236.2 46282.8 46816.8 46724.1 32672.6 68321.6
473235 41829.3 23609 33958.8 19551.3 15115.3 20710.2 11711 33620.2
439835 94233.4 29675.9 92016.8 38115.1 30474.7 30936.1 12810.1 35854.6
133186 95625.6 25499.2 62214.6 26049.3 25523.5 21474.6 18488.4 61533.1
198241 57753.8 40821.4 36270.4 27369.9 12589.8 11522 8213.5 22846.7
839101 180243 39739.3 54061.8 38736.1 45049.9 44134.8 31623.9 49019.1
464455 116220 45660.4 30971.7 24629.5 20522.1 20353.5 13606.7 28080.2
195748 56301 22298.7 27717.1 14460.9 18111.4 15573.9 7481.77 31034.6
131264 166728 118125 35568.2 34319.4 35804.1 27175 14041.9 41886.1
161924 82167.7 29515.8 43877.9 23653 37996.5 26734.5 18516.6 45263.3
92874.5 82307.6 53045.3 41069.7 26588.5 18978.9 25154.2 17209.4 60043.6
242109 55859.9 34508 57744.8 51799.7 32621.9 48221.6 21600.3 40831.2
302860 30931 118440 70338.6 39022.6 30417.1 30521.4 23690.7 62016.9
2674880 119402 100167 116183 63847.8 43163.4 51527.6 27388.3 62809.4
511437 109461 50790.9 26764.1 31112.9 27867.9 26405.3 10902.6 40417.7
160651 90760.3 28313.9 26338.4 12246.3 11656.1 11917.6 5711.25 23656.4
213942 205872 67402.2 58297.9 26791.4 24200 29062.3 11449.2 29905.2
251884 102545 41232.3 34580.6 20709.7 17891.7 23777.7 12182.6 37487.1
495395 189041 42122.2 43861.7 12468.4 15748.4 15432.9 10110.3 43380.4
703009 188403 39495.6 35758.3 18362.5 24411.9 17342.5 9341.21 26526.8
193266 227095 62077.6 70722.1 52015 58854 36965.9 23834.8 49254.2
90801.7 155125 31546 35008 26897.3 24003.5 16579.2 12304.8 40438.8
119546 62510.7 43735 43995.6 55413.1 31442.7 23107.7 16539.8 46311.7
283081 112349 55097.6 14583.4 15942.4 19856.9 18165.7 6974.96 25977.8
427133 212605 79162.8 55834.2 44076.2 31474 23500.4 12223.3 27869.7
855703 65147 86422.5 50924.6 18994.5 27819.6 36093.5 12983.5 44236
132930 55627.6 66566.2 46088.1 15381.1 35208.9 30767.8 21696.3 65216.9
1150940 120930 230255 116822 181918 139869 124754 50264.3 136202
126318 185712 55700 48863.4 37085.1 40608.3 38919.4 27377.8 84352.9
306655 117154 22483.9 30236.4 11799.3 17418 10324.6 6591.13 16896.5
535105 253101 164774 49904.6 38481.9 37539.2 35365.9 25087.6 50738.6
297839 405465 63961.3 31830.1 29909.3 25780.4 40975.6 16765.2 46877.3
127614 33342.3 32055.9 20012.5 10936.3 12561.5 12189.5 7853.15 22056.3
68888.6 118082 30280.4 37324.3 20490 15003.2 15566.7 9917.65 22125
231531 63521.1 48622.9 34619.9 27277.8 23203.1 21593.2 8465.7 23497.1
461926 145836 41211.2 56174.7 58383.7 40978.2 48801.6 18932.8 68917.9
198586 77530.4 44149 59441 31109 19753.1 30524.8 20462.4 50933
295246 34228.9 50161.1 45511.9 23975.6 23570.3 22686.3 12970.6 32242.8
214089 45077.6 20980.3 33198.6 15207.2 14285.6 15259.2 5217.34 27842.8
470392 321961 57598.6 52929.5 58515.8 56017.9 50211.8 22609 57025.8
217363 267422 122283 41224.9 39134.3 50708.7 44142.4 21518.2 54119.5
118894 117910 24566.6 29476.2 12107.7 9411.92 16590 8638.69 31038.9
497160 131969 61976.8 42130 26508.5 41748.9 39050.3 31218.5 77943.8
317440 117901 36907.6 32287.7 20266.2 33309.7 35893 20441.9 58692.9
182919 427735 64474.6 81571.9 41156.2 48229.6 50837.3 29888.8 79735.3
365147 118424 26377.7 19059.7 10674.2 12576.2 11019.1 6346.81 19444
157563 254184 26512.6 49926.3 36883.3 50362.7 44458.8 23721 50561.9
201320 64465.7 87250.4 131754 47501.1 63672 45095.4 32101.5 52803.8
508364 48523.6 51177.5 14599.7 9859.81 10098.7 7553.75 3742.36 13443.5
510091 92251 47688.6 51217.4 19114.5 26406.8 28925.1 12103.4 40851.1
98009.6 180465 92513.8 52538.8 33465.2 32281.4 28236.3 14030.1 46979.8
472999 150153 33461.5 48095.3 24964.1 16046.9 14312.3 10270.7 26666.2
582726 51003.6 131572 58776 52840 68918.2 69255.9 29699.8 97448.3
138302 184238 50049.9 36331.5 33160 29527.6 31110.9 16933.6 50245.5
391654 466049 37275.7 36114.2 28987 23808.2 27807.4 13370.2 35304.9
656036 274350 39281 47340.5 30845.4 26176.6 25242.5 15459.3 64343
161264 113097 12888.3 29695.8 20389.6 20907 22411 13336.2 22527.2
189987 388176 41207.6 45068.4 19625.7 34604.5 36261.4 22415.7 65192
95999.1 22353.2 31555.4 52700.4 22766.2 25267.6 27329.5 15664.5 45954.4
251349 147755 42481.9 47703.4 30663.5 31373.6 33535 15593.7 56150.3
1631790 64003.4 95168.6 50170 36530.2 34431.7 46251.2 22454.7 61009.6
497550 235298 63988.1 62935.8 16596.5 26226.6 18233.7 8179.92 26412.2
246026 148648 29563.1 14347.9 6623.4 7403.05 8257.82 6734.21 21450.8
192873 108603 56572.3 67221.2 40670.3 38723.4 37464.9 24473.2 65551.3
347408 178724 36266.4 39782 20270.2 29396 35319.4 17152.1 49749.1
117733 117830 47559.2 16216.9 16773.7 17092.1 14278.9 8468.68 31169.9
381808 57261.3 13033.6 21786.3 20451.1 15271.9 17768.4 7709.22 16173.7
239012 225968 48089.5 105061 52952.1 45774.8 44995.4 21206.5 52898.3
610554 183291 63445.5 74112.7 28521 32545.2 28636.1 16009.2 56575.5
601100 145952 30584.8 51013.4 39858.4 34412.7 37294.1 21273.1 42432.1
1134590 201289 59843.7 48350.6 38451.2 45425.9 37986.8 20774.5 46636
202048 40210.1 27670.7 26887.1 15882.2 20643.6 19167.6 8234.35 31753.7
560186 149169 50048.6 53090.2 37271.3 33025.4 44567.6 23793.1 56731.9
137014 79721.6 42236.6 62839.3 18571.6 18233 14414.2 6913.03 22537.3
429207 126458 121864 79938.1 39014.9 52859.7 42313.3 25178.4 63436.6
117552 70280.2 60238.3 40428.3 37146 24476.4 24359.1 18269 43095.9
333262 59736.5 38500.2 22552.7 10295.4 9460.08 6822.53 5677.7 13868.9
191277 110269 41257.1 32780.5 17014.9 21654.5 22377.8 16780.1 44577.2
382972 169806 99929.2 45578 18222.1 38240 28686.6 23927.2 58528.3
284781 191202 99716.3 64252.7 33026.6 35949.4 38347.3 16093.6 58315.9
265106 237429 96516.2 101853 89960.8 77023.6 69306.4 53033.1 84372.2
383867 80401.3 16292.5 10022.8 7890.08 10852 9008.11 7386.9 30443.2
673105 238126 71266.2 36579.9 16777.4 29769 25636.7 11052.1 33727.7
76677.7 170888 42839.1 103317 43461.7 27822.8 36644.5 12851.3 47707.6
727460 175563 164713 135743 27682.8 53347.5 57163.6 29417.4 88441.7
355764 86750 47405.2 25681 9419.95 19109.5 9729.89 8369.55 41580.1
830087 25023.1 17994.1 35347.3 18529.7 21440.3 27395.5 13035 33133.1
151592 92630 45956.9 23784.1 12629 15897 13222 13841.4 49066.8
134009 67660.1 72393.2 52891.1 44735.8 33028.7 51827.7 24364.3 43320.5
1454960 200314 30490.4 70916.1 40985.3 69438.5 36852.1 26117.2 70984.2
358248 51882.2 25369 31798.6 19109.1 19992 18660.9 10780.8 35178.8
768254 183403 82121.8 92855.5 39408.7 50689.9 36525.8 17928.4 48331.9
302083 82308 21857.9 27244.3 32730.4 18935.2 17244.4 8358.05 43504
297522 94415.4 95777.9 49621.6 21100.4 24349.6 19409.8 13120 39090
324851 141469 42983.8 34920.4 45348.7 37234.1 33106.4 24176.6 70916.4
147811 64717.3 51454.7 20512.2 8778.66 12248.9 11400.9 9161.47 31771.6
1448430 157878 33357.2 61944.2 20601 31916.5 23804.4 10996 29192.8
212815 175913 22423.8 26031.6 18210.3 14576 12100.2 7407.66 26220.2
343121 25867.7 31910 27466.6 8333.88 10142.3 12650.9 6697.55 29120.7
274351 53184.4 33593.3 47150.2 11861.5 19112.1 15880.5 6267.55 34464.4
174127 155476 49301 42648.8 24362.7 20713.5 22087.7 11684 38648.3
137497 84360.1 114749 41367.5 45867.9 34279.7 26821.8 15790.8 52125.4
181755 242779 96163 42644.5 35186.9 27958.6 32621.7 16039.1 49875
141809 96434.9 35088 9689.29 10473 8816.05 6525.61 4924.93 23371.7
204525 167601 49413.5 27989.8 18192.6 16194.3 19311.7 12207.8 43026
292625 61377.3 46255 32645.9 14807.1 24179.2 19835.8 5565.91 20542.7
60289.6 179082 39840.7 58301.7 44601.9 44513 56128.5 19590.6 69060.3
299953 132101 65746.7 74826.4 51950.2 34028.2 40298.5 27085.1 62559.9
650673 69211.5 77449.8 33271.1 48968.2 33074.3 41244 28901.2 64805.4
459666 135548 264996 91754.2 37710.4 67049.4 73084.9 44164 96552.9
205609 62441.5 115679 42550.5 22693.2 29939.5 22479.7 22603.2 42476.5
171134 113566 20558.7 21364 6897.98 12835.9 17302.2 9369.59 31993.3
178426 623915 135524 184130 67059.4 87298.1 67685.6 48571.3 94462.3
239195 117210 32250.8 22222.3 10717.1 11902.6 9346.16 8548.05 23674.4
615017 175875 25517.3 47601.8 23000.7 33175.1 27948.6 16578.9 56550.7
263308 80882.8 40109.6 45964.8 38493.8 29511.3 29450.7 10740.3 24655.6
420879 492140 43194.5 53625.4 72479.3 73093.7 79245.4 39355.7 113329
160171 61717.6 23331.6 49683.7 49240.1 34000.7 30588.2 17043.7 53296.9
427520 222953 31364.4 75458.8 33283.9 57193.4 29632.2 17968.9 57677.3
560490 140892 44963 19353.1 22874.5 16207.5 14938.2 6872.6 36873.5
365527 66774.5 99114.5 82786.9 76240.7 69192.3 61310.5 38157.3 80675.7
51213.9 61977 98081.3 58960.5 34159.6 39128.4 31056 18951.9 52587.8
90845.3 103128 68740.3 39245 21498.4 23807.7 29684.2 13348.5 40851.3
129646 86441 50252.7 38804.1 33716.8 24717.6 23629.7 10394.4 33988.3
231143 152169 23045.7 48931.2 27651.2 28356.8 38993.3 17009.8 62323.2
201788 63208.8 27445.3 36867.4 14459.4 14461.7 12856.2 11628.3 35855.3
1149160 591145 58927.1 69335.5 19181.1 40166 28485.2 15993.5 56526.3
504513 88659.1 60664.2 51877.8 18847.2 35607.7 41479.9 19591.6 61102.2
115980 40176.9 55991.5 52085 23356.2 24928.8 18235.9 8420.02 22255.1
427062 143566 67603 31657.7 25609.6 25894.8 23355.9 14665.2 22290.9
255743 724073 59393.1 77689.1 39305.4 37067.5 49370.2 20164.5 91573.5
396417 227124 79706 114309 66036 68618.6 68172.7 27741.5 84690
245360 32036.2 79185.6 47105.9 31082.2 42231.3 29324.2 14778.5 40261.2
92324.6 34577.3 37198.7 18554.3 15928.6 14875.8 12048.1 9427.64 46385.5
395295 58681.3 21148.2 18099.3 10788.6 11019.5 13031.7 6750.44 27363.6
294028 67911.3 56923.1 54523.8 40957 46969.8 34437.2 26438.4 64081.2
167314 78611.7 61934.6 70155.6 43914.9 68649.8 45047.9 27566 60355.6
457430 135138 75292.9 46744.5 38910.9 53001.9 43958.4 31274.7 67996.7
606083 138845 62594.5 48847.7 28160.4 57801.4 33028.8 16924.2 62636
378429 380174 58522.6 64996.8 40819.8 39977.4 32522.1 18194 69722.6
241590 78477.7 37435.6 61611 27523.2 20765.2 21943.9 14063.2 50563.2
250602 85958.6 72826.7 68739 38394 42922.7 43755.1 22014 48936.3
115772 80211.1 38899.4 21616.6 20142 17561.2 23547.5 10412.5 36808.7
149965 59773.7 54984.9 28257.9 16727.5 20132.4 28065.9 9224.79 32294.9
191932 60734.9 19017.5 42597.1 14784.7 42436 25941.5 13333.7 41370.4
184719 115249 92351.1 63451.6 37494.7 37059.3 33902.3 14754.5 37514.9
252272 178899 37528 24625.6 24151.9 22162.8 20610.9 7516.29 35104.9
255474 157992 17029 7797.51 7813.69 6874.23 6315.56 3875.48 12931.2
309138 83230.4 40960 58920.7 27811.4 23555.9 21444.1 9204.89 31695
320994 67307.8 41782.2 30669.5 20927 27737.3 22672.9 11587.4 20857.2
106057 295133 30015.3 18993.9 13472.1 18850.6 12154.7 9446.97 25433
392738 78070.4 36278.3 33025.4 25513.5 40188.3 32057.4 23835.2 39889.7
271085 138553 37848.4 91405.9 49943.6 34634.4 55490.2 21423.3 66919
111127 149355 48400.5 29442.8 20436.1 31113.7 17032.1 13244.6 40882.2
528419 94676.4 23316 27693.9 26439.8 43596.5 40884.4 19860.3 71226.6
308280 141036 44574.4 47056.2 39010.9 43596.6 54260.4 17076.1 49694.4
219065 148151 34066.5 42189.7 34996.2 21880.4 18224.5 12470.8 40778.2
150374 196479 34149.6 51533.7 21787.5 28804.4 25668.6 10153.4 25560.9
211338 77418.4 24881.4 35909 22171.2 25021.5 20457.2 13643.6 40806
687074 217544 50730.7 36719 29988.2 23223.7 21028.7 9886.94 31615.1
1804180 100640 44511.9 64585.6 46861.9 61412.2 50072.1 32979.7 60641.9
136876 182996 18079.1 64381 51295.2 44128.6 41685.7 17100.4 45398.9
115509 137847 26330.8 50586.8 26087 39054.6 39919.9 20736 66405.5
770814 273025 72838.6 50405.7 26282.1 22705.7 23424.4 18559.1 47284
451767 197764 56475.1 42356 35598.3 35793.4 33748.4 19968.7 56432.1
209590 237413 71631.3 118e3 47795.1 60832.1 49666 25904.3 58056.1
286504 121817 42557.6 27322.8 12607.6 16227.3 17114 8376.87 37662.4
61495.9 90875.4 28589.3 31979.8 32454.9 21845 24783.8 11570.9 48225.6
445707 85517.9 68750.5 91716.5 39058.6 52661.5 55413.2 27483.6 61029.6
814389 74565.8 69925.7 78583.1 35694.4 37225.1 39843.8 20621 64224
466590 86696.1 50223 44002.3 17098.2 19869.1 17551.7 8337.53 38793.2
1271280 166557 47874.5 40737.8 21767.1 28021.8 22905.7 10862.2 42718.4
283635 127111 102201 48326.6 62940.2 43512.2 40887.8 20137.1 47009.8
284710 58590.9 39109.2 34188.9 20981.2 25888.4 32623.8 15738.4 56309.4
471585 135902 36952.5 66450.2 38307.6 33580.2 27008.3 20381.5 40598.8
239288 124608 14794.4 10189.3 12353.6 12514.8 8915.25 4598.72 16764.9
312120 493314 52212.3 49920.1 20477.5 45299.9 36500.3 18332.4 53713.8
348422 62858.9 39438.2 71049.3 34716.4 27252 41147.1 24069.4 77701.3
143012 80039 68201.3 45904.5 34439.2 37507.8 36927.1 16746.7 43912.5
779053 126387 31266.8 43022.3 28197 31310.2 22393.8 12565.4 28505.9
575024 69670.8 33856.1 30238 28435.6 27759.1 19233.2 12339.7 30484.8
357323 106758 49587.9 36116.5 16438.9 21271.6 21863 9230.63 30101.4
252712 151753 55550.2 69353.8 42447.7 40032 21628.7 16851.6 33766.7
1035470 156826 61804.6 54244.4 23383.6 21267.1 36013 16742.6 36793.1
262841 151667 33349 31621.7 18842.3 20864.6 14156.7 9852.26 31623.8
142990 277485 41027.4 88951.9 31907.1 48034.5 37271.9 21791.8 43600.2
132307 181506 47178.5 39488.2 25082.1 20898.1 26450.9 12959.9 34464.8
301203 202910 47268 27502 28698 23502.1 20907.8 11124.7 21881.2
147047 127246 20922.1 30951.8 13287.1 19280.5 20012.4 8503.18 43554.5
328398 151222 28876.2 45094.5 27964.6 28055.2 17570.8 11560.7 53095.3
508655 137497 24902.5 62870.3 30594.4 45964.9 36538.8 19519 47069.6
221173 39865.1 29240.8 23786.6 9957.23 12113.7 9511.55 6122.52 24398.2
278513 93174.6 20980.4 44427.4 32360.6 72581.6 75221.4 41886.3 70836.7
74398.7 138081 37653.6 82343.3 52403.6 122827 77681.8 28599.3 75212
126235 103681 73958.5 85530.3 34075.2 40741.8 30918.2 27965.1 65417.4
188751 100693 25028.7 49821 15662.4 21785.5 17127.9 15218.1 38748.5
80964.6 68300.9 37124.5 42894.3 32900.4 26622.6 29865.8 20545.6 64462.4
114184 191898 79434.4 50991.9 25752.1 18526.1 18336.6 9768.91 24333.7
377623 38892.5 51626.9 42092.6 19172.9 20221.9 14890.9 7511.33 25408.2
399650 88261.5 25638.1 32276.2 19138.2 27636 23286.6 13017.4 31400.7
1370160 167148 68693.5 104519 46890.1 44914.7 54682.9 33037.6 90674.8
98842.8 140239 101691 94059.9 101832 84101.1 81139.5 65862.3 130518
435213 27862.7 21105.7 21522 11862.4 16551 16354.5 11086.6 36010.6
191878 17297.1 37040.6 16013.6 18611 19022.9 20653.9 11097.6 35628.3
270910 25372.2 71590.1 44779.5 36623.5 38425.3 34185.6 24574.9 59318.3
608396 73500.4 58697 41386.9 28029.6 26847.6 20832.6 15578 44708.4
47529.6 71109.8 62119.4 31998 45995.4 31514.8 32233.1 15037.1 42395.5
510412 128152 63247.9 82663.9 49234.8 81272.1 73601.4 51740.9 161183
86461.1 115921 54811.6 67714.2 57637.3 31434.5 29438.9 23820.7 45842.1
851035 57567.9 51221.1 23676.1 23498.8 24907.4 21165.2 12356.3 28294.6
96474.4 152926 24423 22162.1 14143.5 16643.2 21525.2 9119.31 33456.7
795276 248539 54914.2 60843.8 78698.2 54828.4 43064 21292.4 67045.1
157873 71392.9 39128.4 29678.7 16943.7 24857.3 29283.1 13989.2 44204.6
94056.2 92417.1 17896 15217.6 14127.2 18648.8 13365.9 7844.5 21427
78396.6 41908.9 71954 40862.5 16292.7 22467.1 20155.9 13902 44939.3
778253 90864.2 130059 161529 22719.3 55323.7 68224.3 24615.9 70949.9
213554 160669 85125.9 81133.6 42476.2 44605.9 54320.7 16824 59130.6
1298500 205101 31720 41373.1 29111.8 49277.4 44531.7 32076.1 69367.2
669442 70772.5 73284 130354 48699.8 57230.6 59700.3 28851.9 80392.5
943561 130625 91832.1 53144.5 49285.6 44441.1 42554.8 24080 66675.6
733317 174202 56657.8 35108.1 24681.4 21297.4 11598.2 6474.75 20781
303998 63781.9 72141.8 61068.7 32830.7 54593.7 45033.5 20664.6 77601.3
320401 59918.4 14734.4 30842.5 20895.7 33696 21885.2 13385 47425.4
483970 75493.6 32182.2 20319.9 12751.5 13001.5 13213.9 6284.87 28946.2
108095 62496.6 64055.3 75547.3 42984.3 51123.4 40122.3 17626.2 51415.5
223398 103736 76914.4 21948.9 36413.7 30145 23159.7 15332.3 51845.7
920500 523564 90422.5 60522.3 65986.2 73482.1 72499.1 31361.4 86859.4
710478 182911 38818.1 80955 40285.5 31697.1 37583.3 15455.3 62573.1
327719 52979.2 28475.8 27932.6 15930.9 24035.4 17212.3 8049.08 35761.4
596997 73399.2 27916.3 51738.5 41274 58210.6 53498 26865.8 65720
679795 131659 40920.2 118059 24581.4 29641.4 55495.7 22445.8 62151.2
382927 99560 21399.8 49042 23286.2 30147.5 21684.8 12966.8 30461.9
382832 220818 68279.7 44481.3 44728.8 47109.3 34951.2 20597.9 51232.9
113653 22666.1 21137 26000.3 12620.1 21755.7 24769.7 13383 44426.1
835486 142071 45847.5 51371.4 36600.8 28950.6 21755.6 20228.2 44131.9
185422 64354.5 34269.8 56286.3 26565.3 37023.4 39819.3 24897.9 53441.5
166172 80715.2 32484 63545.9 19302.3 29516.2 40346.6 20141.6 69114.7
453458 24709.2 26924.9 30994.6 14765.4 18418 26137.5 9150.09 43489.3
502170 413032 130452 65263.3 65533 60455.4 60384.8 32421.3 79150.5
95018.3 71676.4 32421.2 21408.2 14189.4 11035.7 14221.9 7508.21 25731.9
885706 63341.7 53117.5 40021 38512.3 35574.7 32844.8 18496 56870.7
308893 172777 73343.7 78806.6 40691.7 24848.6 23838.5 9045.15 27189.5
594336 165777 123678 90648.8 41149 44455.1 36801.9 20501.4 58711.5
356687 87084.9 37848.5 30361.6 15861.5 23999.4 14840.4 7760.34 28531.2
590240 339607 22519.2 15016.6 10228.9 12683.7 17021.1 7446.77 26035.1
1531490 274402 158175 63445.4 46903.8 66526.1 38973 21072.9 71087.8
1219220 168488 50150.6 24582.1 25212.8 14475.1 16592.2 9938.32 34705.4
590465 90958.5 11791.4 13740 12045.4 13224.2 9045.41 6769.06 20877.9
816110 136580 41264.8 24931.7 21097.1 25154.8 21867.1 11186.7 29161
1300160 119143 62275.8 49166.5 23065.2 51063.3 29528.7 18548.8 35463.6
362763 29174.3 39754.3 22377.4 20534 17532.3 27315.1 20840.7 56716.1
491190 125646 16194.9 27426.4 19896.1 12056.5 12584.4 8467.68 21398
342319 242455 84577.4 50925.7 42109.2 29572.3 30110 16943.1 36108.9
295860 208367 81892.6 58152 25102.7 30232.6 32983.1 17662.7 46095.7
581796 126906 43636.4 35020.6 29805.6 43674.2 30176.2 18951.9 49269.4
202971 177069 52219.1 79536.3 27574.2 26869.7 18160.3 9371.96 24803.1
239103 114041 27469.9 99555.7 32972.2 30400.2 24626 10224.6 37841.8
183647 138726 77087.8 59435.9 41042.5 38969.7 44349.6 15375.4 43628.1
654224 145046 33451.6 25306.5 36088.2 29866.5 35284 14484.7 47353.7
922809 61491.8 44776.1 56609.7 41184.9 35936.2 34762.8 17255.4 42244.4
105280 79967.4 41653.6 15828.6 6331.85 12673.4 9307.37 5610.66 27237.1
143808 48109.5 49778.7 28248.4 24073 22667.8 20974.4 11200.7 27417.8
227184 81356.9 42746.8 31691.4 16337 17746.2 19265.9 7976.9 27560.1
476353 133302 47977.1 37050.9 20799.9 39545.7 30589.5 19052.3 77827.9
263896 164965 46268.6 101500 59669.2 31609.3 41208.1 16879.1 65834.6
510237 221802 70650.6 76634.5 37526.8 35281.7 38353.2 27936.9 63018.7
238868 147840 37282.3 17769.8 34518.6 34285.8 32473.8 20598.1 34237.6
155454 75095.3 58946.2 73165.7 32063.6 43876.2 27716.4 19831.4 56929.3
348268 246057 62276 60684.5 32277.7 43671.5 43117.1 25370.9 72516.9
437444 64055.7 17688.4 17278.6 5467.28 8240.97 6754.02 4027.03 15127.6
457646 115935 33537.8 23058.1 22153.7 25122.1 26246.4 14098.7 43286.6
431107 107122 20304.5 27655.8 16403.8 23345 16295.2 12398.6 33135.6
736604 58409.9 54720.5 70572.3 40578.7 23544.1 20326.9 15898.8 48851.4
261471 76004.9 83663.2 42261.1 33205.7 68755.9 50941.8 27115.9 68716
566960 54811.1 24051.6 25528.4 21578.8 18302.4 14882.2 9175.65 28955.5
43157.5 58299.1 82072.6 53318.3 36067.2 34803.5 26444.4 18979.7 43316
326021 122745 30542.2 41504.1 39382.3 28417.9 34662.3 13300.7 46128
163832 46078.3 41892.1 58131.1 47100.6 44627.8 42290.4 17882.1 43636.3
110263 70398.7 31720.5 39086.8 18865.8 21960.4 17354.2 9402.93 29890
126175 189690 99240.7 96903.3 25520 37651.6 37369.9 19038.1 44209.9
439706 163414 62532.7 62938.5 83064.9 60132.2 46460.3 32049.9 72434.7
1873590 150818 61799.1 63540.6 32781.5 36099.9 35873 16560.5 42209.7
259611 18089.5 38559.6 17468.9 7863.17 14180.1 12007.2 5759.01 18560.1
320604 57359.2 69071.1 30062.4 31769.9 30743.5 28509.1 9728.63 30042.2
289895 174894 52285.5 43323.1 19393.8 29498.7 22749 16770.5 39032.8
543780 136896 66955.5 42156.9 40812.4 29688.3 28845.4 15624.7 44301.5
114288 62563.4 72167 36466.9 37852.5 44697.8 29936.8 15537.6 45290.5
195837 36880.9 53933.9 58458.7 36172.1 29021.5 41659.2 21825.3 54654.6
301357 172443 91818.2 25762.4 29794.5 24135.3 27336.9 12674.9 37649.7
72529.2 116056 38366.2 35882.5 27161.3 29805 19678.6 9416.58 21343.7
741451 198083 25255.8 45002.8 19207.3 26315.4 27737.2 15656.5 68081.9
347947 73095.9 68257.5 40014.8 24986.5 35126.4 27910.4 10117.4 50313.2
159509 48836.6 80661.1 28105.6 15039.3 17237 14062.2 5492.53 13188.2
1805080 75413 119437 50045.9 33454.5 54350.8 66832.8 30622.5 106028
238562 142847 28673.3 24717.9 15906.8 17984.2 20122.9 9845.47 35284.3
74356.7 144849 55198.7 21374.6 18942.3 22047.6 22330 9500 32249.4
175017 59735.2 28508 30292.1 15050 18089.3 16415.5 8947.2 25221.9
435848 70221.1 35492.2 54130.9 20372.8 24433.5 24816.3 11453.5 42099.6
244174 251522 76790.3 82459.4 44967.1 42313.2 42920.8 23529.2 55018.4
666649 211125 52203.7 49836 39708.4 48006.8 54716 19438.5 53670.2
669320 273113 72529.2 72800.9 52179.1 50714.2 57835.9 30871.8 88461.8
704895 141094 83199.9 61743.5 41270.8 20024.3 20902.3 13125.6 32300.7
303923 106403 32719.4 27110.2 11016.4 12924.6 12250.1 7973.73 28550.8
97552 84577 50302.2 36407 18222.1 21036.1 15600.1 10060.2 26560.9
320189 49268.7 50568.4 34294.7 35487.2 31194.5 39114.3 23912.9 67200.6
121325 148728 113801 34136.3 35000.6 34679.5 46615 19661.7 44682.9
601742 119044 101955 48521.8 32880.5 42729.2 45722 31860.1 70482.4
313902 265985 43869.4 29717 19851.1 31410.7 21023.4 10355.8 34161
513163 134043 28767.7 59086.6 20445.6 23065.7 15046 6742.83 22877.1
545572 24781.1 109389 34501.4 27803.2 26671.6 23029.8 10931.2 25501.8
115239 74415.7 39183.4 38982.7 28548.7 33291.5 29572.4 19341.7 61154.1
798153 324710 59704.8 47664.1 26177.8 35755.6 33333.4 23437 56824.7
216183 392717 66857.2 80372.1 48068.9 33024.3 33586.2 19570.9 49456.3
319652 111434 28499.9 31919.7 21320.2 16256.7 23158.8 12679.9 36201.5
129516 246826 60098.8 47280.4 57311.4 53957.3 53043.2 25694.8 56695.5
171818 219015 62578.9 32465 25962.7 22604.7 22617.2 7722.31 36869.1
771727 64978.6 42437.8 34664.3 26666 17558.2 14725.9 10765.4 36943.1
515735 86214.3 58551.6 58832.9 36730.9 47138.4 32173.4 16173.6 44658.3
608325 84381.9 41923.3 37117.5 23125 19760.9 25127 12461.2 28240.7
275778 116173 77205.6 22609.7 16193.6 22835.1 21825.8 11460 46044.5
534892 361067 75842.7 83386.2 53500.1 50203.3 47239 22311.4 64912.8
313739 412851 62097.9 58313.6 51204.1 39868.2 34344 18575 48427.5
176987 180322 20564.8 47817.7 26097.2 31767.7 19314.3 12547.2 43224
444862 37404.4 52368.7 38684.4 26567 31237.9 17483.7 10357.9 39441.5
1007170 59982.9 55290.3 30436.9 15558.8 21088.1 27737.2 11445 33844.3
240052 248033 79236.8 80145.1 25696.6 41647.7 39027 24571.7 71814.3
1152040 83929.7 41981.5 44956.6 21434.9 32838.1 29368.8 17885.2 38416.1
211712 106085 17637.6 50115.8 28553.9 33929.1 22422 13615.2 38395.2
397082 373808 59168.8 126181 76295.1 61817.4 44731.8 33750 79696.1
206571 197773 24974.3 40805.5 27030.8 29186.5 29272.8 10461.9 42492.3
300626 213308 74095.6 35920.5 44326.7 33692.6 22133.1 9130.75 31675.8
521793 152542 39501.4 59674 45667.7 63787.9 34291.2 20020.2 36944.7
177682 103631 28863.8 15034.9 11724.3 10238.6 7290.35 4780.41 25934.9
452260 101119 119070 88489 54932.4 51652.8 42181.1 22928.2 56006
150239 311442 84698.9 41686.5 35944.6 48403.7 56757.3 30827.3 76529.3
255125 78214.4 39312.5 22638.1 9351.27 5544.7 10257.3 4513.16 9182.02
521267 139800 43271.5 35187.2 30074.4 23238.8 19283.8 14811.9 47026.6
175462 36003 31572.5 80633.5 24523.7 34716.8 34050.9 12443.1 31273.1
116237 145277 26250.4 22546.5 17506.8 21276.7 19217.8 11236.2 49710.6
1374890 158564 55078.1 82058.1 55949.2 62355.7 80408.8 45971.1 144131
847672 35226.9 35614.4 27183.2 18104.7 13509.3 15664 8036.07 42851.6
471664 183642 49311.8 24309.9 25914.5 18984.4 13854.8 8660.35 24505.8
483011 174431 38083.3 37528.5 16827.4 20299 15105.7 9682.3 29750
448432 253199 82361.8 144702 101292 88617.9 79155.7 47254.3 83351.3
177889 65290.1 26793.4 48411.1 29432 52817.1 51155.8 32067.3 106835
439522 97736.5 61245.2 33613.3 10965.9 20355.3 16556.6 8132.52 25562.6
171269 123745 24554.7 29308.5 28783.2 27131.2 31165.8 17675.6 51184
433074 57436.2 28146.1 31140.8 15539.5 14959.7 21458.5 16385.6 42734.4
259294 104459 33603.8 30038 22914 34991.5 42135 12881.5 46286.9
937427 81375.7 59112 59842.8 14676.2 33605.4 28901 12214.3 37186.6
1390900 428056 62735.1 102928 20238.3 15456.6 18702.4 14488.4 40408.9
1561610 96110.2 36031.1 36935.2 28637.8 22006.2 22592.5 13985.2 33201.3
195423 164622 43746.5 78777 47247.5 43963.5 36882.2 30237 70404.2
1143430 379548 105043 57271.7 79573.2 31265.1 58374.1 28629.7 80919.4
362468 149898 139083 51831.7 33519.4 27053.6 24400.8 9996.22 33903.6
267595 33177.6 94995.7 82513.4 34702.5 52818.9 44259.4 28020.1 59565.9
93518 333994 32979.7 58748.8 65828.9 63557.7 49026.3 26625.1 81799.5
169244 247425 104622 35397 44514.4 40585 34098.6 19334.1 44648.1
241289 35080.3 52031.5 43176.7 12109.8 15111.6 16041.5 9673.42 25175.6
206330 359193 59470.6 82797.2 61179.5 64006.1 57018.8 32539.4 74878.6
2029370 102715 11085.8 14217.1 11334.2 9213.37 9074.32 6123.24 41736.5
466246 40716.1 35322.6 60928 67367.4 42381.1 34798.6 26314.6 62822
160007 341089 88926.8 49464.8 45051.7 36436.3 39492 23735.5 59489.5
140807 79545.3 47857 15944 12764.4 13663.4 13638.9 6866.22 24750.8
1089800 170827 50169 48121 32662.1 23363.2 27089 12812.9 37175.1
493699 112518 47617 45660.9 65855.1 59128.2 53321.6 43048.6 71778.7
94074.2 436898 84397.2 67493.5 21617.3 60987.8 42185.7 27197.8 74763.6
603541 85793.1 22146.3 13348.4 8674.86 6019.83 6420.26 3472.29 19947.9
883554 880574 93686 95973.7 51925.8 71782.1 84813.4 39286.3 99966.5
155306 231553 13520.4 43499.3 20624.7 30674.3 28752.4 13817.7 47518.8
328920 38676.9 43009.4 50907.6 22544.1 23027.3 29146.5 10512.5 46945.2
1534740 132919 57966.7 70287.1 23443.9 40742.5 24128.8 14840.8 38323.6
574406 116215 40093.1 37499.9 29060.5 23759.1 25710.9 11151.2 33707.1
83871.1 114750 29763.2 43776.9 14970.6 17478.2 22255.8 11576.9 39492.8
53629 74002.4 11992.2 25820.6 14076.1 14482.1 13790.7 9170.09 34673.4
284767 353130 46094.6 39191.2 45616 29175.8 29356.1 12195.3 36083
802878 50740.3 32555.5 46880.1 17154.1 19327.8 18787 12756.2 34567.6
572738 57768.9 110419 55871.2 28613.5 34338.7 42021.1 15438.6 65008.6
440549 50622.4 30732.9 21514.7 12154 12355.8 11410.3 6131.75 23401.6
60610.2 620610 40672.9 32074.1 28845.6 39003 34101.1 15909.4 63770.5
196724 90701.9 50977.1 22918.7 21275.1 20599.7 22148.5 11533.1 33103.9
200119 187397 29954.7 66619.4 49455.9 38152 53787.2 26170.8 74480.9
102219 43889 51473.6 26069 10790.1 27043.7 20617.5 14226 50104.3
206218 143672 55377.5 57557.7 37034.1 27864.9 21300.8 16468.6 41909.2
371115 62606.8 34577.7 12024 14166.2 9281.93 17477.2 9633.38 40162.5
501480 32486.7 61980.7 60332.3 26242.8 34911.8 37249.4 14698.6 66935.8
261460 95687.6 29063.4 33129.3 10415 15402.1 16569.9 11106.9 40139.8
128733 66219.4 23917.9 51891.6 29230.7 19968.6 24733.1 18972.4 46469.5
481316 387505 30169 34489.8 39443.7 25999.5 19626.1 10235.4 30270.3
182986 230122 57616.8 45042 32489.3 26333.1 26702.1 25558.4 71582
1632390 50247.6 65689.2 29319.4 28245.9 34903.4 31141.6 16467.2 42623.2
575562 206457 41283.8 66693 22047.9 59365.3 49397.6 17871.4 55298.7
285749 211554 121487 61986.1 31508 37827.1 31521.9 22163.3 68537.8
597994 125286 79927.4 164229 36740.5 59838.8 58413.7 34404.7 77419.3
224463 87532.5 24407.7 43247.3 20063.1 21994.4 21671.8 8808.44 23506.6
274737 43185.7 28954.5 25251.8 11199.8 12155.5 13671.2 5120.2 14486.4
278433 199970 81159.5 104109 67560.9 48292.1 67619.5 30895.8 64912.3
153945 202496 49310.9 29283.4 18864.7 20932.5 19371.4 13950.2 43798.8
821101 119144 40167.6 41140.9 20779.7 36145.2 27078.2 13834 54220.1
354857 71413.2 24534.9 43935.2 32667.4 37923.9 33813.4 13724.8 41649.9
175837 248571 55760.6 21348.1 27753.3 30999 27591.6 13360.4 29480.8
152791 108778 25699.7 34258.6 29829.3 25548.5 29171.8 16580.9 52874.1
146879 77916.4 52498.1 42204.1 14838.7 13920.9 11746.4 9208.69 20758.7
1753300 159288 101461 56829.2 72306.2 50184.8 51379.3 21382.4 70744.3
133059 70741.6 34478.2 39157.5 23745.2 15954.6 15719.1 11724.7 39256.6
129280 86214.6 25642.9 40907 31428.6 30118.8 24372.4 15506.7 44045.2
1719620 76846.8 23782.2 33535.8 16826.3 15730.8 19171.8 12730.2 40519.8
1006010 97939.8 73940.6 41350.8 21709.7 35966.8 26185.1 20147.2 65564.9
267418 38507.9 55507.8 40396.7 28891.8 37800.5 39607.4 27223.2 90112
254423 151514 25941.9 30472.7 11528 18320.4 18375.3 9078.78 23112.5
183372 65048.5 24790.3 25919.8 8881.07 6791.06 8518.75 4431.42 17057.3
169980 68207.4 31802.2 51718.8 31831.9 17621.9 13946.2 10298.1 30863.7
147666 71247.5 42927.8 40523.4 26073.4 26358.8 20579 13495.8 38498.8
504255 183284 34145.6 21959.9 15098 10117.5 15662.1 9838.23 28412.2
480085 172320 37917 48232.4 31131.3 52807.4 32016.9 26605.6 55209.9
150026 82836.1 17704.9 27909.7 10746.2 13712.7 14491.1 5661.17 23542.6
185667 234518 29779.4 76433.8 64235.8 38983 37045.3 14877.9 39840.2
457851 43150.6 19569.3 22733.2 8412.07 14781.5 10504.9 5220.87 14877.3
579181 90049.3 47424.9 64677.3 33581.3 29878.9 28558.5 12877.6 28295.9
127289 110154 41020.6 37869.1 23888.1 22995.8 21393.3 13754.5 31366.2
149185 110375 65823 29972.1 17302.9 19577.4 20240.6 8932.25 19650.2
318730 118753 39972.7 44646.8 37232.6 29804 23260.1 19563.3 45579.5
938721 71398.9 34661.7 23495.6 11504 14764.6 8567.63 6658.8 17632.4
90334.5 63670.3 79672.3 41174 27081.6 36271.2 23925.2 15403.5 60941.8
1130840 177311 59658.2 74186.3 57103 86336.5 70637 31846.7 99351.2
528994 435325 124307 71091.5 32268.4 34394.1 24746.5 14353.1 34501.8
343406 57070.9 37755.4 65545.4 25621.7 23056.1 25689.7 12962.8 25392.6
1141650 193115 31609.3 37783.1 31927.4 27271.5 24666.6 19389.9 48860.3
263364 143004 28905.9 28445.6 18312.5 16189.3 18819.8 8996.24 21755.4
341059 60821.8 52882.3 55691.4 22989.3 34198.2 25405.1 8692.89 38366
543780 136896 66955.5 42156.9 40812.4 29688.3 28845.4 15624.7 44301.5
185213 138843 52367.4 40568.2 16814.8 29927.9 28092.4 13850.3 49560.4
691494 362559 164906 103402 76032.6 72071.1 125168 52978.4 95516.8
28602.7 50125.6 58699.6 42701.7 22386.2 19867.8 23059.5 13176.9 36902.4
187818 74525.8 41809.5 69529.1 29762.3 20570.7 14693.4 8588.62 27545
303722 128441 42548.3 49195.6 27024.1 34193.8 31273.9 19747 52967
314132 87824.7 78623.8 66772.7 27698.2 35698.1 27712.4 16369.3 45984
1211690 196513 57522.6 50536.9 56777.8 45542.2 48279.1 27375.2 59798.7
667593 105822 134806 80441.2 55642.1 65229.7 89968 54080.7 118048
449028 111933 90883 31008.4 25424.1 25705.8 21096.6 13675 38841.4
547280 263149 69882.3 55080.3 16245.2 31688.8 25734.2 14066.9 42691.8
553593 237062 35095.9 27470.2 44418.1 46171.8 63220.7 36626.6 103629
213457 42565.1 29593.6 38827.8 20487 23030.4 20145.5 9132 26502.3
52476.8 94111.9 22656.6 42318.9 52141.9 27698.2 31635.9 18873.3 46576.8
222465 211673 23322.4 58779.7 43375.3 43389 35580.1 15045.5 59437.1
643134 115827 53160.6 29489.5 13053.3 14748 15538.8 8264.94 23134.5
295190 149119 65109.4 39078.8 24969.9 47060.6 39586 16679.1 46594.8
188619 57484.7 45195.2 46629.9 27031.9 25908.8 23163.5 13156.8 27380.3
454389 127621 52182.7 21678.7 26464.4 17139.6 18902.3 9609.74 32016.4
1362490 156979 163085 49760 43957.5 39800.6 37528.5 20559 65789.9
101506 120211 33993.7 18325.9 5676.67 12257.6 10528.9 5796.15 16113.7
122864 191875 21028.2 30599.1 15759.1 20074.1 24127.3 16727.4 42325.3
913348 335733 103379 86739.1 78815.8 54085.9 44073.1 24197.4 55504
180199 195532 42154.3 34368.3 18801 28398.1 18262.6 14018.4 35769.7
103849 86710.5 37741.1 30860.5 22889.1 33458.2 29306.6 15985.1 62647.9
524675 110752 48459.7 46343.6 27165 37138.1 27133.1 17506.9 44709.8
156401 242372 31466.8 63569.3 30474.7 28449.6 23314.2 13487.6 31268
723742 90864.4 35453.4 31555.5 37356.4 37407.2 36888.6 17099.4 50334.8
668392 323248 54920.7 36251.6 18787.4 23575.5 21629.1 9646.87 33879.3
772561 31894.5 40232 17152.4 16010.7 11731.3 12933.3 7634.82 22430
166872 32061.9 48193.5 27525.6 41533.7 39909.1 35905.2 23620.3 72769.1
222076 280010 36211.4 64119.1 21319.4 29801.9 32754.1 18854.3 49101
267771 192243 40501.3 19001.8 31464.7 17666.8 27249.3 13638.3 32484.9
226415 325212 102635 28420 25950.5 28664.7 29773.1 12708.3 39009.6
156407 23391 74691.6 57889.7 16195.7 35037.1 26531.1 18454.2 34097.9
62199.6 132848 21092.4 32713.3 26146.4 21634 19607 11392.8 33451.4
632157 92788.9 75704.8 90226.1 53861.8 49303.8 38043.6 16930.5 35584.4
694750 114621 61035.6 40172.6 28734 26188.6 18980.8 9086.44 28576.4
617007 139157 101719 94646.2 39504.7 59489.5 37253.7 25844.5 71034.6
378932 44758.2 85770.9 48422.3 28408.4 51145.2 40791.6 24213.5 96217.9
186381 59701.5 79608.5 53512.9 55365.6 38925.1 26781.5 19707.4 36232.1
246823 151776 79942.5 39174.4 66128.5 34961.1 33616.9 13691 54227.9
146275 260426 49751.5 22475.2 15360.5 22841.3 22081.6 9982.58 45288.7
148709 244770 39046.5 38223.6 28446.1 37731.2 37727.4 18200 58172.9
149887 62138.2 46283.7 23943.2 25296 20089.1 13206.8 7584.86 13689.2
1378850 139754 64260 55625 44040 38940.4 43796.5 31819.7 83410.8
741451 198083 25255.8 45002.8 19207.3 26315.4 27737.2 15656.5 68081.9
416814 15335.9 16483 13894.7 12703.6 15708.4 14736.9 9917.18 20451.8
285303 57305.1 35903.6 46309.3 17462.5 22767.3 12435.4 5120.22 14739.3
250419 60734.2 62498 44167.5 32389.4 21595.1 20012.3 10673.4 30443
483419 245575 43614.8 67202 41541.2 34899.4 27326.8 15114.7 32883.8
444788 92897.5 56786.3 60614.4 26363.3 47085.6 38926.9 16955.6 49664.8
395219 71351.5 30053.2 26648.8 19285 20190.5 13521.8 8019.24 19831
579360 139771 119015 46471.3 39004.5 68512 44039.6 30661.4 82858.7
637256 159668 40990.4 17405.7 11729.9 10483.7 8850.59 5497.17 21745.4
1491080 275641 62597.2 45811 32617.1 20835.5 18998.3 10905.3 32641.4
610257 32472.3 28835.8 25277.7 19563.4 17302.6 19505.1 6587.41 30243.4
190805 103245 40294 25910.1 25828.6 17713.7 22543.5 9412.65 29285.8
858723 216377 82678.9 23776.9 14350.2 16616.7 18758 10539.7 44563.1
130472 113376 126546 85425.6 57224.6 67672.1 66096.7 31825.6 81222.3
262001 88104.8 43967.2 35289.8 22722.6 21857.4 20888.8 11485.9 32360.4
123670 80444.4 50140.5 95714.8 33227.3 40821 36934.5 22026.2 58598.8
302036 156043 86300.1 32556.8 16584.3 15124.3 12271.6 10022.1 25999.4
239609 122310 30565.6 57538.8 22039.6 34632.9 24342.8 13252.3 35697.3
147457 124425 46668.3 65637.5 36333.6 58242 43412 31684.9 63831.1
179800 306736 27686.4 52170.4 36698.2 35147.7 41340.9 23006.8 64303.4
646368 43387 27313.8 32736.1 19591.4 16967.1 17114 8853.36 30848.2
513617 161548 24960.1 35146.7 35508.9 28254.7 34105.3 17029.7 48754
886001 64419.1 38085.3 43938.9 33832.3 27600.1 18170.8 13488.9 35227.6
195032 165862 45914 54076.7 21235.8 22022.6 23526.3 11971.5 39690.8
1120660 308827 45564.1 68275.5 33140.9 45192.9 36294.7 20517.2 52376.3
99605.9 270098 39196.6 27843.3 17218.2 18834.4 15288.9 9506.68 26014
771127 77717.9 83878.7 49548.3 28312.6 46287.6 45690.2 22905.2 48785
252932 74466.1 56139.7 47235 28055 20642.4 20342.6 11358.3 36159.3
528917 40010 65507.4 41863.2 26798.2 43355.4 32659 21104 71969.2
437076 107869 49205.9 35439.2 26014.4 30805.9 21592.3 12237.8 36054.9
225712 104700 71074.9 62523.7 34908.9 58932.4 53806.1 36019.8 76317.6
875919 121801 79750.4 34148.1 39027.6 31408.7 30256.2 24285.9 58227.8
131764 415769 183187 116987 94861 59999 75412.1 44600.2 93107.7
378318 77358.5 20016.9 17941.4 12394.2 19898.8 18406.4 11355.8 40696.8
260758 86226.6 36447.3 38561.8 25556.5 23714.9 29826.1 14639.9 58480.2
278675 71569 21156.4 24730.8 28437.9 34009.3 20754.4 14909.9 49027.5
439756 184416 37942.6 45779.5 14845.2 18812.1 21831.5 11143.5 18164.3
182549 20230.5 32218.5 53159.4 16345 24543.6 19735 14963.2 29269.1
374306 76429.2 41020.6 44052.3 22206 22334.4 21596.7 11280.6 29594.1
523341 52607.6 46459.3 36307.8 15308.3 17536.2 14660.2 6690.22 9466.59
125247 172804 43236.8 47696.1 45018.1 58989 50466.3 31244 82250.3
310273 162485 100498 25646.9 29404.4 21035 19045.6 14263.8 25428.6
740267 215124 41269.4 85987.2 42815.8 27478.9 31306.2 14217.2 49074.4
80564.1 148783 30767.9 22930.8 25281.9 26978.4 20889.6 11315.8 22832.9
254463 159167 30149 43300.8 24309.2 21473.4 19562 10732.2 24135.6
177741 61470.8 42422.3 68894.8 35045 26936.1 26605.8 11956 43036.4
710846 57783 68319.8 62408.6 46832.7 25223.9 24875 17669.7 31000.6
457474 43571.3 28840.1 25033.4 26373.7 18303.3 11621.5 8349.27 37636.4
456308 54116.1 38219.4 15786.5 10713.5 16367.5 10011.6 5627.62 18299.1
390144 79254.4 41558.1 77695.7 50095.5 49051.3 57942.6 44813.3 104249
427070 22515 56025.1 35110.7 19213.6 9613.11 12483.3 7138.9 26765.4
633213 118779 24858.4 64898.8 22786.9 32051.3 21026.7 11109.4 36530.5
1052860 94134.8 20924.8 35341.6 15137.4 24740.3 17594.1 13673.9 41311.6
567849 52707.2 20368.4 15027.6 13644.8 8521.99 7603.42 2889.05 9443.28
313838 65484.4 49595.5 93507.8 21482.8 39768 47286.7 20945.4 58572.9
573721 66621.2 31092 20260.1 19276.8 21588.7 18717.3 11937.2 52623.8
682247 238590 20171.2 29775.3 40070.1 35388.7 37514.3 22837 66527.5
430818 40286.7 53254.2 52454.8 31445.6 44142.4 25798.3 13062.3 40566.3
298379 61218.9 39395.8 53724.5 21812.2 25426 19816.7 12579.3 44225.7
80896.4 99477.5 23533 33033.7 17245.8 30609.2 21500.7 14284.8 49775.5
616427 119852 90702.7 23321.9 12925.6 19177.1 15392.9 7602.79 34280.9
204356 52100.9 41271 21677.7 18420.3 17763.2 14949.6 7050.42 17387.7
333484 122909 42438.7 20180.1 13861.4 17135.6 13622.6 6359.97 29377.1
1357110 367700 46337.5 52522.3 24003.5 30530.7 30829.7 18432.3 44090.7
241497 65920.4 36445.7 47448 29502 21023 22723.5 14710 59553.2
149965 59773.7 54984.9 28257.9 16727.5 20132.4 28065.9 9224.79 32294.9
586415 78820.9 100660 34302 26568.8 25729.7 28907.1 20923.8 63461.3
435057 222165 25504.3 44421.5 22442.1 34591.7 33883 18005.3 46383.7
386859 91744.9 24747.5 38512.6 17184.3 15108.3 24181.4 13202 44865.7
462955 54514.3 21216.4 32808 18754 12945.5 23472.3 11510.6 37675.5
362645 48100.1 41396.8 114292 34013.9 27678 28952 13597.6 40794.8
791122 197497 26913.5 92485.4 37761.3 43253.1 48841.2 33869.8 72852.8
150530 46928.1 42761.2 21490.9 13246 22471.1 15166.5 6092.54 17682.8
61385.3 96725.9 39443.3 47079.1 21237 22126 18258.9 14736.7 37299.2
278797 152864 38404.3 18903.8 6486.45 12599 9688.68 7278.12 19668
171799 140552 39753.6 40338.1 45763.5 24398.6 20362.8 13857.4 37835.8
942878 75585.7 35590.9 52273 27218.5 35775.8 26700.4 14383.9 35375.4
173538 291784 41016.1 42648.6 25083.6 27706.8 22239.2 12254.6 48135.8
363527 94025 16066.6 26645.1 14577.2 15217.2 12829.4 9941.84 30469.9
163348 186236 48846.9 40988.1 10614 16318.1 14159.7 6028.94 24390.8
1056590 35704 52571.8 28613.8 33331.3 20390.5 21346.8 14740.5 47173.7
269398 120267 26734.4 35755.5 20786.9 13940.2 12666.3 5605.62 15573.2
84379.3 27951.4 66377.9 42658 26761.8 25413.5 20858 11502.6 24828.2
332103 86750.8 45900.4 23191.4 11957.7 11195.1 9867.49 5921.69 23612.9
164972 53544.8 36116.6 108512 25193.2 20881 29834.1 16010.2 40496.6
224101 66333.4 33490.6 52145 18769.2 16983.5 23627 13690 47840.2
119286 157589 18309.7 58659.8 24205.9 35053.5 44807.1 20188.5 55177
228533 59381 38030.3 34010.8 19691.8 19934.1 22258.2 12662.4 29459.6
599659 35753.1 67110.2 49575.9 16984.3 16913.4 22196.3 17055.6 48419.8
551859 197647 60236.4 57017.8 32849.7 44901.3 33005.7 21136.5 68284.1
309707 92768.4 122126 51544.1 20218.5 55055.3 38350.9 18966.3 44228
59311.8 19092.1 81446.1 68077.5 34482.5 42545.1 36518.2 15847.6 55873.6
261113 108051 73417.2 51074.8 24143.6 28074.9 26662.8 20095.8 41286.4
474407 40955.4 44574.5 56921.4 47009.2 40762.4 40939.9 21538.7 61490.2
83279.2 124578 58725.4 27993.1 29247.2 21183.3 23009.9 16563.9 27914.9
255560 142651 78116.6 47188.8 21410.4 22124.4 19490.3 9737.78 25786.1
610554 183291 63445.5 74112.7 28521 32545.2 28636.1 16009.2 56575.5
621311 103964 89713 37316 41011 35410 25784.8 14443.6 48825.9
864687 164332 89893.2 92508.7 43455.1 56035.3 45260.2 30443.4 116578
282846 76904.1 32561.7 42006.6 20491.6 17760.5 22048.8 10850.1 40182.3
112102 202062 31324.8 41521.7 27134 21887.9 25830 7407.82 27139
414420 93663.8 42039.2 19034.9 23297 17662 12963.8 9220.04 35499
1094350 42313.5 47400 33053.9 17028.5 20100.6 15435.9 7210.01 33888.9
375723 124361 25600.4 67349.5 44974 56191.8 39326.4 32955.3 73232.4
223756 56835.9 23342.5 28437.6 18330.2 18265.7 19411.6 11295.2 37733.5
153038 132823 53945.4 79532.9 72077 67635 66995.1 34065.7 79878
195210 262875 40216.5 40653.7 20900.1 19482 22594.1 11390.7 32010.4
194953 19955.6 13922.6 26823.3 10143.1 12522.6 14679.9 6752.29 16708
167636 51057.5 29407.3 12653.4 10136.9 13818.8 10332.5 6302.05 19119.7
461035 77725.3 50203.3 83017.9 43136.4 41455.6 34096.6 16793.5 42512.9
114113 51111.2 34348.6 23914.7 12821.8 17839 14880.7 8262.98 33236.5
674812 237132 65444.2 87975.1 52473.8 53372 37353.9 31687.4 55707.6
540598 189411 125280 67855.7 27354.1 36187.8 54605.1 24627.4 64822.7
413977 122321 98887.8 72656.6 56347.2 30444.6 40838.5 18872.8 45620
393344 136600 38375.1 40130.8 24621.6 31532.7 20093.1 8667.88 43529.4
345088 151418 46346.6 22801.4 15573.2 14535.8 24042.8 9689.54 28577.3
250602 85958.6 72826.7 68739 38394 42922.7 43755.1 22014 48936.3
434823 134944 69189.2 48363.6 77122.4 74886.2 47546.6 33303.8 88978
731905 105700 73990.6 13143.4 9108.02 16882.4 13688.5 12149.8 35153.6
76365.1 40448.9 22793.1 24994.1 8364.5 16975.8 11675 8607.63 40094
275969 80946 70533.9 28822.9 14494.6 20436.6 14243.1 7511.32 31186.8
520417 71309.4 118396 69723.5 27103.2 30685.3 52717.1 19141.8 56923.5
859753 141852 12643.9 18809.3 8467.18 6803.97 9876.15 4621.28 22111.3
124035 87711.1 25060.8 15985.5 8284.96 10835.8 12633.7 6278.13 34437.2
210420 174607 49587.4 38858.5 24498.8 31588.9 36791.2 22449.4 34752.4
653253 168378 28802 24207.6 22838.9 16926.8 15653.3 7686.87 25859.3
97407.7 157094 32146.3 35929.3 20893.2 28400.4 19988.7 12480.2 35940.4
200134 79014.7 21351.4 30353.8 16686.9 19836.1 11731.3 8757.44 25528.8
1112860 93034.8 43291 56816.9 53532.3 72561.2 43052 20551 77111.1
392466 162996 58227.7 25505.9 18041.3 26271.9 25655.7 13063.2 29736.5
967128 155889 36637.3 47623 14792.7 19298.9 14268.5 7681.26 27984.2
123111 131040 34381 53801.4 60121.3 45294.7 37353.3 19545.8 55795
311919 124307 136834 49675.1 36691.1 28329.7 35307.8 11873.5 30897.2
396033 146437 39140.8 44355.7 41076.3 29606.7 30405 18825.9 62794.6
922400 189628 106509 71234.6 34749.8 49743.6 37307.9 13022.3 56144.9
112859 289250 79123.5 29237.8 30366.5 54628.5 42218.4 22311.5 58586.9
225669 85127.3 29678.2 35033.2 13712.5 12733.7 17789.5 9253.12 34598.9
1233730 137113 64043.1 67876.6 34834.9 39477.1 31247.9 21437.1 59248.3
296134 66742.3 26238.4 49748.9 17614.9 17001.6 16286.4 8534.65 37474.8
604957 95097.2 18284.6 15758.6 17966.6 14603.2 10252 6696.29 25323.9
81262.5 52556.2 37484.6 27786.9 13861.3 15054.9 21120.8 9050.7 21227.7
261305 108206 30287.2 17739.3 20445.8 14993 18823.8 14832.7 33504.2
183337 333664 54615.2 85696.1 32250.7 38533.3 34907.4 22299.5 55556.5
368582 73789.4 56944.3 37269.5 35496.8 24428.1 22122.4 9954.72 37060.6
821134 26643.3 35897.9 31970.6 22589.4 21335.6 24046.4 18223.8 65207.3
697259 43607.2 54216.7 22336 15495.3 11092.4 9671.91 5337.16 17772.7
299159 99266.8 11533.6 34577.7 10431.5 9487.81 10076.3 6146.43 19433.1
83871.1 114750 29763.2 43776.9 14970.6 17478.2 22255.8 11576.9 39492.8
158986 135329 30919.8 42048.1 23142.9 14332 18133.6 10488.6 33408.6
515984 177974 58355.6 47218.3 32449.7 25347.3 22677.6 12934.7 45890.9
150079 114861 31617.1 53505.2 23738.7 32601.2 33936.6 24192.9 81488.7
219213 264189 47155.4 14115.1 15232.2 17296.8 21056 12197.5 25019.9
683446 275209 52020.7 100869 43704.9 55218.3 30185.2 23607 80640.2
133376 131317 59400.3 44703.6 32767.2 32816.4 38734.5 22333.3 47118.4
519316 293594 35096.3 54933.8 18925.3 27943 24157.2 8594.59 25616.6
531479 63346.5 13407 21382.5 13573.4 14409.3 7997.83 6098.91 24312.1
299139 218706 24236.6 40821.3 23820.9 37414.6 31316.7 15530 48275.9
950275 227271 75680.7 46012.4 30064.6 38968.2 35894.4 14245.2 30816.2
1192950 45370.1 97571.8 65992.1 28316 44695.4 35123.1 31111.1 59979.1
164543 206762 37033.1 32280.3 18622.4 17448.3 20398.3 11375.5 65521.9
254539 59727.2 33893.3 34501.3 24105 30352.1 23602.1 11995.3 34262.8
127605 101595 19944.8 26404.5 11574.6 12389 11971.7 6929.49 20104.7
266401 173643 54035.7 37714.8 25249 30648.2 21174.3 9791.01 36927.7
186804 82654.6 42991.7 40459.9 11292.5 9339.79 10569.5 4102.79 13976.7
417500 44875.1 24656.8 47095.8 40663.9 23585.6 22887.6 15360.2 36045.5
214242 173181 123556 62730.8 55912.2 57301.2 74951.2 41310.3 75747.8
764650 112179 15011 28890 14141.3 18504.3 21685.2 11041.6 32758.4
2629020 154395 51126.4 107752 102610 74344.3 58374.1 23029.1 72700.7
204649 170111 113006 66566.8 42598.4 42742.8 53618.4 33282.6 92043.3
712118 104954 44795.2 35522.7 21958 18234 20229.1 8332.38 33651
192855 124151 38682.8 35689.5 15692.4 19559.3 16021.3 11683.5 26921.8
212466 120683 72920.8 37541.4 48806.5 47078.1 62796.1 27280.8 75057.8
276980 93598.9 42503.6 62844.3 32544 52292.4 54140.1 33988.4 67869.6
519479 263276 178319 82202.5 40356 66171.5 42507.4 26631.7 75719.7
192884 77096.1 38598 23329.9 19307.2 13278.2 12825.9 10237.4 32954.7
894333 109459 37236.4 55282.3 25845.3 36255.3 35605.5 21397.4 36991.2
313133 98489.6 34636.6 69714.6 28898 32736.5 34732.4 15046.8 30563.5
273191 53615.9 72962 25337.2 28761.2 23992 22303.5 13873.3 41383
1219940 167461 58936 76690.7 35638.2 38349.8 42127.4 26696.1 74801.9
160987 20912.4 22095.2 28890.4 14937.4 17708 12610.2 6740.05 31000.4
589016 90137.3 35044.1 41261 29274.1 36465.4 42191 19743.4 64723.8
427933 185667 44760.4 57059 28550.1 33598.1 36734.2 16921.1 60854.3
684378 79158.5 21518.1 29511 11088.7 11597.5 6211.23 4718.69 18519.8
626871 171071 41383 64441.3 19917.1 38091.7 25210.6 19593.7 38276.8
394532 126508 25713.6 48935 22446.6 22771.3 17981.4 10156.2 28753.5
157386 200802 56979.9 30472.5 22471.3 38303.2 21913.5 16248.2 41902.1
556213 116957 47693.2 39319.7 27220.3 24439.5 23265.7 9991.69 31116.1
578701 203047 54258.6 38363.7 27882.8 22487.6 17036 11934 31955.6
74071.4 167449 62072.9 36022.1 42155.9 54579.2 43359.6 30863 67043.8
608436 86090.9 24702.5 28010.4 8666.03 9732.15 8086.22 6498.36 23496.1
141030 65962.5 23913.4 10826.9 9091.97 9652.17 9209.78 8409.12 30813.5
61360.8 78259.4 30956.9 54288.6 25255.6 25705.6 21220.2 13172.3 32550.9
570922 195368 49111.2 62788.8 29510.2 41008.4 40425.9 20486 56949
299258 112614 71352 51280.8 51397.4 29528.6 38874.4 16742.1 65475.7
334388 40221.8 36246.5 36735.2 18114.8 39010.2 28803.9 28452.7 68514.8
114281 97313.9 30197.3 26982.3 22088.1 27490.6 16889.5 10897.5 24405.7
1195620 188052 110939 37258.5 28199.3 30403 22303 15739.5 45532.9
367222 279523 41204.2 48905.5 12076.9 26255.7 23515 16379.8 45179.8
338571 337274 55217.4 43946 18939.4 23125.9 21292.7 14854.1 43304
502544 109690 82408 72613.9 57838.1 74344.8 65948.1 29977.8 75094.3
190183 37797.2 27489.7 27200 12949.9 11139.2 11412.8 7534.84 21656
659633 88167.4 45677.5 42191.9 20292.5 32969.2 38210.8 21985.1 85883.6
130179 71794.7 39851.7 34635.8 20911.7 15074.5 13717.5 10387.6 33155.4
160022 109505 41865.4 27618.5 11293.1 23020.7 23211.4 11666.2 34712.9
457303 97655.3 115493 46993.1 31433.6 32322.4 28758.7 23798 52194.9
295903 59651 26960.3 23268.4 12481.6 11951.1 9663.94 7114.53 15281.3
177889 65290.1 26793.4 48411.1 29432 52817.1 51155.8 32067.3 106835
241497 65920.4 36445.7 47448 29502 21023 22723.5 14710 59553.2
382927 99560 21399.8 49042 23286.2 30147.5 21684.8 12966.8 30461.9
568153 130732 31187.3 27270.8 20522.3 19970.1 16893.6 7603.08 20755.8
360012 159781 80692 27324.1 14821.4 18547.5 20198.4 10505.6 32988.2
1284500 61893.7 43287.1 37342 17651.9 31382.3 25134.3 13180.7 43352.7
311123 100926 91908.9 59989.6 37623.5 49501.7 48487.6 31190 71123.4
519509 50347.4 25237.9 13256.5 18276 16103.7 11697.8 6553.93 30750.3
322443 32059.1 14933.7 17380.4 7963.71 6823.42 6740.99 3831.25 22364.5
1448680 588199 28130.7 42989 28402.5 33683.8 28095.5 17010.6 49756.4
110481 101142 31681.7 36534.5 31527.4 28927.8 21489.4 13230.5 32180.9
970179 88997.6 105756 58821.7 15968.5 38890.6 40568 23466.6 53256.2
354818 84322.7 44571.2 70721 51873.5 24970.6 41913.3 18564.1 54468.5
261707 59193.8 22045.2 25264 22289 25372.4 24465.9 11265 36627.1
98290.6 95673 38473.1 45541.5 15615.1 19847.8 13463.9 8035.33 23294.6
176860 95700.8 22434.8 26911 17518 23147.6 21965.1 10905.5 46131.7
219816 275690 25809.3 26288.7 18322.2 29587.6 23814.7 10736 33465.4
308626 121303 80663 64184.9 35775.1 36640.4 28815 23124.2 55657.7
425109 123803 69414.8 31177.6 32424.3 35048.1 28275.8 19465.2 48426.7
271474 95798.9 37448.7 52227 20645.8 12688.1 14385.3 9571.9 33267.3
247501 26693.3 28267.7 49423.4 28974.4 26758.1 25906.8 15051.2 52809
663473 74853.6 28862.9 29987.6 24052 43764.6 23308 15795.2 52219.9
276993 126138 45335.9 58599.4 16580.1 17171.9 19622.3 10023.7 32590.9
570726 200560 87639.2 61488.7 38810.1 53006.2 50238.3 26870.2 64277.7
390885 163736 45124.3 20828.7 18187.2 21138.6 14164.8 8859.13 31996.7
775050 49423.1 35694 34931.8 17937.1 21894.7 19521 12351.1 36727.9
442936 57272.9 53818.4 15891.8 15649.4 13553.5 13101.7 8778.98 22330.2
438493 95980.4 44714.2 27953.9 14670.4 15935.2 17958.5 8818.31 29146.2
488348 309852 36569.3 41867.1 20667.2 30860.6 18298.9 12553 49309.6
515831 128065 75883.8 82072.7 22488.5 19435.6 16441.9 12016.3 29641.1
433074 57436.2 28146.1 31140.8 15539.5 14959.7 21458.5 16385.6 42734.4
311464 66884.8 21151.2 36613.1 14587.6 34615.6 23393.4 19386.7 49201.3
1012190 173483 27991.1 25123.6 10897.2 10829.6 12297 7075.32 25143.2
228655 395895 22974.5 32223.7 8111.79 11620.7 14930.2 10067.9 23247.1
552389 71923.4 62511.3 138029 39305.2 44244.5 26632.4 15045.1 52121.9
488342 95916.3 68080.8 63986.7 21335.5 30132.7 21455.1 10497.9 35220.9
257637 66871.9 41268.8 45979 24484.5 25283.5 25975.6 13005.7 31997
389589 48961.4 21172.4 16380.5 9643.07 7543.63 6162.97 3684.86 17795.9
318403 54249.7 52417.7 29313.5 20666.2 15734.4 13218.7 11406.5 52643.1
340030 110502 30363.9 24259 19752.2 20827.5 19271.7 10997.4 30280.9
150117 69790.5 14922.5 26843.1 24512.9 23045.8 15097.4 6436.67 28116
128687 273384 49155.8 51370.2 39073.9 28676 24319.2 16413.7 49599.5
