515727 172205 69469.6 56222.9 54208.1 42304.5 44906.7 23521.1 47559
574809 159797 112190 98071.5 95226.5 41058.3 52743.4 25482.5 87088.2
554337 129858 93887.4 52227.4 58262.9 77969.5 49660.2 28529.1 92978.4
443127 109881 37748.3 31325.6 14537.5 17152.4 14993.8 7914.72 23797.6
418056 142089 27068.6 53773.7 22565.2 30553 16691.9 12015.1 25304.6
476197 112241 62659.6 40222.5 31068.4 35181.9 36096.7 17784.6 36666.1
433355 240261 24496.9 30192.9 24541.2 19979.4 14693.1 7149.42 21464.4
499297 134003 135339 72052.9 42685.4 41843.6 38884.3 21783.6 44719.1
399882 53257.3 15503.4 11311.7 10186.5 8030.5 5528.69 2849.94 11485.5
438981 129910 47067 61939.4 26678.4 27921.8 21868.1 10394.9 34894
452241 90536.5 40388.1 35807.3 27305.2 29334 30689.1 11041.7 44451.1
489157 68261 57232.8 78856.8 47352 53274.7 43346.2 27932.4 76970.5
432323 85363.8 15952.2 17230.6 17591.5 18201.3 19665.3 11405.9 35753.3
445446 31968.1 20437.3 25124.2 8191.95 12663.9 13640.5 7015.97 28532.6
449518 185092 39689.9 50433.5 30943.4 28627 32504 13863.7 39865.5
491802 135996 134814 67479.5 48394.5 76812.4 51589.6 32063 64161.1
438651 201031 67106.6 61837.9 46480.2 60507.2 40935.8 19390.2 44491.9
506578 109038 45208.9 73569.9 15829.6 42373.9 42364.2 27134.2 70737.6
428620 130226 29222.1 65526.1 19053.3 26101.9 28255.7 16172 35675.4
405743 110622 52314.3 19883.3 26374.4 27142.1 21388.6 11402.4 21443.9
458636 109849 20295.2 19249 11800.5 13063.3 16752.2 9538.35 42987.7
466720 61697.5 27610.5 32376.7 34408.8 25295.2 23093.1 24065.8 54114
465139 139220 65041.7 26098.6 26011.4 26803.2 27500.2 16974.6 39872.9
446937 89744.6 66124.9 27478.2 24264.7 16802.5 18455 10115.1 20619.6
430397 38408.6 18096.3 21859.4 13822.6 18858.6 18320.3 11143.7 34898
483609 121356 58619.7 64662.2 41295.4 55827.3 47578 26234.6 59511.1
451333 193883 36791 43185.9 32040 19583 17142.5 11935 23084.6
438527 45755.4 36639.1 24363.1 28038.2 26454.1 21902.4 8526.33 25981.4
464094 78450.4 38567.9 33477.6 20006.4 20888.9 17345.1 8026.14 33184.8
437626 112049 29794.8 22219.8 17349.4 34806.2 23801.4 15357.9 47748.6
424503 85369.5 15150.1 45763.4 16423.4 11653.5 11123.2 6667.57 17332.9
471093 78280.3 39864.4 30420.2 26867 25885.2 19797.7 14796.7 39706.2
468328 63437.1 22668.4 35807 27430.6 28651 19703.1 16363.9 40011.6
462941 115940 40861.6 50688.6 32067.3 23616.9 29122.2 8855.16 34615.5
421268 44036.4 23168.5 30324.1 19274.3 18446.6 24553.8 9112.24 31670.8
513434 116600 41830 37032.9 42526.8 45305 52660.3 27870.4 55866.4
499104 87247.4 73452.3 75571.8 55018.1 42635.3 56232 19551.2 73238.8
453315 64107 55669.2 56824.2 45267.1 40061 48524.2 20529.9 47773.6
397426 37044.5 46165.7 31076.4 16430.2 14820.7 16364.7 11668.6 29169.4
471625 63239.7 111719 58241.4 24480.4 23281.3 27403.2 14085.8 41184
421584 84546.2 49519.6 24515.4 27489.8 18062.8 12940.9 6550.11 16415.8
404119 104209 24761.5 32188.8 22599 24251.3 19951 13590 24258.2
514716 120709 37883.2 48421.1 33274.4 33260.2 38175.3 21114 59856.7
429270 36430.3 19989.8 17615.9 10688.6 9821.39 15071.1 6521.49 27550
496546 91839.9 113584 80675.3 54325.6 58133.9 53901.4 34599.1 87349.2
441773 133691 65697.3 30263.6 30271.6 23803.3 19965.2 10818.5 27295.7
499863 52241.2 71234.9 58310.4 40620.6 51399.5 33853.1 17835.9 49214.1
438299 107583 10225.5 21186.9 9813.02 13644.5 10552.5 4524.39 20802.4
506731 236999 73082.3 66257.4 61092.6 72440.6 80466.8 43207.4 87420.7
444269 48853.6 27805.7 45600.8 18215.6 27026.1 31421.8 15295.6 57047.7
452903 127093 62750.1 51359.8 20496.3 24221.2 29203.3 18133.5 56465.3
412464 31268.8 12239.6 19297.6 13842.6 9981.29 11552.7 4818.34 18656.4
445052 112162 50393.5 16713.3 14587.1 12015.9 15006.3 6542.11 24942.2
423754 38268.5 15972.7 27036.9 10433.5 19405.4 16707.5 7706.97 32877.2
459568 136014 69844.9 61208.4 37154.3 29932.2 45048.3 23015.6 49756.4
464319 196115 31540.3 29002.2 21522.3 28053.6 22208.3 12353.7 34104.1
470576 86634.5 39596.2 64722.2 21818.1 36137.8 21768.2 12097.5 49765.2
441074 117928 27536.7 12599.9 9659.75 10782.2 9564.9 5105.36 14482.5
453320 103739 45128 35089 24140.1 40879.3 31809.7 16661.6 45163.8
439405 11189.3 47377.6 27728.3 15848 20839.9 20706.4 10825.2 39292.1
466112 88186.5 69271.3 43857.3 17104.1 18990.4 15795.6 12934.1 38250.6
409190 51651 38623.5 22116.6 10537.3 8320.31 10901.6 5133.09 13030.2
439344 39846.8 64587 21482.6 16224.9 13462.3 11884.2 7355.76 21184.6
455027 137284 70957.4 27145.8 25326 26662.8 20706.9 14074.4 37738.4
426796 29755.1 29636.3 19093.4 13787.9 9762.47 10949.9 7868.5 31383.8
464928 119360 80484 55127.6 22569.8 27669.8 21381.4 15662.1 36408
445310 75739.1 33448.9 41488 59224.1 28463.3 21741.4 14514.3 36726.1
453020 70179.6 21535.6 25672.2 22087.1 23004.5 24742.8 7952.43 36904.4
521161 162370 54805.8 45756.1 27534.1 37430.9 25351.7 13119.6 52105.5
476443 145138 60520.9 55122.2 31555.2 24904.3 19473.3 11870.7 36890
426332 25607.2 30644.4 22537.9 24532.4 26027.1 22032 11381.6 32060.1
453308 123202 36175.8 43896.1 17940 29881.5 17025.1 14240.9 34601.7
465545 137757 27693.9 53543.5 32783.3 29131.6 32693.7 19515.8 41832.7
468609 120606 12390.1 51255.3 16922.5 22241.4 19700.1 14573 59498.5
517006 263584 60972.1 109482 42881.4 36995.5 46561.6 18043.1 65067.6
454020 161703 28698.3 32957.1 24021.3 22486.7 12367.1 8835.24 33285.9
456512 125985 39605.7 27583.9 12112.8 32825 24771.6 14632.2 44484.9
447254 142554 66786.9 71231.6 60601.1 43738.2 26409.3 13259.9 35539.3
470657 91860 34298.1 47283.8 35332.2 28768 26815.3 20277.4 61916.9
407809 69510.8 13093.1 19845.8 13091.1 14095 14650.8 6898.3 13018.7
418980 252844 34015.1 22668.6 16106.4 12995.8 9021.99 6487.02 27155.1
538247 103472 27013.2 80719.6 38674.1 51499 61293.2 21013.2 69443.5
445072 93072.6 54049 28753.7 12375 11757.2 12420.6 7637.98 24441.9
425019 85740.2 23802.6 19887.9 16659.9 14322.3 12468 6430.22 28257.2
446832 139176 32383.3 21706 14345 10875.1 12914.6 4860.98 20240.4
500173 217715 60524.4 41084.4 36827.9 34458.4 41998.9 23898.2 56688.7
428563 53367.9 100121 18026.7 23276.7 17813.2 17854.5 7469.59 28580.3
479723 129076 109373 107303 62136.3 64693.2 57306.8 21255.1 60576
476788 172061 14559.4 22694.7 23765.4 26398.2 25139.8 15179.5 41207.6
476856 85942 92064 71399 43217.1 35104.7 38462.9 20018.9 58987.4
440535 130529 20874.5 29368.1 18281.9 13148.6 15808.4 9030.64 27733.7
499693 71600.7 66171.5 40021.1 31622.6 33944.7 32244.9 28529 62334.1
428545 257079 16360.2 33612.3 15792.9 14233.7 15100.8 8649.99 28508.3
450339 220136 23881.9 27189.4 10183.6 17816.5 15984.7 10110.6 28219.4
465356 283388 26689.8 48989.6 23861.4 33577.9 21670.8 8569.08 33031
433322 162445 26357.7 26868.7 29413.4 18768 29138.2 13485.1 33790.6
485053 110671 78941.2 80294.1 35104.1 32106.9 33521.9 17604.8 44933.4
467667 35609.6 65133.6 35388.5 28305.1 28782.6 26172.9 18389.9 58137.2
438233 43794.5 48810.2 63020.2 21160.6 30947.1 26570.6 14519.2 29362.9
445634 50213.4 71628.8 53335.4 20114.5 23555.6 13958.2 13281.8 26952.6
456935 36261 84029.3 41628.7 14755.3 19641 16336.8 6985.15 25783.7
491960 39515.5 49925 61760.5 18893 27174 38240 15516.5 55388.4
461844 228684 29108 26364.3 18684.7 12194.9 14332.5 8393.47 31683
442386 192998 24382.8 26977.7 6353.95 8146.18 9210.83 4131.97 12891.4
387304 56966 13823.8 20877.1 6803.76 5973.62 6771.41 3144.38 13234.8
425162 62249.4 22472.3 28582.9 20673.4 23050.1 20689.3 11654.3 31592.9
510139 244223 71782.9 71784.5 99628.9 61911 54391 36685.8 79836.6
443569 84131.2 35995.9 36461 33589.1 27486.6 24665.3 16098.9 41723.4
425263 64924.4 28670.6 20424.1 13574.7 20290.3 16125.5 11159.7 33220.6
418919 104334 59011.4 31863 22076.5 17618 16389.5 8338.63 20505.4
476552 93064.4 18776.5 26074.1 38094.2 17484.9 22174.2 12516.8 50568.4
434417 52563.7 40732.8 25614.7 15362.3 15471.5 17274.6 12588.2 31703.3
485991 92823.9 36848.6 39082 25933.7 27131.3 27795 21710.2 50429.1
467282 139073 44442.6 70584.3 30073.6 28682.7 29693.1 16609.2 39402.7
407345 21613.2 23196.6 16557.8 5033.33 8712.47 5908.29 3078.82 13788.2
416500 113767 19243.1 50597.6 32595.1 41229.5 26592.3 14821.7 26544.7
442401 63436.9 28392 26173.4 9317.06 8908.22 12867.3 6817.3 23146
452803 30160.7 39837.6 26971 23131.5 18670.2 17474.8 7823.89 28882.6
526629 50838.7 146767 149699 61647.3 51484.6 33858.7 24324.6 62610.4
485930 57062.2 32026.4 31391.6 20416.9 20369.3 18844 7983.3 46413.9
425201 108064 50252.7 48209.3 17021.1 15898.9 19700.7 9825.5 28399.6
472963 63209.1 45441 22126.4 15708.7 21720.4 18957.2 13841.7 44021.8
480605 109703 48697.7 35667.9 43411.8 26408 30888.7 12686.8 40753.1
535072 78324.6 42818.8 62519.2 32372.6 45826.6 53100.7 32762.7 116772
479429 47950.7 39904.6 25585.8 14218 16353.5 13424.2 7301.45 34057.4
460455 200518 15930.1 53446.7 21544.3 24244.8 19905.8 12631.1 45532.1
461508 106214 77001.7 29062 32145.2 27661.3 18793.4 10473.9 27603.9
446003 80310.6 89016.5 29488.2 28298.1 23614.3 21421.3 8090.56 36841.2
455863 58428.4 56783.7 36532 33572.1 31928.3 31265.7 23116.3 49880.4
428179 127876 31692.6 38149.8 18539.4 15978.1 22944.2 9581.24 30295.4
452886 331370 26298.9 28408.1 10585.6 9934.68 9798.22 5662.29 19410.5
505032 65018.7 30536.9 31293.7 26834.9 41785 31306.8 18009 55178.2
453451 58083 23577.1 24703.5 18622.4 22378.8 17694.3 15927.4 40666.6
497817 326456 76791.1 34270.5 12572.7 21452.6 12724.7 11831.9 35245.7
458881 79435.3 41961.9 49682.6 14869 23875.3 24479.1 12002.4 31220.6
449318 116206 57756.6 37109.9 49170.7 42766.2 32956.4 11229.5 28171
465853 152009 31639.1 99662.8 32255.9 46074 60161.3 25876.1 64959
455035 113008 32787 39107.5 31986.2 26045.1 21484.8 12512.4 34137
485887 107015 72966.5 68760.6 43404.1 49009 34472.2 21509 51469.5
466853 137214 34965.9 59535 26602.1 26915 20977.5 18411.5 56812.3
436203 41432 16859.1 24939.2 13226.9 19899.7 13686.6 8585.2 31539.5
434237 206494 15406.6 24588.5 24240.7 16716.6 18039.1 10161.4 35913.6
462410 45798.8 57613.5 54163.4 26964.2 52088.2 40799.6 12629.6 41477.6
438081 80083 25314.6 45499.8 6538.89 8494.69 10966.3 7604.27 29204.1
466161 85031.4 84211.3 48993.8 60380.6 49525.8 37617.1 13802.2 45312.6
462855 34468.8 90384 32265.8 38778.9 29494 24613.7 13823.4 35703
412424 88204.3 11908.4 13361 6736.29 6148.21 4480.62 3811.95 13701.4
423764 97455 15345.8 18665.8 14833.4 10615.9 12185 8416.64 28051
498188 88828.9 99898.1 43741.2 29675.3 23591.7 24877.2 13755.2 49529.8
472920 192937 44302.7 39044.4 11556 17797.1 16468.7 10354.1 40392.4
484777 84532.5 69132.8 60817 20605.1 25412.3 19831.6 12048.7 32525.8
491022 58481.8 54795.6 50180.9 27867.5 35155.9 38482.5 18013.1 51418.7
452980 172392 31956.9 44175.6 13114.8 21657.4 26307.6 15404.6 43325.7
446898 374389 68040 33129.9 26883.8 22487.4 17688.4 6506.38 26889.1
463368 147090 94473.8 69729.9 26124.3 29331.8 18323.9 9040.99 32317
478204 84188.1 52371.2 63627.8 26704.7 46804.8 46638 24994.3 60038.7
465339 218497 64685.7 56686 24509.3 25419.6 29786.8 15265.9 39499.4
513124 175984 127200 86727.3 20817.8 61475.3 52612.7 24721.7 78084.3
495838 147651 57047.2 77341.9 54452.6 45332.7 53263.4 25478.3 64224.9
462118 63373.8 106715 43566.2 22906.3 38340.7 33540.5 19292.2 67214.7
426293 90180.6 20769.1 22598.2 19379.8 21119.3 12556.7 7791.45 18113.7
503201 85672.8 95568.9 51090.1 22445.3 46780.2 26334.1 15953.7 61309.5
429857 75631.4 20523.6 27898.7 9292.56 14972.1 9293.36 4869.88 19489.6
479005 75964.5 70750.9 45028.8 32425.8 34284.6 40624.5 18127.6 53548.1
429908 95849.7 30589.5 50859.6 15319.3 15139.2 12755.9 7458.15 21219.8
389150 11677.3 12775 9045.25 7233.03 6503.43 5783.99 3300.11 9164.12
444371 196245 14711.4 29751 15421.1 17654.8 20716 8819.27 36308.9
449944 297682 34923.5 36773.9 32193.3 35163 34887.5 16232.7 40019.9
446680 25432.4 43509.6 57392 34203.6 43820.9 53066.1 33626.4 48246.2
459857 80745.7 47381.4 66919.7 34532.8 35359.5 36034.6 15236.4 54150.6
443057 103443 45630.2 37839.3 9549.62 22821.6 16089.1 9168.85 28226.1
471379 167334 65543.8 51033.2 30302.3 49353.1 32901.9 18504.4 43072.1
418784 23186.5 42997.2 31297.3 13775.6 12585.1 13865.8 6889.11 18277.7
434020 51123.3 30936 46037.7 38135.7 25652.2 22939.6 12443.1 28900.2
445289 82420 55874.3 34824.7 22517.6 26635.7 18539.5 10438.4 25279
464874 32299.4 63417.9 73104.6 28024.4 22908.4 25586.2 12582.4 56043.5
397121 44557.6 26743.6 23400 9170.97 7804.68 6032.99 4390.34 8534.63
411193 39980.3 22677.3 28322.2 13449.1 14986.1 10819.2 7654.66 31895.7
550677 186459 141932 77192.3 39548.6 39586.6 44476.3 24900.3 66791.8
496980 162691 68403.8 92251.3 24824.3 39111.6 30985.2 14481 48370.2
427593 85240.7 16486.3 24649.5 13836.9 9512.38 8157.12 6740.88 18088.6
505594 157472 68729.4 63699.9 37764.3 32217.4 39159.5 16424.1 52534
481254 139413 80622.9 120764 54499.1 48332.2 55157.1 27421.7 71197.6
463422 75446.6 105352 37486.9 23854.5 21603.5 22421.7 11699.4 36185.8
389150 11677.3 12775 9045.25 7233.03 6503.43 5783.99 3300.11 9164.12
463858 57749.8 32899.4 40492.6 33541.6 32456.5 28365.5 11812.9 52841.2
418429 64140 24055.1 46122 15213.5 14603.3 11465.8 4935.54 22119.3
389150 11677.3 12775 9045.25 7233.03 6503.43 5783.99 3300.11 9164.12
439676 106625 67260 37998.9 22752.9 25096.6 27023.1 12421 29112.9
455650 36419.8 73006.4 76818.7 47286.2 44927.6 22880.4 19298.2 39084.1
452610 67314.2 21051.3 19836.7 13493 16900.1 11976.8 4903.43 37415.7
475902 173876 50050 31904 25545.4 31354 34869.8 18577.2 40867.5
484133 445152 72245 67674.4 49219.2 49362.7 30813.1 15899.7 48052.8
433381 30721.8 29715.2 33719.8 24351.5 20474.4 20316.8 9642.67 28383.4
472380 164311 45478.3 14715.9 11858.9 16315.9 17512.2 9552.13 37061.7
497598 69882.2 146088 51903.7 54547.1 61235.9 42228 21448.8 58834.7
527370 201718 39873.7 57657.1 40218.3 51192.1 39390.2 20344.2 80573.2
462679 94242.6 64787.2 31584.9 13783.7 29465.3 25439.2 15889 48179
482643 39601.4 26120.2 57268.8 54190.8 35833.2 23409.7 17569.2 47043.2
440727 124292 23574.2 41722.4 27696.9 32933.1 22864.1 13144.5 38921.8
466761 51063.5 60126 50465.2 20455.6 23526.8 22054.7 13672.3 35798.2
447994 238819 32384.5 27489.1 25410 31006.3 26356.7 13799.4 31025.2
468245 195836 33397.4 22179.3 14230.8 24111.8 18749.8 8511.95 37171.4
414662 133313 80661 44224.6 21802 30901.4 18156 10081.7 19152.7
489294 239127 34222.5 101490 44795.6 36700.6 33983 17656.8 52830
451083 60161 37307.8 19606.7 15574.7 11939.5 11879.7 8174.9 33469
483424 182955 54363.2 47804.3 26237.5 18907 27080.9 15648.8 49928.2
416127 182724 24709.2 24623.5 26137.5 17711.6 15900.8 7362.48 16615.4
432943 81854.7 41750.1 44593.6 22459.1 18875 19244.2 9015.6 35342.1
412237 71150.5 47786.2 15679.8 12039.6 13625.6 8088.38 5607.6 17720.4
422922 61357.8 33194.4 28873.1 16939.5 28383.1 17867 13748.5 36234.5
472617 141517 31373 28927 27383.8 35514.2 20961 10644.6 35157.5
436984 109704 48650.3 44756.1 21580 12336 14446 6641.9 35693.5
471900 121914 56864.7 38171.9 25300.8 19040.1 25512.5 10425.5 31796
456655 167688 58752.4 85674.2 45877.7 34876.6 26583.8 19576.1 39556.9
495028 145958 82998.3 142973 31905.6 49248.6 40226.7 28961.9 64333.1
497079 113417 64787.4 65213.9 63219.3 39939.9 40001.9 19249.9 63195.3
474751 52617.6 23120 25084.4 15854.8 16496 13486.1 10135.9 34979.1
444966 129160 28904.4 30967.2 14749 14169.9 14456.9 7692.38 13168.9
481516 167185 108772 44020.2 28899.6 24783.9 26980.5 14844.8 37541.8
423308 61440.1 27757.6 27156.5 9819.61 11142 7211.3 5967.87 17020.3
516666 186795 75815.2 81989.1 43978.5 39436.3 43468.3 24283.4 79151.8
405e3 52811.5 25090.9 13485.1 10536.1 8315.75 8522.5 4946.09 10925.2
457074 56906.9 28021.3 44231.6 35217 30586.2 35998.3 19610.4 52867.2
419519 32491.9 38618.5 32876.6 12260.7 15433.6 14182.8 6733.78 22660.5
450080 49985.9 47643.2 15850 18764.5 15956.2 15273.1 9386.09 24483.2
472678 264609 135427 78664.2 55060.9 34102.3 23401.4 13750.1 28655.7
421085 59396.3 37455.1 31580.6 11717.3 12548.9 10198.6 6033.67 20530.6
444118 128617 46015.6 40248 22371.2 23701.8 19097 8095.78 26263.4
490493 74868.9 55952.6 48279.7 42125.4 46018.2 37507.7 20671.3 58289.9
434574 101477 32250.5 13758.8 20735.3 15955.7 20913.1 7225.91 26872.1
553292 233676 100706 24751.3 47570.4 30681.1 30735.5 22533.7 89411.3
515496 189053 39692.3 94820.1 42224.5 59501 40150.6 24412.4 63642.1
432890 105671 21228.5 34794.9 14134.6 19442.1 14812.6 6570.84 25001.5
513282 231977 75230.6 56254.8 40672.5 39388.7 44041.8 32787.7 69880.8
467774 83109.6 44223.3 79110.9 42572.9 36426.9 47845.3 21607.4 61390.2
432527 64870.2 52271.7 31704.2 22190.8 26612.3 17729.7 12434.1 21453.7
487444 282204 45143.2 47332.9 56073.7 43500.7 32973.8 17957.4 57433.1
424749 43245.9 65598.5 31987.5 27230 18141.6 14366.1 6346.12 21860.5
425180 72666.8 14706.4 17632.5 18202.4 8470.66 11896.5 7842.66 18806.2
477203 68345 31592.5 38287.6 18557 20248.9 19874.6 9098.75 41302.4
410080 120812 60395.1 23289.3 13981.6 23562.7 12022.4 7102.06 17973.5
405373 92365.9 27463.1 40976.9 15326.9 16313.1 11898.9 5803.49 17365.8
388420 20302.2 28995.9 5876.53 8060.29 9854.32 7824.7 3089.82 9744.05
446425 63562.7 43651.1 16328 12651.5 25633.4 21504.7 10865.1 29804.5
495897 104062 52439 31864 27866.9 36695.2 26468.1 20876.2 61363.3
551542 252871 132068 151194 96682.1 82621.2 72238.8 34887.6 113319
473133 47052.2 67739 19094.5 21966.5 20011.7 19656.9 11309.2 42500.9
443884 95280.1 34307.1 36313.6 16516.3 15662.9 15322.1 9175.92 26378.8
465961 54045.5 47048.3 41701.3 21235.4 15695.4 17072.7 9878.91 32126.8
422602 26712.4 11189 17807.2 16882.4 8386.53 10694.7 5109.65 16568.9
409535 32615.4 27734.6 15491.2 9713.53 16785.4 21067.3 12659.3 33642.8
468151 253246 59945.7 27752.5 33289.4 20064.5 20537.8 12640.2 36303.3
528781 178409 189409 72098.5 46839.1 39448.3 47624.5 23092.6 61278
421546 54753.8 30570 51652.3 21717.9 20448.7 23110.7 13541.4 27243
449264 84721.1 33399.6 34872.1 12830.2 14205.6 10658 6230.72 21054.9
477129 289244 61975.8 35246.9 38110.2 29082.4 32463 13948.3 46395.9
454288 89730.5 21850.1 45627.6 19170.6 31590.9 24881.8 18015.6 37119.3
508076 122312 116967 45671.7 28651.2 40009.9 34881.1 17416.2 41333.8
458425 46290.1 22224.2 28419.1 26014 24752.5 20109.8 14067.8 57156
445661 56663.7 22282.5 19290.2 10283.5 8640.2 12305.5 6723.75 19258.5
484049 105293 22865 38059.9 11175.6 14493.5 12674.9 6349.17 25506.6
476101 70265.3 12083.4 38998.4 25957.6 34939.4 37921.1 15568.9 59802.5
471387 68573.7 38018.3 62737.7 30321.4 24444.5 20649.9 13721.9 48934.6
433041 135839 33961.1 37254.8 36475.7 38686.1 31719 16166.7 36317.6
494931 192160 30701.3 19242.7 29023 24563.3 21717.6 13336.2 44462
429724 165949 18463.8 37415.2 14915.5 15788.1 13388.6 5914.12 24333.3
433552 50899.9 24248.9 22248.1 29639.6 22274.7 17080 5948.16 27301
457871 188202 21979.7 36515.6 12845.2 13623.7 10014.6 8392.12 40383.8
451839 142851 24173.3 24018 13861.5 9114.76 9275.85 5559.06 26379.8
441096 106789 11717.9 30840.9 27823.9 28177 37311.1 19317.2 47978.2
464844 366983 41411.2 62859.6 23296 37696.8 29621 9293.75 40395.2
486134 65431.2 55916 39298.4 38905 33949.3 26044.3 15671.3 51193.7
463445 81186.8 30117.3 39559.9 25286.8 20121.8 30187.9 17067 37842.3
492582 210943 56378.5 48198.5 49607.2 33933.2 27725.2 14954.3 51335.9
423053 32789.3 36311.8 35110.5 17152.9 16317.7 15677.1 7310.78 19483.8
447478 53183.8 24084 19067.6 12317 30022.6 19488.8 13628.3 44191.8
486903 202282 30957.5 73361.2 31306.6 31289.8 28407.5 16006.1 50844
455949 145145 57477.3 22955.1 28616.8 38209 25389.9 14234.9 32562.3
427033 163188 12663.4 30966.4 13919.5 13453 11477.9 8636.32 24870.2
505432 80497.4 65906.5 63152.4 48842.5 48044.3 43523.4 32434.2 81868.4
430899 89800.8 27974.5 37820.5 23668.6 32846.8 20562.4 9959.01 35297.5
439087 144474 40100 15857.2 29422.7 20658.8 19677.1 9819.66 30692.3
436907 141569 57525.5 39734.3 14401.1 21492.8 25357.2 11713.5 34277.7
522710 292416 27500.7 20140.3 19890 27410.5 25164.8 15246.2 72763.9
438862 88535.8 42109 64582.2 18850.4 28009.2 22683.9 10735 35473.6
474799 92021.4 51915.6 73317.7 33927.6 48590.1 38669.2 23160.6 67551.3
439909 123984 36651.4 20809.5 23675.8 25042.7 17886.1 11405.5 42730.6
417142 92279.2 31301.8 47552.8 13604.1 15321.8 15859.9 10599.1 24043.7
473971 229498 56445.6 31661.8 30782.6 20711.5 17117.6 8895.36 25519.2
504105 127512 69381.9 50605.6 52777.2 37425.7 41461.9 21629.4 70545
468757 104046 41504.4 66147.9 26045.4 27158.5 15831.1 8336.84 32155.5
423636 74819.3 23641 23684.6 17917.3 12273.6 10077.7 7298.24 18388.9
443909 32219.2 134795 68830.4 33004.6 57886.5 53386.5 26782.4 45665.9
435276 36846.9 17498.7 19414.1 17426.5 29304.5 17283.5 9803.81 27186.6
417024 31897.1 32456.9 16823.2 19551.4 30666.1 18735.2 10852.9 40697.3
454833 39686.9 35000.6 25717.4 12686.2 18310.1 14017 6417.71 37765.3
452415 293453 81457.4 52246.3 22535.1 28910.1 30499.2 11625.4 30722.7
448330 57975.4 65924.9 107249 57890.7 48774.6 46670.9 24613.4 66924.2
437544 158856 16980.6 24784.6 18399.1 22250.4 30160 14038.8 33276.5
407346 41537.3 21156 6054.06 11170 9010.05 9379.07 4102.71 14086.2
455130 74957.3 37415.8 81605.8 33714.2 32436.6 41627.6 19701.1 47728.2
433716 121450 21269.8 29959.8 6660.02 11718.6 12531.3 5888.66 18248.9
389150 11677.3 12775 9045.25 7233.03 6503.43 5783.99 3300.11 9164.12
507739 385785 28121 48862.3 29007.9 44011.1 50594.4 21017.1 62636
474859 57440.2 95082.7 77093.4 23224.5 26851.6 27847.7 14898 41240
550998 326075 48840.5 65241.1 41079.3 26317.3 24016.8 24644.1 73922.1
484440 66407.5 63105.1 89529.8 35911.5 49229.8 42505.4 26026.7 67099.1
517913 219379 57964.1 34703.2 30635.6 30690.1 30232.5 23441.8 63683.7
526257 132026 67757 119187 35518.6 41600.5 42010.3 19067.5 77073.3
453933 49586.7 23752.4 69842.5 41833.6 34500.8 30147.7 14292.9 43953.2
513447 351442 68766.9 67274.7 25035.6 28612.8 30102.2 14080.1 51145.6
417559 50735.3 38174.7 38761.1 18144.2 24753.4 19718.9 9279.19 18967.4
486010 64574.2 66901.2 51488.8 36367.8 26863.6 31049.6 21880 57259
458250 49179.1 32593.3 46165 25423.7 23375.4 15637.1 11822.3 32226.1
459884 105092 59641.4 39470.4 41121.2 34236.6 32996.2 12235.3 38220
420891 101027 19395 13011.1 8283.11 5493.7 6330.69 2208.77 12140.9
453451 24388.3 56013.7 38846.7 11647.6 12007.9 18042.6 10088.1 28981.4
431917 175832 56774.1 39536 43062 27392.3 25883.4 13617.4 36188.6
472528 48365.3 18443 42893.5 24135.3 24127.4 21376.2 14819.9 45281.9
454875 116277 35214.9 14178.7 10711 20495.8 18564.8 11193.6 35154.9
476338 122646 33215.5 46400.3 32812.2 30227.2 30397.4 16962 44148.3
473836 21982.4 37994 38016.4 14466.1 23845.3 19799.8 10919.5 39713.8
449203 70424.1 33220.5 36339.1 34022 27545.4 31783.9 11604.6 47099.5
402618 95796.9 46109.6 20584.9 13306.2 13679.5 6220.72 3955.39 12147.6
418852 99693.6 42565.1 30850.9 17056.1 26722 26411.2 11519.3 38295.9
443166 156654 39659.4 24583.8 25466.2 23392.4 22252.6 13660.3 34289.4
501692 82964.1 87641.2 49906.6 50213.1 42302.3 46416.2 26557 75900.5
478304 64659.1 35183.3 34130.5 35930.5 29283.3 19053.9 10679 31587.5
405507 83025.3 29469.7 26516.9 29145.8 26274.5 20766.5 12163 26184.6
459928 111398 60079.1 24027.1 13654.7 15320.5 11726.9 7096.95 29532.3
492995 54131.5 41797.3 42655.7 51015.6 55276.8 43542.6 27265.7 68961.5
452661 65442.5 16067.6 20331.1 15458.5 12471.5 13301 10278.6 42264.9
446934 92821.6 61825.8 32323.7 23059.9 28684 16538.6 9752.79 39797
543685 148613 101424 98039.5 41688.4 36879.3 42589.5 24030.6 72076.6
437700 131438 49672.8 23552.6 23379.8 15608.7 17023.3 8012.34 23877.3
407547 30743.5 20042.7 64966 11750.9 16345.7 11259 7122.9 19018.5
481015 340223 61437.3 42763.4 31742.5 51715.5 37639.7 15461 47372.5
502144 200845 55982.3 45735.1 28986.2 35991.8 41002.3 18493.2 46283.9
448082 98238.2 34773.7 20565.7 10668.8 17870.5 18927.4 7351.4 31613.5
502978 101933 80592.4 45490.2 22363.9 18605.3 31080.3 15348.1 51712.4
421371 151878 26430.4 35492.3 10950 16093.9 16924.2 9755.11 20523.4
467937 96116.9 53984.5 60406.9 46385.6 61273.3 68185.5 25213.4 65478.3
432519 23947.3 54729.2 26201.3 11556.5 8657.01 8849.98 6134.41 20833
472082 66583.4 34830.1 55282.9 15189.3 26398.9 25351.2 17881.3 60429.8
425329 91944.8 39425.6 21878.7 20689.7 27763.3 26228.6 13197.5 25885.7
397944 50868.2 14752.3 27014.4 11327.1 15387.4 15944.4 7123.51 17613.7
480458 90497.8 94628.6 19747.9 21758.1 17307.7 14827.5 10764.7 52209.6
486538 320132 51659.6 43261.9 40530.4 58988 39327.8 23249.1 73661
493807 132846 58364.5 27049.6 19432.9 19907.1 28415.3 18775.5 60214.7
494165 309141 50966.8 50125.9 50683.3 44574.7 47149.3 28830 60719.7
426763 106468 43484.5 39201.6 15829.4 25726.1 17246 11144.7 24735.1
443720 71511.8 33095.3 23060.1 13916.4 16208.8 14468.9 8712.65 33378.1
471133 52433.3 57604.6 67284.5 46283.9 35338.2 32292.6 17921.7 41275.5
499949 133570 48450.1 119400 59790.8 42245.4 41706.1 25575.7 60838.4
442408 26926.9 14554 17279.2 10535.6 10265.8 10258.7 4716.99 21531.6
485503 104175 45849.3 28260.7 19186.3 23326.3 14383.4 8206.42 35004.8
432736 153521 49205.6 51013 24686.1 32831.3 25133.3 14058.6 33091.7
477008 119040 125479 60971 42200.7 36235.2 25903.5 20115.2 43427.4
458483 47437.5 50470 95917.5 53429.7 40623.5 31461.7 15198.6 48023.1
411310 68738.2 14593.9 13446.8 21806.6 14032.1 19224.7 10273.1 28731.4
482979 178268 86505.5 50544.9 57549.5 50461.4 48543.9 21076.9 75746.8
389598 44623 38090.2 10416.1 4156.88 6091.74 3664.86 2773.27 11928.3
426595 177075 28419.6 29822.4 52933.7 27232.6 28222.4 18629.4 34440.4
495445 259880 141664 132610 51432.8 56478.4 44103.4 23673.9 74315.3
469198 155227 56705.4 43471.4 52565.8 32516.2 23880.8 17091.4 40431.8
499480 48095.1 45946.8 48477.4 25010.5 33237.3 35556.1 16738.9 51101.7
449793 118250 67226.6 38639.1 20413 29953.8 22971.8 17253.7 37663
441276 52023.5 33486.9 35377 10651.6 12523.7 11344 5523.29 28108.4
511016 149082 65810.8 46055 42351.6 37078.5 32809.9 16537 73284.8
471400 109211 37978.3 45816.4 28123.9 29521.9 31826 14650.5 47817.2
463829 102881 50087.3 31852.2 32014.7 29342.8 32537 12151.4 36511.6
426870 172486 30538.6 35648.1 31664.6 22335.7 26992.7 15648.3 36134.4
454195 229146 52766.5 51518.9 27296.9 30096.2 28620.2 15929.3 42222.4
437783 141217 21310.4 22507.6 20099.4 18377.6 17638.2 8372.78 30317.1
491740 71501 69752.8 82557.1 27819.4 34109.3 36192.4 16995.4 51899.4
522571 175038 25910 54771.4 39880.4 34406.5 44481.9 19718.2 84578
400949 66143.8 17825.7 25829.1 15224.2 18031.9 14603.7 9396.44 27873.9
411147 44906.6 21058.5 15095.1 8590.48 6512.25 5589.6 2972.13 9156.43
432877 44704.1 36060.3 47023 38558.4 28204.9 27604.1 12087.7 27238.9
480298 50146.7 54646.1 52791.9 35414.6 24374.5 37332.2 20289.2 45792.8
508977 263869 156115 118053 47572 59578 68231 30619.6 70242.2
474056 167134 84078.9 44734.8 54574 38444.9 45558.2 20645.6 44193.3
469851 77431 54407.8 39079.2 28859 30834 33289.9 15252.1 52139.7
512963 112227 73492.4 51863.3 44672.2 40959.8 54889.6 23073.8 66538
472758 99463.6 119389 76732.1 35198.7 52344.4 47413.8 28233.7 74336.5
496111 170146 56217.3 103512 60691.8 35794.5 21178.5 12666.8 36778.3
449877 57873.3 62288.1 45122.7 20908.4 22260.5 21841.9 10675.9 28730
431827 66430.6 25434.5 21676.9 12838 17545.7 18869 8814.6 31911.8
440984 95938.3 31405.9 35250.7 16485.5 15148.7 20948.4 11968.8 23320.7
468893 78325.4 42233.6 28557.3 26066 25795.5 18731.1 12561.8 40763.5
446843 111285 16653.2 38111.8 25809.7 30931.2 32598.6 14950.4 47155.6
445659 120165 37806.2 32217.7 14779 19631.7 19023.8 10784.3 41355.2
490480 148821 31861.4 42650 42817.6 41744.5 34490.7 22397.1 58070.3
434719 70929.1 60369.6 25126.3 21231.8 20517.1 14230.9 7783.53 17120.5
503415 87083.4 116907 39035.7 31773.3 26035.8 20636.9 13684.5 43560.6
460731 247616 24194.6 65284.7 44981.3 37122.1 27678.4 12970 35959.8
480086 151471 32227 33562.2 37515.4 43224.8 37903.1 22867.5 69233.5
496080 286976 122527 29602.6 38559 33601.1 27711.2 16167.7 47229.9
438723 147469 39132.5 21410.3 15062.3 23366.3 12706.4 8876.16 23969.5
501535 126447 47089.3 96044.7 71988.9 71922.2 56425.4 36544.8 74789.8
519192 221485 54821 49999.4 31043.1 28302.3 26339.6 16712.7 58800.4
402744 23919 16768.4 6630.42 4935.87 7727.55 6221.08 3371.84 14276.9
481273 150575 33149.2 81157.9 38334.8 51304.4 45473.2 17920.3 72163.9
451289 42391.5 28285.2 33622.3 27865.2 26905.6 18252.8 9730.8 27189.4
468923 118439 38589.8 27688.2 17602.8 18947.8 18077.9 10014 29540.4
518899 157741 75923.6 105769 48307.5 32799.4 39501.5 19575.7 70726.9
435126 259431 14616.3 71618.1 34449.4 56385.7 25659.4 12379.8 33526.1
434401 150054 42159.3 44798 13019.7 17331.6 17445 10991 30932
389598 44623 38090.2 10416.1 4156.88 6091.74 3664.86 2773.27 11928.3
500320 78020.9 66392.8 39089 30016.7 34675.1 31799.2 17581 49454.6
421590 79202.4 35755.1 46034.8 19761.1 21792.8 19606.7 9909.75 25002.6
443043 29538.5 23646.8 24338.6 10408.1 13835.8 15979.3 9427.73 40708.9
465453 152855 37210.5 37472.2 26271.2 21398.5 22978.6 15258.4 44721.3
465698 197943 48378.8 52747.7 61132.6 45444.2 46756.3 19073.7 49667.3
486650 30308.3 49865.7 85719.3 38839.5 44965.7 62654.4 29459.5 82952.1
434437 73925.2 46862.9 36503.6 12788.9 20543.1 18611.6 10641.5 31721.8
545841 455627 61289.7 99237.8 46520.8 48518.7 33731.5 23646.7 63498.6
440339 57659.6 31641.2 19389.2 20723.6 15299.7 12959.9 7342.44 28583
397647 60484.3 26446.4 27478.3 10441.2 8768.63 10661.3 5380.27 19555.6
433780 30483.5 22512.6 15239.6 18684.9 16520.9 17266.6 8491.3 22049.8
474684 258668 44263.3 78300 42777.4 23451.2 29880.6 13373.5 48674.4
467830 51327.5 27295.8 17372.9 18192.5 24215.8 18635.6 9653.54 35836.1
494548 61638.2 37636.7 37395.1 17899 27207.6 18708 16041.5 46469.5
434078 28687 29093.1 40445.7 32592.3 29989.4 27575.3 9426.12 32892.7
427419 107896 21255.3 17196.9 13370.3 12166.6 7917.87 4309.83 18144.6
484363 88471.5 47949.4 65401.5 41586.6 37996.3 38104.5 26250.4 93531.9
479484 87717.3 74851.2 75116.7 25010.7 28465.1 30044.4 18383.5 46821.8
462492 81082.5 25622.5 38622 23233.7 17884.7 19083 11742.5 35433.2
471086 134715 19816 22893.6 20680 19767.5 14830.5 9502.37 34792.9
530001 66594.9 63620.1 60061.8 51554 48813.5 56363.4 30744.2 99114
421299 46865.9 20162.8 28563.9 19263 15095.1 16697.6 7366.45 24438.4
454490 56780.6 49656.8 20024.6 15686.9 7055.03 12721 6932.34 31912
442298 177663 12633.3 26414.7 10071.5 15522.1 19397.6 9946.78 40131.8
442392 122904 23111.7 20888 10148.1 10666 6849.6 5885.78 17846.1
518047 102058 89423.5 80100.2 55367.4 57096 43253 23137.7 65198.4
520972 88461.9 49751.9 69081 52525.9 48693.3 55502.9 25158.4 76679.6
454623 91289.6 57405.4 62000.7 27993.5 26835.8 35545.9 17185.6 37325
462200 255620 39641.5 31083.2 27366.3 22347.9 26364.1 10531.2 38671.8
487024 240993 93367.6 83292.5 33635.9 46782.6 29895 15661.6 52003.7
463734 304199 26043.4 64849.3 42472.3 34683.9 34866 18506 56046.8
444280 91987.1 24043.7 48129.3 29088.7 21597.8 15992.1 8627.2 20369.5
483670 62100.3 29726.4 66231.1 30039.4 34248.3 47001.9 21353.5 72558.7
408126 45987.5 34966.8 12753 10128.8 9946.38 8260.88 6499.71 21113.2
521568 63028.2 127423 50578.5 36605 44211 67858.4 27515.6 81539.8
423365 54316.3 79635.3 38055.3 22160.6 20906.5 13218.8 9092.4 29354.5
486871 124631 48690.7 24606.2 13027.8 26201 20696.6 13939.7 52452
456266 110063 85508.7 46870.6 20259 26197.5 29854.6 13874.5 45167.4
407731 115405 9493.99 16933.6 9046.71 13155.1 10299.1 4541.2 20442.7
467507 96676.1 48183.6 68836 26354.6 26847.8 26019.1 15474.9 42018.1
513947 275010 72479.7 71265.3 32245.3 47659 42921.6 22304.8 53584.4
468571 193924 36547 41659 12471.2 13202.9 18817.9 10607 36453.6
475670 273945 63285.1 91516.7 47640 42033.5 41751.5 17101.2 46697.5
415205 57993.9 19757.5 36437.5 27072.4 16906.3 14635.6 12131.7 31082.8
489939 30234.7 50378.9 42435.3 41017.9 38915.1 46382.1 36393 73738.9
459019 54651.9 18093.2 41866.2 24370.9 16846.6 21417.7 12304.8 28385
448721 250721 19680.2 28670.3 22986.6 17561.3 17401.1 14850.9 46059.5
471849 199187 36427.7 31209.3 25021.8 23420.7 21195.1 10960.8 31972.2
480290 184231 26339.4 56692.1 24451.5 44175.9 44131.2 18736.2 49407.5
474560 142356 73893.5 64043.4 54660.8 62623.4 48731.5 22887.3 59078.8
439617 88516 9250.92 72286.3 33385.4 45711.8 27310.4 17808.3 41107.9
476441 382265 68574.8 45971.3 32957.5 28762.6 21878.2 14654 42950.1
530151 189686 69864.5 131491 80620.9 81531.2 62217.2 38816.5 85975.7
461845 87630 58323.9 55556.8 25572.4 27879.5 19894.4 11620.4 40466.1
494492 195767 55309.5 77629 48458.5 52874 51373.3 23941 72890.1
430382 94588.2 31613.5 51234.4 24764.6 26455.7 27147.6 11938.7 36063.6
440186 100906 36567.4 37915.5 24169.8 22844.9 12909.2 11375.1 36251.1
511422 188753 22219.4 97841 73830.9 62763.5 53985.4 26799.2 73109.5
472754 205947 27765.4 69961.1 47384.2 60331.3 45015.5 18847.8 39650.2
442164 64162.3 52791.3 28231 21545.9 20035.2 23742.3 9701.89 25968.1
440965 110580 22682.7 25925.9 11270.7 12449.8 11110.6 4951.36 21132.3
478842 62910.2 55328.6 47984.1 23654.8 18934.4 18212.2 7979.3 28786.6
494878 179401 66902.9 35575.7 41028 40727.5 43351.1 19532.7 47874.1
480540 206620 71175.6 65300.1 43811.2 40822 29608.8 19810 51012.9
407091 40518.7 62185.2 21102.6 10109.7 11044.4 7796.41 5673.29 14264.8
469742 136320 72326.5 30089.1 16911 31710.5 26525.9 12302.2 33166.7
587532 169771 177098 123212 54281.6 76292.2 71220.5 42326 137617
474661 258930 65274.8 35053.1 41201.1 28810.3 44628.6 27782.1 66110.5
468679 59538.3 42282.1 21650.1 29538.5 29279.9 26099.4 16234.1 56803.9
543806 50516 105051 52098.1 42309.4 50950.5 39268.9 29797.1 107973
436636 132677 58693.6 41813.5 29918.5 22318.4 20916.6 7068.04 20773.3
401837 40963.7 16959.4 20105 9203.8 9409.56 7059.1 5190.86 16100.4
433389 78300.2 15353.1 36601.2 32090.4 18090.3 21677.9 12209.4 34606.5
473068 81157.8 62496.2 61344.1 39187.4 45234.6 51730.8 32961.8 63922.8
505864 94776.7 32097 68275.5 36316.1 31904.8 35980.9 17800.4 62286.1
474178 172744 31449.7 36688.1 23969.7 22637 24412.9 13134.7 34613.1
432411 38942.9 24792.2 26602.3 18082.8 21399.5 21621.5 9790.77 34017.1
431887 125792 24760.4 31846.1 32770 29458.4 29358.8 13955.1 42432.8
462911 350120 25467.3 27670.7 27537.1 19656.6 15117.3 9117.85 28994.1
469792 128146 37678.8 42451.1 23676 18358.2 20326.3 11080.8 25926
421256 79928.2 18843.5 61247.7 22434.6 22001.1 17894.7 8814.29 22146.6
418233 30170.7 34013.7 37492 9205.12 10560.1 9020.35 3844.15 12362.6
395358 64403.6 39844.1 38487.1 15909.6 10765.4 19049.8 5209.56 9781.78
419793 72687.7 12930.5 14272.8 11822.3 14584.1 14216.4 9407.69 26101.9
414696 146089 33158.4 22589.7 17813.9 14955.7 17752.4 9572.88 24675.4
439557 57148.2 33969 22812.2 14178.2 14909.2 13361.2 6875.68 23351.1
495329 203386 132245 51536 23639.3 26703.6 34748.1 13241.3 42333.4
462230 87282.5 37685 37952.5 15226.4 13963.4 13328 8778.61 25159.6
448485 102010 54818.1 42532.4 24439.6 26596.9 30422.4 12536.7 41459.4
447754 30820.6 42738.8 47369.1 16949.7 18786.6 24312.3 9589.49 33457.6
526102 636310 83105.7 77825.2 66541.4 76317.1 73275 30885.5 94907.5
457844 119487 85876.3 54078.3 17875.5 19944.6 19451 11921.8 33332.8
484855 197753 48913.6 41322.2 46494.1 36679.9 41691 20147.2 52291.5
458927 69152.5 92751.2 36169.1 18751.6 19786 23273.2 11834.5 33966.9
493564 133760 40282.5 45517.5 21707.7 26721.2 31573.6 15741 52232.7
433934 128092 100608 32936.6 42392.7 26975 27663.4 12030.3 34437.8
402173 60770.6 19783 30144.8 16517.6 14342.8 11916.7 4522.99 20190
448443 154964 33096.8 22371.3 30818.6 24495.4 32021.8 14877.5 39663.5
502538 158189 61266.7 68475.4 41268.7 80403.7 46842.4 30958.1 79389
463815 294161 58254.9 56637.6 31841.4 34832.5 42338.9 20543.9 45490.2
455848 119803 71298.3 21818.8 11457.5 16706.8 17033.5 9102.76 29415.9
520980 91353.3 60519.4 69997.2 56677.6 59897.3 58145.3 37105 94050.7
406416 34444.5 14180.8 17909.3 11817.4 10047.3 6606 3363.75 15966.6
469799 82501.7 221492 52297.5 40151.1 47236.2 28229.9 20534.8 39587.6
521181 40988.4 92608.7 92192.5 41121.2 51875.3 34394.3 25929.1 98221.4
521738 205658 65669.3 85601.5 61508 81885.1 62906.6 31856.2 78476.5
482944 90810.6 47083.6 58993.1 26105 28039.6 25370.9 13608.8 30795.8
489190 74824.2 41659.1 30939.6 30080.8 32508.4 18923.9 12680.6 43535.6
513863 142423 60542.7 123550 77746.2 59519.6 56594.5 24247.4 75204.6
519916 118242 53942.7 56247.4 57648.9 40326.4 36571.4 31354.8 64663.2
445667 136234 43907.7 56689.8 29157.6 26239.1 34404.4 15283.1 39309
437579 115487 34911 17666.6 20692.7 20622.9 14321.6 7371.62 23036.8
459571 70621.1 47674.4 32474.2 41775.1 34783.2 33688.6 13616.4 49068
466420 47788.4 53933.1 69803.2 29028.1 27292.2 26332.3 14521.1 43808.4
429172 89754.6 23016.7 26512.7 9039.71 9424.73 10009.1 4418.97 23724.7
460491 82418.2 36191.2 28211 10777.4 24596.2 19354.1 12365.2 38986
417343 149365 46117.6 33348.5 24911 21433.9 19282.2 6138.76 16454.5
539511 157164 107963 153905 47605.6 74293.1 59045.9 32936.3 83287.3
416696 75512.3 30499.6 41061.9 16433.8 15687.6 21296.9 9085.27 28478.9
449592 37689.3 47008.6 29288.8 34086.1 22934.4 26378.9 14975.6 38519.7
446584 47951.1 39197.6 46493.2 46314.2 30607.8 26719.4 13279.9 40859.6
448091 104228 80419 60647.5 24663.8 27434.1 22119.4 10085.8 27740.1
497615 200430 52426.6 75739.5 59062.2 63392.3 50180.3 27976.9 56932.3
421115 47749.3 38206.2 48778.4 12507.3 17521.6 15159.8 8370.02 22893
436687 50954.8 22183.2 22522.6 11792.1 12369.8 9894.68 7965.82 23876.1
508353 76364.6 115621 111104 58817.7 75985.2 58047.9 26672.8 77611.9
420314 74981.9 23128.4 42141.8 30499.2 23205.5 21973.2 9685.2 23114.7
457132 48188.4 53342.5 39079.4 22687.6 15695.3 24391.7 12870.4 31497
515526 371662 75344.5 67581.2 52795.3 69605 55183.6 26045 58848.4
454426 237401 35584.3 20189.5 15398.8 15544.1 15044.4 9444.53 23621.5
437099 101472 45620.6 41633.6 19486.3 15762 14416.6 6500.87 23945.2
478301 81051.6 90958.8 51584.7 65900.3 45615.4 41282.3 22674.5 70057.5
415004 69888.6 20678.2 12852.9 8467.81 10581.8 9435.05 5676.67 22183.8
443614 31849 43428.5 33701.4 28497.4 14824.6 11973.4 7068.73 25662.7
417280 166368 66983 44073.2 25319.3 22923.2 26698.2 10108.2 22028.9
454010 308392 16754.5 54338.3 25142.7 23230.6 13284.4 14206.6 33733
441331 74944.7 38915.6 37425.1 15707.9 23086.6 16295.4 8822.62 23746.9
466615 179244 34184.5 48915.2 30548.4 19132.6 15932.2 12024 40024
409491 79402 22554 23879.1 11228.4 13368.1 16099.3 7143.18 18376.6
437064 59481.5 15188.1 41768.1 28113.3 20907.6 17535.5 10021.9 30860.7
503050 62881 40959.4 74328.7 31478.6 34816.1 33752.4 13502.2 59553.4
443906 41966 89305.5 43778.4 9879.93 19680.2 16580.6 10906.7 31881.9
509600 167843 89355.3 57268.8 26766 42091.7 43718.7 25735.9 60434.8
478648 87491.7 89418.8 28711 24031.7 29077.8 38033 18436.7 42744.7
491377 332037 38040.3 58752.6 44062.4 36436.5 29756.4 13905.6 36381.1
476194 144242 59246.2 62118.5 40936 43101.3 26469.4 17352.4 43117.1
490252 150765 32261.1 39585.8 24863.3 58216.2 44957.6 29740.6 75428.3
452514 144030 51469.4 56132.9 19838.6 30902.6 24837.3 11117.6 26029.6
529621 364216 62245 41895.1 77176.5 70771.6 46143.6 31271.6 74762.4
476087 219655 62788.5 52023.7 30078.2 31666.5 27566.1 15168.7 53376.6
459227 169494 31924 34657.5 29771.7 33373.8 21151 10875.9 53270.1
453645 87770.2 68828.3 75918.9 42903.6 46423.8 35744.3 21785.4 55509.9
420436 25401.1 16190.5 44623.6 12551.3 15168.3 15004.5 7506.43 21270.2
462322 118516 45350.7 25764 16330.7 15959.1 12739.6 11154.7 28432.6
493522 18567.5 44310.1 29037.4 22364.9 27111.3 42727.2 21361.5 56668
448113 104356 75888.6 46283.6 37383.3 30053.9 29203 14412.5 32653.5
443592 99346.2 49211.2 59100.7 21659.8 18127.4 15481 9824.4 26275.8
475075 184321 42098.4 35369.8 26162.7 30893.5 45103.4 20554.3 49662.1
430387 68367 45599.8 16927.2 6581.42 11501.7 10490.4 4560.99 18750.5
457287 55235 53343.8 22418.3 17120.8 15157.5 20547.6 15130.8 33987.4
431927 117388 23555.1 41029.3 23261.5 16090.7 17014 8129.54 31796.2
433525 43424.2 38430.1 19849.1 18913.3 24968.6 16113.4 9978.14 26235
470296 106599 82328.2 84858.2 47735.8 50786.7 32911.3 15811.2 37490.1
465145 28004.6 23013.5 19879.5 20051.8 20666.1 25454.3 17621.8 44437.2
425043 58783.1 42099.9 21441 12567.8 15265.3 8630.88 7354.75 21657
447325 139012 39763.3 30102.2 11833.5 23287 23523.3 13266.7 38464.7
534092 111609 79817.2 70719.2 54643.1 63688.5 42325.4 36958.4 66714.2
416634 28130.4 17749.2 23303.5 4841.64 8871.53 8622.22 5182.44 16190.7
406152 92297.9 33315.3 30442.5 34331.4 31088.9 25014.8 12833.7 26905.5
549851 168517 71401.7 29204.6 41250.7 69099.7 63382.9 40153.2 77441.3
454278 83465.2 18886.7 18793 11406.4 11121.4 8497.93 6139.4 18972.1
447582 39229.4 64863.4 44480 18397.6 39932.7 27447.9 16204.9 42993
436628 96395.7 35809.2 51687.9 47659.4 26829.4 31788.6 17849.1 39474.7
461856 150231 60080.4 22192.7 14676.4 12903.5 17552.9 5825.76 27153.9
498050 93017.4 38792.8 55761.2 35501 54628.2 44965.5 26340.8 61190.7
481760 97008.8 53787.5 29877.2 14991.7 25425.5 19859 13410.3 49383.7
452598 169173 72271.6 27749.5 23139.2 29114.6 30418 14050 43584.2
450299 38219.3 56303.8 39043.1 17890.9 14903.4 16388 8026 28193.6
437917 77113.9 45832.3 43427.1 21777.9 23404.4 15471.1 10693 25666.3
437496 66023.8 57136.4 19625.6 21515.9 14046.9 12478.9 5452.35 24172.6
407780 31236.4 12792.1 15480.5 4088.92 3942.13 3898.57 1799.38 6209.08
394260 45051.5 28665.5 11231.9 2408.98 4969.08 3651.94 2255.33 6037.59
433718 27497.8 39016.5 44794.4 36078.8 21892.5 23246.2 11415.2 28504.1
463986 162174 51829.6 78217.3 22417.4 42091.7 28135.8 14816.7 43905
475834 111984 35080.8 52126.1 30578.8 24925.3 30312.3 13263 51384.2
500240 207682 83045 50071.3 55193.5 32802.6 27518.1 19474.1 62926.5
448303 66822 42923.7 35909.6 26278.5 27279.7 27412.6 8847.81 25280.5
463637 135791 82248.3 52295.9 24879.5 21338 18517.7 16681.3 46249.8
428428 85005.7 44597.6 29473.3 10735.2 23213.7 21321.8 12927.5 25493.4
433728 46210.2 39694.9 46232.2 13960.4 14079 15141.4 6750.89 19215.2
478175 263014 74658.7 65645.3 69646.1 39902.7 45891.6 37101.8 55899.6
419621 99205.7 36792.3 42508.3 22713.9 19384.9 19780.7 10279.6 26050.8
454146 138637 30504.2 72372.9 27078.6 19110 17414.9 10686.5 31578.5
422026 28945.3 62853 64603.9 27183.1 18926.9 19497.7 7539.12 22727.1
452687 92340 67450.4 64531 47364.7 48976.5 24130.6 19205 33776.3
432976 108321 26859.2 64909 27860.5 30234.7 32343.7 21139.8 48464.9
441456 104880 24738.9 36449.9 12017.6 12022.9 18039.2 5482.66 21973.4
444769 73182.5 32888.9 24895.5 16389.7 16056.9 20239.1 9071.35 25311.6
445646 40973.2 17763.6 29644.6 21150.6 21130.6 17696.2 8305.66 33313.3
462667 72553.8 44490.8 57259.6 21443.3 32834.3 28763.5 17350.5 47978.6
441367 170382 28273.8 30787.3 18008.1 22746.3 15592.9 14699.6 34725.3
455327 53893.6 58633.3 42399.6 25217 27447.1 37161.4 18277.4 54301.7
438132 46863.9 44681 24678 15009 14500.9 14282.8 12878.6 25443.2
451990 184747 35549.9 34242.5 20897.9 20765 15278.9 8794.42 25139.3
489094 209013 45657.5 24755 20850.2 40617 31133.1 19721.8 75260.6
480906 146895 62994.7 40381.4 36632.4 59534.9 52667.6 21856.7 59189.2
548252 154006 49333.4 35415.5 41908.8 48441.9 48410.1 27473.1 100683
482176 52887.1 36276.6 33897.2 35147.8 41604.5 41261.4 16626 45970.5
401271 69930.3 11765.1 29194.2 10727.3 9298.28 9662.41 5636.45 23207
441733 43930.6 87802.2 58628.5 22555.8 31771.1 26840.9 13930.9 35231.2
469490 169284 32123.5 28577.7 23971.4 20226.5 24588.1 7404.71 25676.1
448718 88531 26006.7 21591.9 16665.4 16354.9 21299.5 6866.27 30075.2
473806 72303.6 34536.1 38718.7 32187.7 34797.8 26752.1 13623.6 32166.9
450090 56543.7 27879.8 16034.4 17935.4 14428.1 21790.6 10173.1 41292.4
478066 221254 33766.9 78167.1 34729.8 49963.2 37349.8 20131.3 43072.6
492011 190296 22770.4 26248.2 28340.1 34845.2 30344.5 20990.5 71158.9
467165 52106.1 70652.8 42736.4 12621.2 16032.8 14869.4 7753.58 32363.5
445523 28405.4 19182.9 57146.5 46653.2 51075.8 36992.3 20459.1 44409.6
552383 171497 46285.2 73309.8 67542.2 62459.8 80503.3 33123.2 128373
447115 55389.6 32696.2 28914.4 14302.5 14053.2 15315.3 7962.55 30721.8
474344 89928.5 74333.7 43841.7 19786.4 20075.4 27119.6 14581.5 44198.2
435344 59651.5 42168.6 32376.6 24010.7 17014.7 25167.3 15367.2 41302
540480 229034 80282.7 60307.5 49200.1 48320.2 81776.5 35780.9 98259.2
450101 141446 18436.5 25692.2 13603.4 15220.3 20418.1 13777.4 38973.7
474097 122935 49997.6 73550.7 34227 46601.4 29315.3 14310.2 37619.8
460212 72380.7 36537.1 37022.6 16246 21430.8 31131.3 11820 37286.2
445089 86309.4 76629.1 50133.9 23975.6 21484.6 27674.9 15837.2 36294.7
479357 75356.3 70334.5 68938.2 31043.3 34716.2 40017.7 20266.1 51203.3
411938 72341.7 35919.8 37519.6 18403.8 18612 13054.3 7580.38 23176.4
470487 113794 27218 60624.6 53058.7 38871.6 33945.2 16266.8 53148.9
480667 72332.4 59206 49828.1 25610.6 27713 22785 12136.6 45113.8
481556 160164 63085 39156.3 29175.9 43010.6 74218 31213.4 47638.8
439553 102166 28158.2 43461.2 46904 32893.6 29746.3 11175.6 40617
497895 98359.6 55327.4 35716.5 44381.8 26327.3 28393.3 19779.4 63094.1
485444 99906.1 68748 36685.6 21546.7 29594.1 37492.3 17200.2 47080.9
451649 91168.3 38340.2 40577.2 18354.3 20037.5 22643.4 12850.9 42736.5
467508 116091 61104.7 20583.9 23014.4 17026.6 14155.7 8925.92 38040.3
486465 313070 79364.3 56889.8 27366 22547.7 37705.1 15168.3 40874.2
485073 343958 66249.9 28307.2 23829 31126.1 26694.9 15083.7 48012.5
429934 83300.9 23540.8 25632.1 12422.1 19459.8 14824.9 6861.21 29455
433251 58465.3 36500 16678.6 8699.78 5444.72 7869.42 2958.45 14685.9
501119 95049 35895.8 25159 19499.3 25184.4 14593.3 7051.33 27223.1
468417 106055 58702.8 27313.7 16074 19903.5 16082.3 10374.8 38707.9
463555 107962 51460.4 43192.6 19657.9 20102.5 24016.1 11572.6 37614.2
429044 293283 52857.9 20249.1 13007.6 15155.4 16462.5 8229.75 20461.6
508241 231509 28292.2 78984.1 29619.9 36583.5 45188.8 29044.9 79088.4
527794 204555 131729 87555.8 76540.2 66775.2 68362.6 39095.6 97560.7
447683 116406 48525 49231.6 18365.9 26035 27629 11667.6 41060.3
466537 105872 45182.5 22654.4 20781.7 23251.4 17741.7 10520.9 40624.5
488405 127559 62865.2 34705.2 27669.5 49575.5 30072.5 21294 61970.3
498767 481776 43819.5 35491.6 20133.9 32696.7 27917.3 17612.2 47775.4
440637 118263 42350.2 33870.5 13579.3 24209.2 20244.8 10364.4 31103.3
529486 133636 42939.1 25413.3 20508.2 19068.6 18215 14535.2 55904.3
453101 431935 26827.2 39220.6 22890.1 21383.4 16990.7 10443.5 31603.4
473858 117004 71906 49546.1 40840.8 28723.4 29410.8 21777.6 46156.5
484364 242310 151248 52290.3 46091.8 54168.6 52657.5 22208.5 44869.9
457850 50461.6 17673.8 50608.6 23119.1 14358.5 20339 13990.9 35726.9
425535 34618.3 47558.3 39519.9 16990 37607.3 23031.2 13115.1 38101.5
457237 65971.1 67013.7 40757.8 19257.3 33273.3 24733.9 10263.3 32525.5
471055 201929 20758.8 35200.7 17123 14878.8 15334.5 11152.1 40920.8
442062 97721.3 42735.2 62978.5 17618.4 22824.3 17193.6 8738.21 36547.8
431880 52728.5 32755.1 17449.5 10858.7 9034.69 10441.2 5478.29 16766.1
462422 468185 48490.7 43645.4 12234.7 22934.9 25427.6 10890.7 26214
475653 254306 22364.4 28154.7 21269.2 25660.1 18301.8 14529.6 52408.3
440701 118295 38749.5 24702.9 22914.3 28619.5 37073 20058.8 45815.7
469728 231862 25044.9 35005.1 28455.9 23242.5 18194 11040 38720.7
490409 23798.6 31644.5 44645.9 23848 28345.6 26044.7 16676.3 60644.3
447237 59243.6 59013.6 18340.9 16055.4 11891.1 11308.5 5775.33 24229.3
473168 213535 47473.2 31328 13257.7 27764.5 20417.2 12186.7 36933.3
449958 61309.9 29604.8 15309.6 21038.8 23023.9 24808.3 13571.1 37470.2
461334 172424 27474.1 49707.5 32068.9 23137.5 35739.6 17260.3 46054.3
461693 309916 43254.4 42587.4 13490.9 17309.2 15239.4 9033.41 24438.9
504654 119684 22083.5 63760.7 41540.6 32898.5 37074.3 25189.6 71203.4
464718 70369.1 31382.4 61284.1 31266.1 32648.2 23606 15085.3 47577.4
505491 99883.6 152488 80355.6 56003.3 54969.9 48290.2 19886.7 62673.1
460431 33311.4 52648.5 40269.3 23141.7 21668.2 15039.4 7465.98 31745.7
492018 272789 45678.4 48373 46918.3 34859 46459 24554.6 63622
416629 64844.6 19307.5 46876.3 15345.6 9792.29 13955.7 6863.95 22755.6
453501 29329.1 74419.6 36362 27378.6 30304.2 24509 16542.8 54242.9
403022 27909 22834.1 16142.7 9175.49 8559.98 10685.4 5422.05 18369.7
457051 156561 28170.7 63897.3 13638.6 20895 22914.7 13712 51230.3
466455 79608 35705.9 51024.5 29469.3 28039 28298.9 15558.1 41160.6
462490 88632.9 52734 37941.1 12261.8 13887.3 14823.2 8901.49 28900.3
557302 250787 192597 91772 128149 103203 76364.2 33378 102958
480597 255806 33759.6 30658.5 17420.5 34221.2 22528.9 12597.8 42582.2
492058 109347 70290.5 30486.5 38875.2 30338.2 24906.6 14424.9 36974.4
492425 104576 56821 35131.6 22663.2 34438 47713.1 20966.6 52477.8
450094 227397 8828.84 35065 19104.7 17051.3 14907.5 8140.83 30494.8
449929 156488 80888.7 27599.3 23850.5 24481 16898.4 8142.19 26545.7
451370 84091.1 60563.5 56458 36418.1 31524.5 21207.8 11610.6 36803.7
489565 171332 44574.3 41884.4 19371.2 22345.3 25235 17750.8 61486
442975 37923.4 42964.7 38162.7 39738.1 32317.4 42954.8 16245.3 50670.5
520660 183318 83018.5 48159.2 31660.1 39271.4 43246.5 24032.9 67656.7
453711 186115 20673.4 36952.5 37616.7 39804.1 28877.4 12869.3 42445.7
422026 28945.3 62853 64603.9 27183.1 18926.9 19497.7 7539.12 22727.1
425727 129672 43675.5 23569.3 17344 23168.6 17802.9 8030.58 19172.5
442774 113156 51080.8 47099.3 32317.5 23151 14093.5 9511.44 26686.3
444103 47229.4 60524.4 29118.8 15579.6 26774.8 18393.5 8126.63 27772.8
446243 128786 22029.5 35756.8 25047.4 25007.1 15355.9 11679.5 37274.8
495420 340690 43160.5 28625 22445.3 34386 28655.8 20236.6 45436.9
435171 124902 32021.9 45266.4 25132 17104 16360.7 10894.1 33498.3
438943 110469 22445.4 49715.8 45634.4 25790.2 21187.2 15469.4 35156.4
493974 135288 54596.7 54142.7 42947 66937.4 56915 26717.8 98628.7
471586 54550.4 26758.8 22257.4 20231.9 25551.3 24028.5 11353.6 51194
450857 73861.7 8984.77 30191.4 17675.8 18825.5 12032.8 9903.78 35974
508099 69851 71546.6 49525.9 26254.4 50505.1 36983 13608.2 65795.1
546850 109350 48053.8 58178.7 53002.4 52215.8 59577.2 39134.6 122771
435568 52707.8 29756.7 23815.3 14334.8 15720.1 12980.5 6654.78 20576.8
487371 270585 68169.3 42472.3 42714.6 26570.9 34960.3 25648.2 59840.4
444695 136929 56273.3 49946.6 31923.1 29022.6 28973.3 14024.5 34555.2
532055 179506 63936.1 33102.4 39413.2 42970.6 43588.3 21132.3 84673.3
482707 198397 55123.3 40109.2 22864.9 32562.5 17860.3 10215.3 35619.5
528066 126268 131495 43725.8 31965.2 56071.4 58356.2 33016.5 106604
397022 52126.8 16823 12570.8 12408 9034.72 8181.03 3161.81 11636.8
393102 17614.5 10627.3 12404.9 18475.4 9739.17 6552.92 4135.91 20180.7
468015 50605.6 26386.1 31847.4 18797.9 25583.5 22362.3 10472.6 47123.4
450924 40492.1 78402.5 42421 26751.7 33263.3 25721.3 14641.6 42840
493425 86460.8 102787 74794.7 43117.4 36042.8 38826.5 23675 55500.6
469598 94843.3 33582.3 46422.9 66923.1 60854.3 34438.7 25398.3 56540.4
486052 110115 46724.2 67638.3 37501.4 23043.3 37482.7 11830.8 49689.7
487206 319617 42152.8 46822.1 29948 35131.6 37798 25876.4 65486
450713 225844 71513.4 34084.2 14798.8 17650.3 20125.5 9739.32 26506.7
447940 64108.9 35514.7 34117.4 45804.2 37958.5 29894.5 18541.2 50008.5
521420 58084.1 120846 105043 115176 77275.9 72072.3 39077.1 94741.3
522764 192457 33684.5 32172.7 28616 23526.2 24816.9 15949.1 67898
462939 100616 28706.6 14432.5 27338.9 15646.9 23993 11271.5 50144
498904 154654 149152 114633 64184.6 52686.6 67448.5 23703.6 61161.5
438313 64614.5 34817.7 21780.5 10699.6 11560.2 7170.41 4332.23 20144.7
470094 46498.5 48812.9 15586.3 13467.3 12355.5 15522.6 10132.2 29582
464721 115119 103409 47326.3 55221.7 65348 35201.9 21516.8 56598.9
411966 30025.4 50991.7 21199.9 10072.3 8259.68 7734.69 3840.76 14734
495201 340839 42238.1 66398 52287.4 41728.3 37994.9 18961.4 57205.4
520400 134445 29902.8 57029.6 47318.5 38589.3 57209.4 40190.6 103767
462082 129998 46301.5 41338.4 24462.1 17824.9 17916.2 12431.6 33494.8
432626 97305.2 31948.2 17884.8 18757.2 16677.1 16660.8 8625.55 31435.7
450536 149355 57711.5 65498.3 41376.1 34012 35888 19066.8 46298.6
482890 127209 47688.8 23381.1 41448.7 28830.2 21199.2 13201.2 49877.4
484258 128076 105748 119506 41139.1 85454.8 54106.7 34907.3 77604.3
502960 303168 46685.2 68735.8 48449.8 57644.2 54971.5 44524.3 73622.7
465176 58097.4 61205.9 42293.8 36096.7 39303.7 29262.2 21172 61242.3
445274 102299 51446.3 38184.1 17261.7 21588.9 13999.8 9781.5 21046.5
465052 60062 27159.9 42667.9 26940.2 28099.6 22437.5 9610.43 44228.1
465231 159624 90646.3 30822.4 22887.4 15231.6 15841.2 10426.1 30147.8
497696 222774 20042.2 57640.6 50270.3 68785.9 53415.7 22890.8 77029.8
473202 69630.3 41897.5 46689.4 22841.9 21327.9 25977.6 13045.5 47979.3
439599 82616.7 18736.9 21568 16187.7 12967.6 11684.5 6383.89 25782.3
493636 119679 133160 48851.7 59999 41583.8 52844.3 21040.9 50686.9
501541 96647.8 85029 95288.6 24098.8 32294.3 47384.2 21181.4 56061.8
431313 62068.7 28738.6 24869.1 26772.2 27179.7 23537.2 10767.9 27750.2
471184 112597 89662.5 36924.2 49171.3 42425.2 31844.4 16723.7 44952.6
442825 107230 76687.2 70479.3 34254.1 35304 30189.7 13032.6 28278.3
462923 93412.6 52606.3 43682.7 34008.9 44019.7 33389.2 19672.8 55595.8
459855 200311 48331.2 54937.7 22569.3 25533.4 19651.9 8553.67 35625.8
456665 37200.7 36594 57662.3 45803.3 34649.7 35709.8 12780.7 49178.7
567311 110784 31982.2 116866 37215.1 57411.4 47282.2 29660.1 95381.5
477077 152793 24219.9 19377.1 12455.9 11225.4 10320.8 4745.77 20756
481238 40106.2 71963.8 76692.9 48428.4 30311.4 29350.5 14868.1 51010.8
494745 131272 17500 17144.4 23107.5 13137.5 13444.8 10266.4 33528.7
505511 72121.9 51613.2 99697.4 70748.1 68014.1 56363.3 47277.5 101812
456390 100873 54208.5 63107.8 43175.4 56736.7 48478.4 19761.8 50430.1
438037 75079.1 35906.2 33540.1 24527.4 17049 15315.1 8037.31 25589.6
442717 92289 46402.7 45626.2 19713.1 24020.6 26577.7 10473.4 33534.5
465148 89213.9 42483.8 35980.4 28391.6 34201.9 34113.8 16976.6 41711.4
452048 81854.4 23211.9 13438.7 6833.44 5518.39 6741.2 3577 16432.9
547051 252076 241062 136663 45688.8 43947.7 45357.3 22227 68372.9
547865 111139 99501.5 43302.5 37010.1 54670.3 49765.3 30317.5 88423.6
452990 119980 30523.7 24206.9 11561.7 19609.2 23332.1 11657.1 38875.4
483601 106781 43774.1 52867.5 65465.1 54344.1 47219 23452.7 65174.2
434133 32233.9 35066.8 25206.6 18493 14287.4 13070.3 7995.65 40991
422289 69667.1 23379.5 26829.9 7652.49 19592.8 11679.4 9151.21 26246.2
417418 195365 39555.3 9860.72 7390.18 16080.5 11058 5899.63 20118.3
450788 87224 36094.3 36388.1 21736 12739.2 10614.1 5860.73 23512.3
454326 159483 39970.2 35420 21389.2 13626.4 14142.7 4882.32 22163.4
443299 211216 22029.8 28380.7 13345.7 12355.9 11328.2 6950.91 13781.1
475528 108397 102096 56718.1 81851.7 41120.4 37597.4 23788.9 49501.4
426246 78805.8 10687.6 7675.85 6095.79 7895.99 11574.9 7610.51 29014.2
454731 81621 49369.4 35246.2 19625.2 19673.8 22620.1 10324.6 25726.8
456831 59353.8 30079.2 34176.2 34444.7 43017.5 30643.4 23363.8 56823.7
489654 206575 103736 117151 53261.7 59778.9 51518.3 29726.2 70902.9
407922 70413.9 18696.5 13632.1 7343.13 7092.66 6918.24 5305.2 13456.6
438065 44563.6 46969.9 43391.3 26530.7 23323.9 20402 10594.7 35284.8
465992 121049 58713 43947.4 15521.3 15359.3 20970.9 8036.53 34710.4
418659 41729 10707.3 9033.61 12557.7 11492.5 13222.1 4381.15 15543.6
436015 182996 49546.4 45540.9 14728.5 18898.7 19803.1 9094.01 31299.4
502199 264345 86614.9 52579.9 37453 48260.7 42636.4 29812.5 60158.9
479307 230742 58110.1 22868.5 14823.2 25440.7 23834.9 15526.6 48267.6
425649 43138.3 44012.6 26068.8 19656 15131.3 13262.3 6051.69 19680.4
484636 227637 44316.8 31472.6 17076 30819.6 26275.8 12121.1 35738.5
489231 113043 66838.8 93756.6 51057.6 63068.8 35213.2 25543.7 54013.3
448e3 72309.4 72746.4 55027.8 20692.5 19109.2 21825.6 13754.6 31669
494053 64000.2 52056.8 56822.8 43606.9 24081.9 34374.1 17365.3 48335.6
460281 58837.3 54644.7 70466.2 32198.8 37041.9 31234.3 18592 41935
445902 182172 21287.6 24620.5 23937.3 15383 20087.1 7415.11 23206.4
397708 61057.2 42199.6 35543.1 14525.6 12698.4 12765.2 4586.28 16204.4
408178 23672.4 32858 44308.7 21109.9 19431.7 16376.1 6919.92 21800.8
470932 49353.2 32565 30961 22802.6 29658.3 36793.7 18955.1 66350.3
448785 252590 36602 53239.5 29193 48486 40036.6 17264.2 44096.5
415509 60469.2 31596.2 13197.7 7579.81 5914.6 4125.82 1847.43 6503.14
425806 84209 31864.8 32455.3 16312 22377.1 18612.1 12199.9 29742.3
479989 109086 27264.3 22664.5 18827.7 19149.7 16113.9 6877.72 29511.4
454999 149502 18553.7 39125.4 20124.5 21065.8 18682.2 6855.98 24121.8
431879 86805.3 86715.3 32788.5 20744.6 24955.1 29400.8 11978.5 33998.7
483375 227432 76563.5 36017.5 28932.9 31438.3 37494 12974 48834.2
438744 187761 32974.3 31449.7 16412.9 18471.9 15075.9 7940.26 27228.5
425762 32326.9 19845.4 20946.1 6955.72 11312.6 8559.84 5001.05 26263
469421 355130 82220.1 67053 44363.7 38616.4 29294.4 20342.4 38025.6
463638 165246 44275.7 43832 16494.9 30464.8 38158.5 15799 37568.9
441262 109643 34856.6 15916.3 23139.3 14066.7 15500.6 6678.79 31924.5
420511 122101 21673 10365.6 6345.45 7392.7 7641.01 2775.59 15397.2
489935 27077.1 42400.3 30876 21729.2 18259.1 23624.1 16313.6 54144.8
508255 212343 56070.2 71899.5 41893.7 46785.7 35474.5 15670.2 64254.3
482751 92724.6 54178.5 36584.8 50650.4 74933 48542.2 25264.3 68967.4
499369 94133.7 17665.5 51990 31756.5 25427 24591.5 13709.2 59984.6
475232 228043 46639 66658.1 33366 34428 39172.6 20411.7 57571.8
472626 32589.9 83164.6 108341 54139.6 79771.2 53434.3 26348.4 55958.4
434321 62183.1 58968.7 36937.8 22890.3 14542 20765.1 12000.1 29981.7
531888 168606 101958 87267.6 40040.7 56474.2 59694.4 25143.9 77578.7
477022 103942 68155.4 75137.7 31100.4 38295.5 40450.4 16966.9 41663.9
471532 51138.9 47977.5 39364 46538.8 46187.5 43923.7 30562 70920.7
482369 119852 90702.7 23321.9 12925.6 19177.1 15392.9 7602.79 34280.9
441007 98624.2 36299.4 25052.9 19843.3 25477.7 15503.8 9181.9 27566.3
432575 26919.8 19191.3 22742.7 15048.8 14148.7 24445.5 13505.4 35953.7
530207 156609 53408 76984.9 30655.9 33616.7 33440.5 16359 49750.8
458752 343433 97022.6 16909.8 27062.7 20619.6 29230.6 15680.7 50760.9
429433 275270 39993.3 17534.4 15801.4 14267.4 14514.6 7151.04 20648.4
514622 120059 71687.5 92819.2 44190.3 58301.7 62084 33225.9 78331.4
475073 57677.9 43388.2 33325.4 21278.5 24721.7 26413.8 12059.4 41482.4
461320 144106 35912 67703.1 44318.6 69902.9 45046.1 23891.5 52911.1
448785 137605 68120.7 58334 40519.8 48172.2 24648.3 15902.6 36567.9
409061 155263 7933.36 24349.3 18039.2 13416.3 14682 8641.78 15569.9
474547 102051 56239.8 32042.2 21502.8 19005.7 28441.5 10261.7 34371.8
458278 149538 76454.6 24638.9 28762.5 36793 34374.2 14483.3 54380.6
431665 82811.6 52320.5 29542.1 18407.9 24290.6 35179.7 16475.4 40852.6
426689 50491.8 29037.1 21418 8368.65 13402.3 13470.8 5224.35 18975.1
453500 162883 25410.4 40627.7 14429.8 14872.9 17971.7 7538.2 29012
419479 19869.3 36743.6 34274.5 42258.8 14111.8 24701.6 9601.41 29913.4
441057 128210 41255.9 25582.2 17146.5 13650.7 16595.9 9509.83 36247.9
409305 86760.9 31162.2 40997 22066.4 19300 21561.8 8706.22 23193.7
427510 94268 23315.8 12808.5 10614.1 10525.5 8831.97 4170.82 22993.8
489987 145401 23580.6 74658.3 33295.9 28408.8 32867.1 14752.9 43420.7
418416 116244 15606.5 18316 20924.4 20772.6 19285.1 11963.2 30420.1
462035 28445.2 58229 38349.3 20031.9 21933.5 22466.9 16903.2 48104.4
433120 112677 42750.2 21525.2 24953.8 26468.3 25605.5 15886.8 36438.8
397700 28720.9 29331.3 18061.1 21848.5 21384 16984.7 11365.1 23018
421928 21312.1 47438.2 42737.5 11295.9 12748.9 14995.2 8029.69 23819.8
469790 99830.2 84333.5 43626.9 46346.8 23550.3 24993.3 17343.1 34781.6
450975 165456 18793.5 35606.4 24346.8 28181.7 23450.4 10801.7 26223
478033 168389 97147.6 19969.7 21598.1 24895.8 16455.8 10950.9 48593.1
467771 132561 61738.7 42465.3 29727.7 29153.2 22743.1 9836.24 31718.2
441520 61747.8 80241.7 43265.5 19072.8 27215.9 29472.7 16154.3 25691.6
427275 66748.7 96305.1 24940.4 15080 13429.7 15109.1 7509.45 23761.7
427049 59164.3 12780.3 21841 10623.6 18623.8 13704.2 6661.13 33382.4
415946 38874 21857.4 17465.5 14155.9 14285.5 7748.11 4271.41 16987.6
478853 50107.9 51642.3 68703.9 22429.2 17814.6 21902.7 14171.6 50288.2
410811 32195.2 23088.7 20726.2 18648.1 18240.3 16710.8 5529.97 19668.9
441830 99136.3 19328.6 18287.7 12192.5 17910.1 14356.4 12140 31087.6
488282 178262 54217.8 48190.9 30501.2 39966.1 37560 22323.2 45392.3
456515 74709.3 16908.7 20706.5 15702.6 20881.4 30140.5 12328.8 36850.1
566163 159388 38619.6 89917.2 41744.3 43673.9 48831.3 35310.7 78889.7
459175 68976.1 65511.6 13851.5 20445.6 14482.1 15884.9 8492.64 32127.4
517158 189965 19456.5 103059 62321.7 56118.5 69053.1 33069.2 101950
433375 109574 40583.4 21712.8 13326.6 17930.5 14549.7 9698.81 24291.4
467230 29050.6 73706.7 51417 30710.9 30262.2 37938.5 16114.8 55980.5
460314 158673 77909.6 21007.8 21284.4 21174.9 14020.2 12292.4 50283.3
423432 33752.3 27382.2 33619.4 19467.9 21819.8 30647 10783.5 32212.9
436487 63141.2 43837.3 19654.2 24206 21410.7 24208.9 9501.65 36630.1
488820 214387 10089.1 15011.6 11517.4 14690.2 19205 12475.2 60854.6
533663 148164 36287.1 101404 61102.6 56862.9 48154 35929.3 84476.3
458790 117259 48114.9 83314.8 27267.4 20604.4 26823 17391.6 42067.9
505971 68535.3 84041.7 91045.1 60112.4 41630.5 32198 30449.9 61762.3
586066 174666 127190 73916.8 72437.6 55741 92353.7 33777.8 102590
508433 234514 72211.9 53667.8 33366.9 46726.2 36383.1 13250.8 47947.1
518554 132859 127746 92439.8 61333.9 66669.4 52268.1 30475.1 69620.8
408927 57031.7 23641.9 19049.8 7896.12 8206.51 9549.69 4521.2 15163.7
439910 344422 62201.3 68861.2 30854.6 38157.7 26580.5 21221.7 47602.9
469877 47633.5 28478.3 39827.6 16263 31269.9 26858.4 12460.3 36183.3
456081 169634 36443.3 48109.1 21836.2 34100.4 34936.8 16876.2 40172.9
492719 46265.8 47942.9 45153.8 22241.7 17245.7 24413 12084.4 52392
426071 48633.3 24699.6 32994 18949.1 14145.2 17540.2 8967.54 28763.2
461568 106340 34387.8 35024.6 45388.6 32575.4 34506.9 16057.4 47924.1
446427 142909 26235.4 58519 22209 23486.3 18418.7 10858.5 35298.7
612327 495426 262325 125507 49386.1 90171.1 91466.8 54643.2 143844
470297 48617.5 39579.3 25144.2 40607 49876.4 38613.6 19549.2 61480.6
435706 158903 26593.5 24020.5 28988.6 26697.9 21199.5 15903.7 33820
436321 60446.9 19881.2 39701.2 19560.3 22752.3 12601.8 8918.08 30024.4
448279 215121 30610.1 69465.7 13039 27707.5 20053.7 9463.21 25364.7
470406 75553.8 29995.2 45043.3 43232.4 40871.8 35472.3 15914.9 75221.4
467990 151107 36510.8 32307.3 30292.7 24511.4 21490 10231.4 30281.1
464383 121153 32647.8 22343 23624.4 22412.3 22467.3 16668.7 49154.7
480586 90028.3 31476.6 60156.3 33020.9 29089.7 22948.1 11979.3 44683.4
444903 214448 57200.6 21077.2 15920.1 23853.9 27682.1 10991 34791.9
459401 95581.9 31178.7 39340.5 19567.5 22336.5 19290.2 14711.2 40500.9
470559 160535 97048 84624.4 30004.7 38704.3 24318.2 15953.6 42423.5
461857 70135.6 65643.5 68547.1 20665.2 34037.9 28937.9 21648.5 43407.5
407780 31236.4 12792.1 15480.5 4088.92 3942.13 3898.57 1799.38 6209.08
395162 58631 21349.5 18722.3 10870.3 9823.76 11702.6 6560.36 13793.1
458393 68790.4 32296.1 34067.4 11188.3 13571.5 15241.3 4196.37 20907.8
526819 74234 93284.2 70056.5 34419.3 41176 50866.5 37214.6 112693
443173 82087.5 41943 28330.2 28119.7 25551.5 24944.6 11080.8 40242.2
434734 54620.1 25539.5 34679.3 17482.8 26638 21437.5 9034.41 29737.5
473980 118186 55164 82090.8 48289.6 34185.3 34310.7 21745 44063.8
458105 136666 55796.3 73471.3 23279.9 25375.6 19311.9 8245.28 30273.8
472229 57524.7 87345.5 32146.3 52822.7 40973.1 38124 17187.4 52935.6
520616 179697 66949.7 57228.8 70712.1 51695.2 53613.5 29368.1 64860.1
389368 50786.3 8264.85 10761.8 3960.97 5478.69 4424.43 2317.78 15368.3
462486 30530.9 26952.4 34836.9 27684.4 34097.1 19945.3 10960.8 43401.7
401443 78507.4 44523.5 42909 18346.7 9856.15 10406.1 5258.74 14053.2
483840 192462 42366 76285.3 52024.2 44348.1 49321.6 17888.4 57380.3
481420 125599 69207.3 57901.3 36248.6 38348.5 39061.5 24442.9 43714.5
456366 110548 51609 41172.2 34180.3 37973.6 29453 15519.4 36911.7
532724 269660 170861 98817.4 99394 60516.1 55296.8 55630.3 81794.7
488081 214096 71449 50521.1 35446.7 42220.8 41380.6 18549.7 36217.7
429493 192367 44967.6 39400.3 18546.4 16645.7 16724.2 6048.57 16553.8
464541 122098 101939 35208.8 21783.6 26586.7 26823.5 7785.59 29852
499316 115979 28461.6 26189.4 21762.3 17357.1 27561.4 17907.4 57537.9
491715 122806 52921.5 25046.8 19857.5 21214.8 20627.7 10567.5 36421
456830 89301.7 64274.8 51894.1 26984.5 22927.8 32494.7 15471.9 45732.9
442727 57948.1 45242.9 26485.8 21840.7 20504.7 24037.9 9250.94 39833.6
449253 75551.3 54639.9 26708.5 25680 34714.2 22672 11121 52436.1
459227 161047 49073.1 39998 28349.7 24900.1 21050.1 9361.34 43694.4
421738 69399.7 29277.7 22485.5 9682.56 20182.3 11275 5803.45 20064.5
484792 63089.3 100772 75100 18682.1 36065.7 52110.8 25466.4 81490.6
449695 125797 32802.1 29285.5 17507.4 24274.8 17607.8 10046 41474.7
437400 50693.4 22780.6 27139.9 18760.4 23389.8 33699.2 14734.4 37037.4
452107 100326 24696.9 46178.2 16189 17076.5 17658.4 9968.15 29714.9
484784 79803.1 34475.2 35022.1 16377 21498.5 19377.3 10258.4 37675
436650 164205 39833.4 19219.3 15154.7 18188.7 16700.9 9426.55 30398.4
482588 52992.9 44180.4 41024.3 19391.7 23638.7 21787 12622.4 41403
484978 47046.6 38361.4 93913.6 62802.7 42301.5 51235.8 25463.5 79759.3
475371 59840.6 73531.1 35170 33924.8 29034.7 39879.9 18286.8 55502.2
493934 234126 73871.1 54169.2 46278.3 38302.8 49541 25981.6 56962.1
450470 110488 59162.2 54058.6 19770.4 19962.5 23482.3 10795.9 34027.2
473274 140487 63987.4 37624.3 31845.3 46997.1 22940.6 19888.3 38980
501974 57557 135988 67489.9 27522.5 23018.3 23906.4 19596 52765.4
451039 20982.1 71536.4 50771.4 19232.8 18930.4 21033 10380.7 33767.6
481970 92204.7 80052.2 36449.3 24730.9 31353.1 28535.7 15562.7 45039
470948 120991 35108.1 32078.2 8660.27 11298.1 13228.6 7250.98 24174.8
484749 288768 45748.4 58268.5 26876.2 33041.8 30518.3 12482.3 30713.9
502460 148575 53582.6 84248.9 80344 76637.9 62168.3 33528.1 73921.4
433072 58291.7 11916.7 34674.6 15735.4 19150.3 14413.5 6026.36 21046
472334 104274 41706.4 52753.3 28112.4 46977.4 70879.5 30523 59404.6
437107 160568 40440.5 45024.6 23505.3 17425.3 15921.7 7299.63 23394.9
464454 99336.5 42581.6 45296.1 29491.6 28204.1 27257.7 14099.9 38348.9
417562 228642 57293.8 45923.4 20274.9 18800.3 22028.3 8168.88 24946.7
478118 200102 86349.7 55985.8 85175.5 36562.2 40635 20942.1 39519.7
448614 134958 38034.9 45199.2 25138.7 36454.7 37589.2 18145.1 41526.7
465586 289728 31361.7 43969.6 21884.1 21539.8 26979 16074.3 44143.9
454193 42833.2 31868.9 55189.7 21147.4 32305.3 31910.1 15805.8 40897.8
402323 68422.8 31753.1 20208.9 13449.5 13012.9 12437.2 6160.34 19764.9
517397 259583 64285 66004.3 50636.3 50645.3 43280.8 17856.9 54418.5
471953 48506.1 23523.1 62488.2 28378.7 36028.4 23834.3 18254.7 45556.9
496516 85347.9 42877 64831.6 50774.5 36426.6 36053.5 17320.8 41216.9
401534 59872.7 14807.5 23928.9 18380 16335.8 9995.96 7004.77 12593.2
503669 200950 54347.8 39646.2 33216.2 28855 32730.6 14867.3 38152.9
461735 97301.1 30082 95662.7 32766 26662.8 29229.8 14129.2 42321.2
448474 723632 31767 80053.9 40325.7 37221.9 38137.1 23907.8 47181
433819 61884.1 47233.2 45637 15130.7 21482.8 18880.5 9354.73 36340.5
467474 207224 61286.7 56057.8 44829.4 36140.4 24549.6 18176.4 34993.3
457546 86206.2 64825.8 65769.4 40429.6 31706 41764.8 31009.8 52491.5
552018 223776 69545 53819.8 26483.6 48987.2 36112 23054.3 85224.5
473572 177084 56627.8 58222.9 56033.6 46093.6 38158.3 17991.4 48871.7
428992 119728 23051.3 47836.1 10952.2 23054 16155.5 8421.05 35033.2
436126 67157.7 38107.5 25951.2 25192.4 36335.2 22920.5 11511 36671.9
427269 116856 15410.7 14414 9348.35 6500.9 7137.2 4702.6 14312.9
428289 134153 25551.6 95286.6 32456.2 27190.5 41350.7 17133.8 34849.6
488692 60241.4 89740.1 71175.8 54650.4 44939.6 40060.9 21895.1 47746.4
421594 57113.4 29680.9 37285.7 13533.7 16915.2 15504.7 9488.96 32179.9
460780 70565 62703.7 55634.9 30618.1 28055.3 31259.7 14246.3 40624.3
512296 229515 87179.1 112946 42332.5 38594.6 33624.7 16020.7 53742.7
437782 305681 65295.6 102559 23856.3 29356.9 22186.2 11465 17099.1
461232 132304 31742.7 35921.2 17955.4 19799.1 20239 12530.5 39770.2
435102 34995.5 28581.2 43161.8 20040.6 19028 16285.6 12425.9 27572
450310 53038.4 41994.5 39951.6 15803.3 28807.1 32922 17518.9 43473.6
411429 93190.1 31343.3 29818.9 16546.9 18397.5 17759.1 4327.44 11613.6
462112 145760 41572.9 36456.4 22367.4 25370.2 22250.1 10504.3 40294.4
463141 165091 40531.9 52580.5 30302.6 44771 27692.6 16126.2 52057.5
405180 57839.6 30142.4 28361.4 14752.7 10241.4 10165.4 4775.34 20030.1
453430 41579.6 33406.5 58816.7 28226.3 23940.1 27724.9 20050.7 40504.1
417885 57837.3 45248.9 30032.5 10267.3 7706.13 5760.34 5043.03 21553.2
536139 38901.2 108130 104348 44738.9 65825.9 44076.1 34624.4 83900
463314 78790 107469 44194.1 26413.3 30069.6 32530.6 19625.8 54773
445791 56632.4 65702.4 47535 21614.6 13018.3 14421.4 9917.04 20347.2
433464 40365.4 48154.2 38543 16076.9 21165.8 20798 11779.2 29701.5
418127 89610.1 13108.6 9156.94 8653.12 6168.45 8783.46 3051.59 13235.2
457509 85245 60008.3 46223.8 33221.9 43419.8 44281.1 24477.2 57846.1
453592 33761.7 34381.6 30338.2 18279.7 22710.5 35138.1 14434.9 45275.9
447838 36238.7 15075.8 42489.3 16490.2 23934.5 15373.6 8880.69 30696.7
415328 91034.6 10317 17728.4 18373.8 13470.1 14853.4 9379.4 37425.2
469244 304594 49347.4 80115.2 40241.7 48654.1 38756.4 16497.2 40227.5
469179 64226.3 24047.6 33843.1 23217 15547.5 15178.8 9010.07 38387.4
