456367 63382.1 28292.3 58596.5 27201.7 29326.5 20076.9 17312.4 38923.7
482016 111869 98632.6 58083.3 21622.4 27815.1 18059.5 10757.5 50620.8
440726 42622.2 23354.5 17965.3 9517.74 11503.7 11717.3 5206.43 20826
398702 81588.2 21280.1 7811.17 11668.7 10156.3 7798.14 3914.97 9231.41
448324 91344.6 77077.6 66576.7 21255 28241.7 20332.6 12984.8 37817.6
432761 119172 26438.2 38104.1 20267.9 28098.4 25987.1 11035.6 35488.6
521189 179950 112969 69737 56484.3 58345 50474.3 38636.4 84825.8
461088 66140.6 95930.7 30940.7 24121.8 35239.8 20961.3 15826.2 39233.1
418297 147023 21252.9 25534.3 12230.2 13193.6 10240.5 6579.24 20851.8
502602 83156.3 61875 112392 61568.2 57872.4 59937.3 32239.4 83707.3
500418 100290 67928.4 48260.9 68151.1 58124.8 46233.8 25569.8 68595.6
473196 207011 106663 67861.8 44204.9 44056.6 35631.4 19143.4 54041.9
496511 86885.4 49391.7 79240.9 20172.1 39183.5 40939 21172.8 55037.6
470603 58303.3 31584.2 69829.8 32598.8 58514.4 33459.3 22414.7 60681
498868 287242 72781.7 75374.7 45681.8 37112.5 43421.7 19686.1 53397.6
476130 99590 96348.6 109296 30537.4 48445.1 41626 14298.1 49720.6
479815 224057 37949.1 47500.7 48221.3 55528 45464.5 28680.5 69075
462689 44182.6 27378.8 19523.3 25219.5 21147.8 13273.2 9782.58 37858.9
446259 40525 54552.2 22918.3 52118.2 21388.9 15830.9 11131.9 30019.7
465657 58135.5 69194.4 45023.6 45069.5 45092.6 33957.8 19498 42862
445049 210879 55710.2 32811.4 24219.9 16576.7 14394.7 8199.09 28115.5
455430 172370 24520.3 32829.8 21327.9 19930 24510.7 13714.4 37510.8
445152 105827 76061.4 38014.2 23058.9 17883.5 16472.3 8599.7 30316.4
455761 169877 101382 28543.9 13070.2 19632.6 20565.9 10821.5 43108.1
458815 98007.4 34572.9 34833 29889.6 26966 21611.3 13959.2 41359.1
474788 133392 53202.2 36499.6 26322.4 31769.6 28221.3 18246.6 50153.5
435664 27430.3 33791.4 46042.5 36276.8 37229.7 34416.3 16410.7 42007
461139 84227.5 23468 25079 9082.1 12835.3 12375.9 8931.54 36863
479523 78269.6 66122.1 43982.6 41097.4 33456.2 32424.1 19008.1 42966.2
430823 88932.9 40327.2 41802.1 16104.6 16355.4 11242 9425.04 21712.3
461286 245264 38245.6 41374.5 17446 16892.8 19725.9 11060 27227
513108 117031 77589.9 38151.2 27413.5 44119.2 34541.8 19063.4 49779.6
489477 104502 30021.8 19648.1 24726.8 26079.2 22025.1 13872.9 32918.7
555505 177131 24039.6 147658 157914 67605.7 88275.5 39585.4 113461
438865 140335 21971.5 31205.4 24544.4 18583.5 13035.9 9121.94 40977.2
467318 99552.2 67760 39602.2 33987.5 35339 28585.8 13484.3 35206.2
479804 74515.6 77020.1 61866.7 42601.2 36226.7 26751.4 17954.9 52631.6
455932 91543.2 43172.8 34493.3 21958.3 20087.5 30867.2 17586.1 42216.7
432168 74510.3 31410 41498.8 15606.1 11613.5 12905.2 5871.51 22437
426966 101857 37805.2 30746.3 24039.8 29341.1 21950.8 11590 21459.3
456868 51919.8 31069.5 44058.7 16855.7 19798.8 20228.3 10275.9 51805.1
466409 269670 68544.8 59823.7 31155.8 28051.9 27806.2 12234.6 39318.6
444484 101921 66095.3 36271.5 28610 35401.6 27549.8 26336 53764.3
420893 87896.3 44904.3 28890.6 19222.4 19065.9 19006 9428.04 25970.9
432878 42347.6 23909.8 45244.8 25861.8 19999.2 24660.7 12776.5 36597.5
457592 102046 39945.5 35254.8 24474.5 32269.2 24466.8 15286.5 37499.6
413515 45835.6 17565.3 23558.8 17850.9 18328 10526.2 6605.89 16831.5
441765 125956 62143.7 30639.5 22227.8 17693.1 15310.1 10290.4 23274.6
475593 96835.2 39806.6 36172 27127.6 22623.8 24448.6 12535.8 43348
460704 168098 54210.8 41893.7 19238 30942 21701.7 10314.3 32309.1
449282 121792 29069.2 31039.1 32780 27944 22179.2 10351.6 29150.9
477107 83620.4 55450.4 60697.4 53371.7 33412.7 30674.9 23674 47083.3
454533 118772 34510.2 21410.6 17290.7 27923.7 17571.1 8381.76 26624.8
416460 134979 35569.7 47898.5 13314.6 24555.8 20145.6 8781.95 23709.1
421045 93794.6 41258.4 30868.2 17338.2 11912.9 10823.3 5324.47 13964.2
427993 68426.7 19315.4 14994.1 10123.2 6444.06 7784.77 7606.59 18401.4
423256 166726 35706.6 33861.6 15914.5 8867.49 12504.3 6466.49 18224.1
452061 68797.3 67105.3 41248.5 36399.6 16314.5 20156.3 13e3 36109.4
402364 20562.1 27921.8 20864.2 8270.41 6627.86 5617.43 4135.61 8188.32
425059 72785.7 34222.5 23605.3 13183.5 21152.1 19300.3 7221.68 24014.5
476942 63804.9 24732.5 75443.6 30351.7 36663 36621.5 15486.9 48737.1
396126 30357.3 30745 9603.66 9415.41 7721.5 7522.77 3500.37 14797.7
480865 94164 43927.8 59108.3 29081.5 50452.5 44467.2 22128.3 68418.7
480751 147918 55883.8 34311.6 32294.2 31039.9 19947.9 15727.5 38694.4
475270 87454.2 30886.3 48986.6 31660 23053.1 28765.7 17485 48024.1
463262 63276 56687 45214.8 40541.4 38271.6 60710.2 28754.3 48731.4
490464 215741 45555.6 39203.8 24292 30394.8 28830.5 15424 47633.6
463424 140943 54110.5 28033.7 16158 18255.8 18070.1 14091.3 45398.4
439177 216541 24058.9 26133 19712.7 22357.1 27772.2 12108.9 30930.8
513195 65622.2 111564 66261.8 50849.9 48249.1 43255.9 19485.7 64470.1
504713 52132.4 50692.2 54339.8 33627.6 36589.7 34951.6 19769.7 66013.9
499101 93470.2 49117.4 79434.8 41581.7 43644.8 52898.3 25478.1 59924
525434 45795.5 81828.3 43085.9 40019 57658.5 63337.7 36356 107952
470259 36755.4 31301.7 26146.2 27109.7 19581.4 26526.4 11981.2 51178.8
443606 72036.3 83465.8 44151.7 26256.8 22068.3 22179.5 11746.8 27204
435228 172890 57843.7 30547.4 21079.7 28910 15845.2 7955.2 27198.1
468065 132320 59088 51585.1 29986.5 32235.9 34110.2 20827.6 47631.7
501577 36060.5 73499.5 62904.8 30131.8 25540.4 29677.4 18322.3 59639
515098 124670 71248.9 50518 22268.5 22193.2 19359.7 10757.4 44372.4
456198 35841.8 27602.8 19962.9 11839 19485.3 22121.9 7936.09 37945
436621 51138.9 49247.8 41838.6 20919.4 22052.4 22141.2 13232 39411.3
523400 154415 68931.9 65085.4 50340.4 60946.7 39107.6 27004.5 65395.1
421850 57471.9 29652.2 17771.4 7365.85 10335.3 11178.9 8754.78 29214.2
457505 211105 48032.8 47747.7 16323.6 10589.9 21398.3 10409.6 33411.2
457110 163293 90344 92685.4 20518.3 21735.9 23565.2 13172.9 31832.8
430786 52419.5 39686.5 37519.6 36327.8 30470.8 20628.8 12961.8 26604.9
433524 45227.7 46845.3 38847.1 10632.9 12243.7 12334.2 5536.64 12814.3
458536 93047.8 36866.1 60866.2 25203.9 58274.8 40700.3 22281.2 60620.8
424227 66868.6 27908.9 35035 14179.6 10609.6 12088.2 6472.89 19148
481006 105505 47947.1 22758.5 21005.9 17890.7 12800.7 7228 29084.4
455175 87113 24802.4 21245.3 17065.1 17639.5 14509.3 8263.11 24155.6
425227 41717.9 12283.4 38354.7 8506.63 11321.9 11607.4 5346.44 29667.7
499018 137082 65585.3 43959.6 45604.6 41771.8 37596.6 19075.6 54235.4
456036 46855.9 32899.5 26742.3 12172.6 24452.7 26874.6 17357.5 53771.8
439775 56026.8 20417.4 67289.9 20724.2 30794.2 24745.3 10927.3 31983
450086 184602 20132.8 24950 38223.2 24701.3 28431.9 13746.1 42820
412865 63779.6 32543.6 39164.8 16056.6 15615.4 15978.7 9250.98 23219.9
414581 43575.6 18261.9 19950 8884.37 10803.7 5803.8 2662.14 10906.7
482320 28609.4 44408.1 28951.1 44769.5 22450.3 35208.3 21838.8 45497.2
457207 251990 18282.4 48336.1 25562.6 17623.4 18367.1 13928.5 33856.1
387992 90284.5 27810.3 25385 5820.38 11304.5 9591.64 3661.65 15010.2
438657 190443 72320.6 41046.7 23786.7 29038.5 29170.2 12969.5 33707.1
495352 95060.9 50467.7 47742.3 21707.1 30889.6 28082.6 13715.9 34853.5
480113 86742.5 44591.8 40125.8 26907.4 27727.9 21301.5 11802.6 51708.9
471124 19074.5 54856.4 64413.3 24618.3 32460.3 36072.4 15635.8 44793.2
415284 65486.7 15695.9 26398.2 18616.2 11686.1 13810.3 6852.86 17841.8
425343 148596 18736.8 25058.6 16280.9 15687.4 16566.2 9162.47 24585.8
480298 230979 75935.3 52144.5 30283.3 29734.4 31049.8 18239.8 42470
463810 633792 74442 45301.9 64365.1 38501.4 30579.5 19216.9 35336
442430 158612 56788.1 58284.2 26368.6 34104.5 32325.4 20837 48554.2
484723 408442 50144.5 37280.7 26484.5 30560.5 41008.3 17256.6 53289.8
473431 114893 34671.4 21079.9 14810.2 18310.6 20991.9 13447.2 43659.9
496529 109786 31378.2 29931.9 22449.1 16618.3 25200.4 16487.1 52468
484806 89188.7 67974.6 46726.9 30620.8 29952.7 27848.7 10963.7 33994.4
455805 89550 17798 34173.3 8433.2 19439.4 24654.8 12439.6 46805.1
498522 461684 50133.1 49865.1 22148.3 30143 30989.9 9876.92 47755.7
485369 131754 105709 67031.5 44084.7 39991 34921.4 22079.1 55836.9
461600 156978 37564.2 40779.3 23603 29525.1 24608.4 11466.9 30012.2
484005 184900 46018.8 49239.8 38507.5 50238.8 39921.9 19410.2 54984.6
426386 39040.8 46552.2 39390.6 28259.2 21518.2 18135.9 8483.26 27475.6
536231 79381 47463.6 50011.8 31382 32262 33776.5 24912.7 72172.9
405605 67041.6 36938.2 21516 13060.4 13053.4 14355.3 8080.82 22537.7
493521 66944.5 31103.7 78359.8 30419.9 21555.6 16896.9 11183.2 40297.1
424513 51345.9 37914.7 36094.2 37626.4 42483.8 32407.8 22975.1 47274.3
533736 162273 55900.1 43761.8 18546.7 26329.5 23907.2 16638.2 60785.9
429666 32540.7 22751.6 33762.8 18814.1 23151 15516.9 11517 37017.1
577327 200719 100100 72900.9 75546.4 104614 91204.8 46772.4 111147
448516 13995.8 40266.2 53179.3 43387.3 32640.1 57729 18626.1 51545.8
454738 158868 71967.6 39709.8 28638.8 16866.4 21635.1 9510.73 28705.6
477221 54255.9 44445.6 77312 49229.5 38550.3 49359.9 23194.2 70609.6
445228 64886.9 30835.8 49443.5 36846.5 17907.5 14871 9472.97 29331
429767 44471 25510.9 38996.2 25376 26828.3 26129.6 12884.1 29340.1
478167 61674.6 62042.7 65061.2 25905.3 27976.4 31374.9 17098.9 47491.2
492713 148909 32053.1 36756.9 37230 46389.5 39770.7 21620.6 61560.4
435932 60431.1 43308.6 30223.1 28423.5 25645.7 18306 21841.5 35654.4
429281 132622 48017.7 25069.6 30103.8 40105.3 21219.9 12263 30536.5
502070 272256 39191.7 43545 21994.4 19092.6 21337.1 8241.93 37807.7
500472 73609.6 59757.6 78138.3 32166.6 28173.4 32438.5 17935.5 51522.2
462226 201672 28245.9 14839.7 7545.99 12515 12147.9 5796.69 22622.3
529012 242018 72781.8 35809.4 46448 51980 51265.7 25385 66527
432985 156030 35692 37333.3 15011.6 16190.3 16163.2 5531.07 26631.6
443431 125798 52263.4 32773.7 24686.4 19304.8 13728.4 11006.6 26331.6
440570 126097 14592.5 37164.2 22953.1 18470.9 23353.9 11913 45318.7
507483 267230 72760.1 34907.1 21371.2 34685.4 34252 13448.6 50215.3
451242 30461.6 39354.8 56320.9 27966 22934 18230.4 8910.16 23224.9
445364 119296 105190 43585.2 23585 26498.7 21641.6 12323.1 27675.8
538600 133861 71709.1 90432.9 77007.4 72006.1 63652.6 37340.1 81148.6
496722 232229 37507.8 38292.9 23743.5 25606.7 26503.3 21045 61978.9
415472 90526.5 19698.4 17602.4 15190.6 12803.6 12280.8 6056.91 33183.2
485663 64019.3 94462.4 30497.9 38208.8 53861 46597.9 23532.7 64790.4
483350 119778 59163.8 62017.7 29219 24954.2 38340.9 21015.4 57935.5
439954 22652.6 40219.4 25614.6 17748.5 28269.1 18668.2 8813.92 30554.9
511546 67731.4 54156.2 70339.8 47670.2 26225.2 36336.4 17459.3 52096.6
458863 177920 45038.3 57801 20485.7 17725.1 17999.6 13683.2 37542.7
472483 90391.3 69029.1 42000.8 22658.8 28578.7 38319.7 18724.5 47625
556626 178784 69089.2 149215 52127.3 58134.1 59720.2 34416.7 85926.9
444849 61840 23266.9 22904.4 21358.6 15704.3 24939 19040.6 39017.5
528402 423199 59812.7 66517.4 41125.6 49395.3 39691.3 28238.6 81443.2
501661 122373 71936.7 76704.6 53275.4 42150.3 36781.4 18161.2 50925.1
423111 118372 30845.8 26497.1 13048.5 13093.6 15582.9 8408.72 24366.4
466535 58018.3 52748.3 49522.9 32565.3 24395.8 23492.9 9368.25 25028.8
444103 90320 69497.9 60158.7 39988.5 43971.3 52919.8 22799.7 45064.7
510545 60211.7 42375.2 58152.4 36515 36568.8 41639.1 19210.6 66667.6
518020 208163 92007.3 72665.2 30663.2 52514.4 53861.9 36777.8 63886.3
536734 233988 87269.3 118348 74509.5 70982.3 61523.1 33541.6 78679.9
432979 65126.2 33424.3 16521.7 18182.1 17078.1 22797.6 9333.18 32699.3
433037 65236.7 48879.7 26769.6 7329.62 16054.6 13266.8 8034.7 29976
412439 53159.8 24239.5 20589.4 10828.7 6851.32 9501.92 6289.41 15280.9
487542 40203.2 67456.4 50861.1 46165.6 37750.5 29299.8 24406.6 68617
405583 32570.5 12928.9 29804.5 15222.4 12693.2 13856.3 5189 22988.9
474727 319948 31547.4 63598.8 24932.1 29452.4 26408.7 13675.7 45890.9
471264 69103.3 27183.4 29315.9 9422.67 17433 18141.1 10017.8 40136.7
553911 549283 49502.2 68220.8 53341.8 53964.9 54871.9 36349.1 103951
468047 80541.7 18517.3 25454.6 18782.9 20384.1 20762 12652.7 45716.9
434046 67412 24512.7 29807.8 22687.5 15822.2 17439.3 9128.29 34480.4
552657 193552 551835 80063.8 48906.6 106221 78694.7 39941.4 97657.2
427485 63854.4 21296.7 46143.6 14326.4 16433.7 25348 7708.58 27344.7
432457 112587 58790.4 102840 22011.5 29578.4 26657.1 13115.3 33845.3
430575 78277.1 70229.2 36114.5 24894.4 20788.6 25898.9 10352.5 37187
464696 125085 20936.8 30648.4 10328.3 10246.6 17872.6 7292.93 41571.5
465797 22796.1 67751.7 58470.8 47798.3 33036.4 28703.9 20474.6 54016
413213 45485.8 75817.2 71162.7 24469.5 21062.8 21814.6 12392.9 24833.8
501888 68428.3 39293.8 45630.2 20379.9 34110.2 31704.4 18440.8 56301.4
429153 100248 17322 50709.7 16086 11999.6 14603.3 5571.39 22374.4
450873 275941 29292.4 26528.3 16599.9 11746.5 13579.5 6146.91 23274.9
457919 81585.6 48909.1 35799.2 26508.5 22806.9 17424.7 11402.9 32789.2
470397 60661.1 52043.7 73881.7 43224.2 40384.8 41312.9 19208.3 62025.4
495144 32661.4 134124 113111 35553.9 36239 34045.6 21808.5 61816.2
499930 124312 121801 37404.9 25501.7 34752.7 29153.4 16162.6 54272.2
501605 276505 35672.9 104216 48741.4 42266.1 43203.3 18952.3 53443
434427 114841 27704.8 24543.5 33704.3 19014.4 18569.8 8637.16 19669.5
392041 28008.8 18806 23385.5 25973.4 18794.5 14978.8 7686.71 27132
398020 46885.3 17774.7 14207.6 8398.93 9321.96 8354.76 5369.48 11672.3
498360 165001 32426.2 40747.8 29546.6 35564 28574 16612.4 59117.1
436072 189379 38041.2 70682 44745.6 34933.3 22848.3 11549.9 22573.2
442227 89373.3 13937.3 56704.5 26106.1 19789.8 34609.4 12217.3 48461.5
478686 76609.8 72293.5 42304.1 21446.3 30937 31731.9 15586.6 49020.2
452108 117929 11500.9 36611.7 21540.2 33928.4 29202.6 11885.1 35778.9
407896 28840 14766.1 13774.2 8571.22 6466.82 8589.3 3648.39 14274.3
417882 262580 34762.1 19914.5 15171 25430.1 14194.5 8450.08 24776
471165 125276 36998.9 51293.6 28739.9 35855.5 31549.1 24583.6 61920.3
528142 136253 69115.2 63465 31818.8 38023.4 35591.5 14176 49307
494645 78471.1 26864.6 39137.7 51023 62775 39390 32696.7 62853.9
426039 48080.4 30292 28482.9 12155.1 12886.7 13973.5 8140.22 23687.2
483173 391995 49146.6 63457.8 25610.2 27654.1 28915.1 13521.3 44826.2
467285 34332.8 58297.1 36942.5 15287.9 26857.5 13774.3 10556.1 38765.5
490177 221860 33809.5 80254.9 45817.7 40569.4 33571.1 16286.6 38532.8
413531 14242.8 42432.5 22855.3 24009.7 24377.5 18953.3 10582.5 32121.7
473869 103487 39869 44875.8 30231.9 24379.4 21043.3 13205.5 37288.5
434190 41746.5 36767.8 45908 22395.9 22820.6 24488.3 9238.62 22469.5
452361 175419 41533.3 32492.4 20135.5 24871.3 27970.4 7631.26 31986.8
462442 95470 22888.1 60170 10548.9 21814.6 14224.7 7473.85 22493.9
448981 149898 12092.7 43563.7 11655.7 15719.7 11552.1 7315.65 27515.6
544004 223146 86369.7 73183.1 55952.4 40299.1 42927.7 20985.4 88909.6
522476 251212 70979.1 100330 48565.8 69466.2 49854.3 31050.7 81408.8
480971 122642 45164.5 42821 35285 24792.4 35085.5 19199.4 39659.4
441453 64266 43234 11905.2 21486.7 14025.4 13283.9 6228.04 28825.3
458005 124241 41319 55186.4 28922.9 49259.5 32091.1 22103 47864.6
425674 184949 20916.9 22840.8 7574.9 8194.11 7693.98 4541.18 16978.1
479503 88993 70068 34390.4 20857.6 25972.3 19644.5 11016.8 44987.4
430663 139102 40103.5 17917.2 14011.2 17363.4 16308.1 6952.58 28398.2
477009 84133.7 114819 73592.6 36933.3 63906.8 47706.9 26079.7 77074.5
463126 77596.1 36726.8 43134.9 16809.5 18554.9 14803.7 6382.21 36835.3
432786 117885 54583.9 15244.6 7612.16 18778.5 14504.1 8004.23 25494.1
444419 142336 72020.6 39194.6 38343 22252.1 32190.3 20589.5 51506.2
452800 29880.1 29912.2 43097 25968.2 24281.7 25258.7 10969.8 40130.1
433153 58502.2 34572.2 32122.7 19238.3 16521.5 19864.9 9040.1 21910.1
574625 335337 38320.6 104080 31813.9 77456.3 45625.7 31953.1 98731.2
456941 67392.8 17643.2 24002 14122.7 18909.5 19763.7 12167.3 38212.5
457154 108139 25878.3 47727.9 20220.4 19289.5 27038.7 11610.6 45431.1
407641 92892.7 46362.5 23677.7 22076.5 17701.9 18823.2 10537.2 22513.9
496335 251922 22494.2 52642.5 68013.5 68210.8 60362.8 28355.2 91010.5
396222 93945.9 32957.7 29318.7 6978 16566.1 11679.2 7977.28 15014.9
478547 177262 49315 27048.6 31872.3 24597 22774.6 10832.4 41958.8
450185 56658.5 48257.8 38409.9 16817.9 21237 28284.7 12438.8 34642
432308 71428.7 30714.2 18753.6 13748.6 21578.5 15542.5 8453.54 30089.9
590371 234538 201747 85238.4 83395.9 66093.1 92130.6 48236 137682
499179 100185 20847.9 53864 28913.1 28238.4 33360.8 11798.9 52136.6
519914 265325 83657.5 53931.1 27582.6 45160 40529.6 24854.5 72520.3
440962 82042.5 46400.1 32720.3 14008 15245.7 21516.6 9127.56 23561
475916 84969.3 86166.2 121904 41759.4 71245.4 70029.7 34910.5 74713.9
441366 54241.9 23891.1 14095.2 18236.1 21157.8 15284.2 11469.9 48361.1
519915 209607 74077.7 31684.1 48224.2 26387.8 31878.8 23371.9 64367.4
467469 153934 84803.9 41180.8 38641.1 32740.1 21083.4 14600.9 39034.2
474992 141548 47929.8 76158.4 25836 34784.2 30322 20922.2 47783.9
370952 23612.1 28044.5 14162.2 8527.66 6422.39 6289.91 3559.35 6521.23
448465 54146.5 33889.7 62068.7 24284.3 23850.4 21534.5 12801.1 40019.2
504766 79675.6 80372.4 80142.5 44951.2 42261.5 44992.4 36057.5 65523.3
470462 33871.5 42146.4 19905.3 7641.79 17204.6 14683.2 8294.19 20438.1
509982 153550 63403.1 53886.2 40210.4 27824.5 33988.9 20641.9 70723.8
467474 123500 47776.9 56612.4 41587.9 31663.7 39620.4 18967 49798.6
493108 177462 80254.9 58539.3 46408.4 38791.9 35827.2 18117.2 33793.6
424343 44467.8 39953 47739.1 27710.6 37678.9 26664.7 12529.2 41761.3
506632 174407 60334 166633 71869 58714.2 47718.9 24397.8 72487.3
446402 67957.1 29459.3 31150.7 19272 14613.9 15252.2 9618.3 28577.4
434965 135761 38802.8 34158.6 14031.5 17097.8 26579.5 6564.32 29018.8
484540 96472.8 62132.1 38262.5 13186.3 14765.6 17345.3 10754.4 46563.6
455993 152173 53110.8 26870.5 22685.9 30510.4 22219.5 17287.2 32970.1
467692 50598.8 24572.3 30204.1 23527.3 18119.3 17542.1 12505.1 35339.9
525181 89879 87325.8 56118 82249.5 70635.5 56014.5 33371.4 88526.9
507112 270697 78953.9 26228 32525.5 29995.4 30359 16796.2 76293
412673 86771.5 37724.2 27645.8 20608.2 20049.7 26430.7 20407 30932.6
431009 122940 68843.5 41116.8 30177.2 22376 20957.1 11258.6 29767.9
500873 114139 23424.4 41372.6 33653.6 43754 25484.3 19052 59218.4
500396 141848 87137 52264.2 73646.3 53805.6 51536.6 23048.9 62183.6
427397 62451.3 44694.9 20515.9 26355.5 16627.5 15722.5 8645.37 30616.5
447805 149199 57878.5 23418.2 28728.3 34513.2 19600.8 10277.9 27174.8
467140 98366.5 39301.3 35679.9 24150.8 29341.1 31108.9 14675.4 33551.2
417400 163501 29290.4 19227.9 13748.7 17466.5 19143.4 8988.59 25106.5
418285 48187 45856.1 16334.8 16421.4 14672 16729.2 7920.83 29956.3
470276 154085 48979 23847 39149.6 25350.6 31077.3 13870.9 50726.1
443168 116514 38909.1 40267.7 12337.4 20518.4 17491.2 9197.82 36029.7
459031 29995.7 35041.6 24754.5 21849.9 8666.98 14337.8 6397.2 26849.5
525435 106982 103610 114912 65876.5 63022.9 61668.5 45740.1 109825
464285 119123 94007.8 46191.9 27245.8 21032.6 26997.1 14250.3 49512.8
454866 102395 36401 35568.2 18346.9 19862.5 13623.4 9079.92 25496.5
477704 64764.7 62780.1 72445.3 34731 28321.7 39829.5 22303.2 55819.1
538227 321664 37098.5 77675.8 34834.6 39228.4 26666.4 13553.3 54766.6
463001 77688.9 75246.8 12659.9 24854 19295.7 15824.1 9287.47 19634.2
555960 102993 19574.5 25278.6 12348.1 19050.4 22803.9 14845.3 69620.7
444734 53371.9 43633.3 22152.1 10919.9 12216.1 9166.35 7755.96 23234.5
438720 87596.6 73525.3 63960.6 34565.7 31118.2 30216.3 16153.8 30261.5
474754 248229 42145.8 29792.3 29721.6 25565 26219.6 20733.2 48122.3
487722 62419.1 59813.1 57225 62452.3 45947.5 37171.9 20769 70773.4
445537 85467.5 56355.6 48319.3 20933.8 29231.2 18502.3 11835.2 24072.5
437028 163903 65918.2 59350.6 34801.3 38174.7 26337.5 16228 32366.3
483088 82166.8 34640.4 39081.6 58404.5 43185.3 36595.6 18196.5 57834.8
435080 77419.5 39038.9 27188.5 15808.3 15989.4 19113.6 10471 36220.7
467040 161128 37074.1 84162.3 22038.5 33534.2 34558.8 16727 45698.4
467907 270765 95265.5 68744.5 40865.8 40832 46968.2 18269.4 54264
428247 60165.5 26593.9 36709.6 19898.2 17057 19102.1 9292.34 28882.7
444679 234948 66397.3 50679.4 30871.3 41758 27743.3 16509.7 41277.4
453025 103337 28223.5 27709.2 28715.5 23165.1 16346 7567.27 25825.9
476365 160435 100324 86402.3 27893.5 26505.5 27435.9 15968.7 36773.5
450528 75924.7 45289.4 32416.4 45585 31947.9 27429.4 13029.6 43233.2
479983 112449 49680 57889 44292.3 49920.8 42857.3 20897.3 58074.1
470046 188755 38449.3 24723.3 15126.2 29262.1 19409.7 14833.7 39618.8
499604 232545 67655.6 62325.4 40967.9 43703.4 33911.8 19334.3 49310.1
471086 134715 19816 22893.6 20680 19767.5 14830.5 9502.37 34792.9
542929 64055.7 152962 86737.1 39332.1 29221.5 55876.1 26614.9 81710.2
479928 110788 34249.6 27889.4 16912.7 14295.1 14043.8 10933 44867.6
513488 253839 70027.4 48932.2 61279.8 52029.8 63618.9 28559.5 67898
429479 181624 47283.2 24239.5 26521.4 19842.3 21615.7 14064.5 30746.2
459238 56096 97455.6 76763 31897.6 35156.7 39480.5 21428.7 49541.1
502648 63455.9 127281 80789.3 31145.1 29143.9 29905.4 17718.1 56513.9
473859 197915 112782 72697.5 51655.2 40205.1 50198.1 26096.3 57132.1
423493 24314.8 56726.1 30434.5 15224.1 14897.3 14217.6 7732.59 25791.5
448773 168615 39128.1 39518.9 26760.2 25948.4 21655.4 7418.63 38536.9
451422 170161 29563.2 45967.7 22753.8 35419.2 27301.4 12653.6 31454.9
458137 71441.9 64786.7 17775.6 17252.6 17003.3 21028 11945.4 32337.1
514754 270568 36677.5 87857.2 65468.2 57964 43174.5 27418.1 78155.2
444837 70813.7 37779.2 30181.5 11984.4 14762.8 15463.9 6794.89 27388
486880 70819 39038.9 52758.2 53817 50072.9 50597 26201.6 83261
498923 105179 113242 68860.1 48335.3 45794.7 56567 21951.7 69916.3
482660 198596 53336.7 64972.1 33668.1 25646.3 21945.4 15918.1 37313.3
452741 194460 47425 84647.4 43846.5 37959.2 26220.8 17179.9 41305.7
407509 35060.4 43896.7 31177.7 14994.1 15292.5 11554.1 6800.56 13911.1
480557 84845.9 32785.7 35516.2 19250.9 30278.7 24578.2 17699.3 63142
460498 126639 30807.8 63063.5 31693.3 64995.3 41356.5 22865.3 52103.8
421524 109401 39857.1 18688.7 7614.58 8608.79 8989.12 4224.47 11732.6
460739 71922.3 41964 44380.7 24898.3 38522.4 28619.4 12449 43043.8
452105 181208 63315.4 41235.1 35053 45778.4 29757.8 15385.1 24573.8
415812 86213.5 37118.7 42843.3 20621.8 20029.9 15444.1 10781.3 35260.2
414087 22768.3 38256.5 10218.9 7760.92 6533.89 3817.68 2404.71 10700.8
451465 80674.3 43112.9 35283.3 42227.3 45178.2 24720.5 16281.6 45389.8
435256 57480.1 62830.2 53594.6 15129.7 27281.2 19089.9 12546.5 30755.2
431277 128820 67729 48784.6 13457.2 16461.8 16292.5 10165.6 22801.8
411154 58570.9 13527.9 16902.2 11832.6 10939.4 11209.7 6077.1 13312.9
459250 94800.3 62104 28680.9 28798.3 30167.3 17751.1 12335.7 33673.7
556914 292384 131579 100502 87678.3 86246.2 101768 60177.7 127799
460126 65939.8 34761.3 29723 18749.8 19192.6 20366.8 9898.69 44492.8
434667 95642.4 44214 29107.1 24370.2 24104.5 18962.3 13082 25652.5
525695 177416 122796 134838 50712.8 56649.5 59386.4 41432.8 73032.5
486284 220496 43289.9 52645 48293.8 32875.8 24471.6 12838.8 46517.6
445593 38296.6 63197.4 44579.3 30207.8 29629.4 35907.7 16506.6 41365.5
492642 176434 51213.5 40960.2 25918.5 21790.9 25640.5 13102.8 46394.4
461993 59910.1 78329.4 91415.2 46936.6 31500.8 23771.1 13028.7 51182.5
494565 127975 50173 95778.9 39435.9 39033.3 23952.3 13801.3 32301.6
442212 97629.8 99978.3 66735.6 17611 18265.5 17335.9 9889.28 22068.4
466404 99618.7 32030.6 27668 9378.68 10078.4 10515.5 5538.07 19245
553014 83524.2 58289.9 117247 65948.6 58314.9 80196.1 46587.7 106131
458150 91294 19290.9 37178.1 36569.6 38717.7 31063 19089.7 50806
482802 77454.2 60803.8 45986.4 21759.5 17240.2 27779.9 13552.1 45309.8
463606 235920 77909.7 43260.3 26204.7 23039.2 22185.2 14780.8 39303.7
424944 72047 14939.8 60723.6 18677.4 26774.3 27827.2 19840.9 52525.9
496382 170908 215935 91909.3 49084.9 54517.8 61635.2 23419.7 77643.1
455050 142546 60592 47772.4 13229.5 16076.3 23309 9642.54 28894
498578 193885 47263 48377.5 19197 33637 37131.2 15268 49015.6
469707 41112.3 12650.9 13128.9 12305.2 9610.07 10349.4 8043.71 29277.7
442956 101858 67386.5 44515.3 30798.6 34450.1 33191.7 18239.7 50219.4
478332 117820 38415.2 73029.9 27330.3 31142.6 38699.4 17794.5 57587.8
468099 180619 25703.8 53995.6 24145 42470 30584.3 18028.1 40833.1
498054 141835 75667.1 62631 22929.5 67038.9 30168.5 24193 45745.3
453546 80296.2 25657 14394.5 16494.7 20788.6 20110.8 9771.68 56665.2
439493 93930.2 53325.5 43814.4 21900.6 22e3 16369 8543.35 26957.3
538913 109893 62082 65512 60872.8 50529 49183 33565.2 87038.1
423312 11489.8 49518 44539.2 22277.7 19602.7 18960.1 10729.8 26767.1
469467 66132 35873 25666.9 27063.4 16330.3 15308.1 7700.58 31505.4
427272 61142.7 13058.7 50199.3 25650.2 21658.6 17944.4 11503.6 32609.3
481994 140852 48970 48381.9 43412.2 41130.9 33506.1 23310.2 60369.9
433049 80867.6 25472.8 20339.7 10576.7 9042.6 12767.5 6406.16 18335.6
460207 122010 58573.3 71047.8 27383.2 28289.8 19697.2 10608 34764.4
458993 99559.2 73506.4 50029.1 36547.3 21867.6 17341.7 11610.8 28302.6
500617 479839 53488.4 65832.4 40654.4 47260.1 28301.9 27454.8 57503.1
498322 161244 72695.9 64576 47036.5 56248.1 50128.2 21599.1 76660.6
487006 222763 56248.1 35331.8 38725.6 30797 36685.7 20047.7 58249.7
400416 53129.5 30300.1 13500.5 7068.39 6417.29 8680.71 3543.47 12304.4
480188 132235 36575.8 66978.4 21067.7 33461.9 25001.7 15995.4 37054.2
475538 105684 95172.6 62709.7 30799.3 43290.3 39987.8 19024.1 55765.5
476827 137383 14666 30091.4 22364.9 25888.9 22929.1 13292.8 34153.7
502317 224950 56681 69800.7 39474.9 46658.9 38355.2 21918 63808.6
459830 157210 54607 57301.1 32577.6 27518.1 26955.2 14491.6 36525.8
456317 39664.7 54458.2 52469.5 27043.7 28067.9 22184 11045.5 32974
524128 78490.5 76720.4 43293.6 37601.5 39532.2 48660.7 26842.9 74360.4
439106 156889 29183 72256.8 27527.8 32241.6 24568.6 14864.7 46666.8
547046 91425.5 57392.6 60778.5 45214.9 68875.4 59066.1 42192.4 87350.8
475088 57012.5 52502.7 34068.7 48232.6 36481.3 37608.8 15490.7 55174.3
615219 421023 98151.8 167952 74871 124006 89135.8 46354.3 115150
450385 319339 47688.3 52279.2 27376.4 27086.8 22012 8640.56 29740.7
458646 40153 39322.1 23484.9 29261.4 25762.3 25259.5 16861.7 46101.6
497184 437970 196057 104733 54172.3 42090.2 45965.1 20852.7 46891.8
454017 173796 39649.4 40439.1 22104.5 28693.2 34427.9 15529.3 40300
493645 80609.5 111922 65873.3 30827.3 34650.9 30421.4 22345.4 58635.6
435750 216367 13415.4 13538.8 9226.52 7215.06 7178.25 3930.38 18003.3
493509 125662 75842.7 68307.5 43294 44580.8 34652 15254.4 49010.5
478341 66120 85904 40913.1 30098.9 22822.6 21522.4 10537.9 37844.6
433642 82593.2 34492 67972.2 18999.7 14228.4 14620.1 8343.41 18629.8
508475 110137 27720.2 38455.4 33788.1 42159.2 39482.4 23085.9 59381.1
477499 139623 35092.4 34051.1 20717.5 22263.7 24408.6 13719.8 34119.3
495714 171938 53901.9 25243.6 21249.9 31524.4 19021.5 13112 37499.8
491258 337570 146527 42267.2 41702.1 32737.2 28957.6 16882.2 42778.4
431273 35053.6 12122.1 15301.5 17923.8 11044.3 10041.7 5077.91 20506.6
478698 365722 44951.6 64257.6 69039.7 44710.5 40293.5 21373.5 46728.8
440273 192551 43604.2 73879.4 52046.6 25759.5 33969.4 15531.5 49201
498829 220861 139180 63110.3 46626.8 30329 32160.5 14587.1 49045.5
427624 246999 39830.6 23752 16663.2 15017.8 12890.7 8421.37 14776.5
517549 106502 83423.6 45235.9 30011.6 29392.3 32883 19303.4 68325.1
474368 88684.1 35869.8 58382.9 41801.5 39386 30591.8 17833 45491.5
471559 101089 73410.6 38401 28357.1 23263.9 26211.5 13037.5 33493.4
438547 71096.2 39340.6 35924.4 11718 11940.7 8083.41 4152.38 19161.4
413893 41831.4 16173.1 31032.2 14293.7 21033.6 17775.6 7765.36 30333.2
426334 35021.4 41125.7 43593.4 19483 23737.8 21598.1 8527.2 24690.6
462687 48686.7 24522.6 31219.7 24248.4 31995.6 24363 13023.7 38499.6
434753 108166 65087.3 38298.6 35401.7 28219.8 30555.7 15569.7 34485.5
412229 55471.2 33775.5 20737.8 13864.4 12547.6 11959.5 7876.83 22722.4
470242 44532.6 29462.6 34336.3 20248.8 13945.7 18346.2 9134.65 32781.8
486907 94745.5 68736.8 35007.2 29415.4 35219.2 26459.5 19992.1 60456.5
461256 82905.8 42672.5 60535.2 30023.1 28547.4 18941.9 10827.4 32417.6
460993 102693 33289.8 19716.9 19293.6 21063.5 21118.4 11516.7 43646.1
455259 71525.1 29670.5 30427.6 15994.2 29897.9 17639.1 13471.3 28530.1
441550 141283 43887.6 43100.6 17367.9 22485.9 24951.7 13995.6 36389.7
473880 235666 59131.9 33815.6 24538.5 27967.9 23049.2 16659.4 41979.1
464963 144411 15487.2 45803.2 17053.3 15592.1 11115.5 9879.82 23344.7
514786 347369 35618.2 63123.2 29912.5 38261.8 61373.9 30253.7 77117.2
500640 180296 176855 51468.9 34891.9 46115.2 55552.5 25483.9 68348.9
437576 142108 24803.9 19368.8 12563.1 16841.9 12404 5535.05 18561
569010 131343 59485.5 106742 39312.5 34940.9 33147.2 14235.1 87546
474435 63161.7 100811 90584.3 41067.5 45708.4 37492.6 15563.3 43980.8
458050 329804 42733.7 33756.4 36641.4 37939.9 27535.8 19275.6 45872.4
552319 181266 212140 106009 69363.9 83840.3 55597.1 40987.5 118029
424887 108203 13197.3 18715.1 6427.71 6667.61 8451.92 3701.1 16314.1
424144 80832.6 22983.9 21839.2 13271 16356.8 13103.4 9331.16 36972
467656 126643 77908.2 19130.8 17165.9 16324.8 19899.1 9618 29821.5
544715 118345 134209 80035.9 48592.9 42381.8 50485.7 29069.6 68987.5
416658 30603.1 21402.2 14525.9 11191.7 11867.3 11519.2 5932.67 14228.4
477164 71348.8 35686.5 27225.1 13999.1 16069.7 23031 10298.5 42207.2
491719 142315 101392 100202 49214.7 43952.8 49675.8 28860.1 82435.8
506584 230505 93207 46783.2 37500 46286.9 31614.3 22517.9 56235.6
416251 87905.3 72877 38666.9 23093.6 16036.7 13005.3 6877.44 18997.4
445859 117683 68220.7 67069.2 37435.5 43290.7 41146.8 25890.3 51385.7
435923 86683.8 44228.9 15308 9855.13 13117.8 10781.4 5571.63 22649.9
456663 74034.6 22951.6 43278.8 19340.4 25222.3 24262.7 20622.9 53994.1
497722 254513 48737.8 52778.4 23388.9 35435.7 31347.3 17916.1 62918.5
437816 85903 50572.8 21084.9 15835.4 13518.2 14395.2 8235.4 23549.3
410586 62985.7 72789.1 35289 17533.5 22365.7 20600.8 17086.4 36272.4
447780 106401 38103.1 31519.5 18182.3 21040.3 21175.4 12845.4 34829
434187 83526.4 41677.6 47471.9 17727.8 13361.5 10334.7 3928.6 18540.8
463741 40607 64556.3 19923.4 30279 19235.6 23554.5 14312 38564.7
422213 47076.3 16579 25378.1 12818.4 16375.3 21251.7 7136.63 22607.1
450739 100154 60492.6 46726.3 45019.9 49374.2 38924.1 13567.2 48116.1
437205 74510.9 74376.2 61634.2 28105.3 27945.6 29744.3 11190.2 25114.1
455196 63840.6 25686.9 65783.3 21567.6 33710 37751.2 19970.8 46697
434549 60953.7 28643.2 31958.9 22205.6 17850.6 11790.7 8682.27 24038.8
445985 56265.1 44990.7 19281.8 23039.1 30120.2 28405.8 14493.6 41411.7
407242 59700.6 36381.5 26513.2 13599.4 12871.1 12687.9 8437.58 14009.4
451328 153403 26153.7 15992.8 16097.4 13515.4 14231.9 5983.31 26876.7
412204 62797.7 35660.7 52391.8 23398 17452.1 17552.6 8645.24 21492.8
448550 136581 56449.7 70737.1 18420.5 34528 26053.4 19498.4 43959.1
448851 85737.3 27555.8 43691.2 27472.8 23510.9 30194.5 11681.7 38611.9
479098 110830 52473.6 35710.8 24493.5 31650.2 24883.5 11440.3 54842.3
433490 46676.7 23796.1 20071.9 24403.3 20934.5 25872.6 13871.8 36155.8
458725 89447.8 42303.3 74914.5 47799.2 37141.8 24459.9 11589.9 30368
515900 158953 41170.1 84388.3 43013.6 49400.1 68319 32358.1 99069.3
445756 110638 32786.9 17213.1 24291.2 27717.6 30716.2 8231.05 42860.9
470645 116609 28220 42019.7 44527 43940.4 28625.7 21327.4 52712.7
491406 274520 78337 39429.5 12158.7 19926.1 15887.2 12273.6 33780.4
505826 183666 54658.1 75278.1 31328.2 43581.7 37753.8 29389.8 67275.1
404722 140884 32371.3 23720.8 24083.9 17101.8 13778.5 10227.3 21659.3
543076 205925 44944.4 54421.7 24438.4 17908.6 30467.9 18617.5 84772.2
446700 81158.3 20702 16873.7 5303.76 8524.7 9305.14 4535.67 19490.1
478489 196742 18649.7 47500.9 48717.2 58825 49509.5 26082.2 73918.2
446779 76324.2 65491.8 61296 21960.3 25369.9 19032.9 11503.1 37390.3
436690 114777 21496.4 12518.3 14609.5 10827.3 12827.8 6685.56 28318.1
489152 104396 35311.4 24168.5 19878 18279.5 17704.6 11998.2 31356.4
433777 98912.7 45017.5 32475 14504 11067.1 9276.37 4985.3 18718.9
475319 145743 10268 34288.3 39511.2 27882.9 22642.7 13364 40024.4
438834 238083 33103 28333.7 17709.6 20908 17357.1 8203.11 33137.3
379762 18773.1 44650.6 40274.8 24375.6 21866.3 18648.7 8388 18795.2
514001 94802.2 61825.3 58459.3 33944 29474.9 30333.8 21771.1 62441.2
453169 53625.9 51267.2 19884.9 11599.4 11998.8 12208.3 9050.75 33172.1
485727 46642.7 80395.9 57880.6 55039.6 56778.2 36092.6 22883.9 71300.1
431295 93641.3 50033.5 71705.5 34900 36131.1 23947.1 15884.9 34357.4
442734 165282 27055.2 31157.5 28712.8 22795.3 24683.3 11762.7 38884.8
520582 288607 292080 81693.8 45980.9 74074.1 58238.3 25454.1 76244.9
524442 92567.5 57860.9 48644.1 33275.4 37882.6 34187.9 20733 85993.8
466317 39370.9 33194.9 52115.3 17593.9 19060.4 20443.4 11014.2 46670.3
439720 117408 18976.4 12443.8 13001.5 10393 8138.5 4850.84 20780.9
465811 114173 84195.8 32767.6 19479.6 33712 30669.1 16629.6 44340.1
422521 83962.2 38088.1 31517.4 5345.02 12091.9 10703.4 4788.3 27675.9
487630 181323 42050 55181.5 23867.6 42630.2 39936.1 17032.8 52105.1
470632 147871 74680.6 39918.2 37466 20572.9 23660.3 15413 30968.1
576582 314707 64552.7 64447.5 66098.8 72656.5 65236 39935 126654
434334 140535 21033.9 27169.3 14666 18464.1 17053.5 5934.34 15543.3
503503 159071 56826.8 58126.6 31279 29923.8 33451.1 26242.8 57319.1
428e3 17166.8 24562.7 40138.7 16212.3 15186.5 14234.1 7802.4 22545.5
460600 284308 26900 42672.5 20459.8 37103.9 27298.9 15150.1 54812.1
435179 190119 16936.8 48846.4 16433.8 18365.9 14891.9 8515.83 26487.1
519910 98339.5 31684.3 48218 28878.7 49007.8 50865 24860.2 92072
410367 28423.3 13061.8 26779.5 18146.2 16800.1 13147.6 7359.97 21079.6
424864 106012 29568.8 32880.6 21305.2 19275.5 19387.1 6468.67 22246.9
507297 173521 85125.1 130277 58409.4 67587 47593.5 28154 70303.4
458023 132127 49981.1 31240 34915.3 28549.9 24534.4 17037.8 49853.1
451454 96914 25592.8 34161.4 41782.1 43513 28386.9 17300.9 51384.2
470107 50051.3 65053.2 33595.7 25031.9 24382.3 15787 12177.7 43861.6
505082 353720 87153.3 46860.8 38352.7 57634.2 61928.8 38815.8 89544.9
428788 158680 31957.4 32019.5 50617.5 43923.1 33354.6 17690 32513.7
516763 71194.8 64582 79466.2 52887 48979 32906.6 19836.1 53778.1
492980 97388.8 45654.1 67727.1 71704.5 42742 59363.3 25849.6 66743.1
474500 48044.4 40506 32814.3 17259.5 22845.9 27867 18921.4 66356.9
423525 92566.5 44168.8 24300.1 22341 20587.5 19497.7 9289.49 20483.8
444724 124709 41174.8 30395.5 11994 23405 18314.5 9582.03 29531.5
518202 224994 53719.2 25611.5 38618.3 26813.3 30269.5 14640.7 53059.1
475907 116814 74208.1 74491.5 30338.3 32919.4 47320.6 24474.9 62601.2
473259 55408.7 29869.5 63639.6 29785.5 26925.8 22884.5 14010.8 46188.8
488326 162773 40788.1 113812 29671.6 44901.3 33747.7 24223.9 51139.7
412771 15764.8 33590.6 12543.1 6488.92 9263.05 9170.42 6426.92 19250.9
430334 99593.7 49395.7 34496.4 26246.5 31992.3 23234.9 13267.4 27114.5
494625 30653.2 35459.2 74379.3 17572.5 27124 29211.7 15639.7 52884.8
493506 107503 74055 58936.8 60915.1 40072.1 36258.4 18362.5 52614.8
456082 79110.6 46159.3 21690.5 11880.9 17188.4 17451.8 11823.8 34166.3
469160 272461 24695.5 65045.1 31916.8 45894.7 30580 17014.3 54906.2
478488 446201 54869.6 51982.3 30625.7 35991.8 28944.9 18982.4 38313.4
410148 64043.9 38194.9 31558.1 17448.6 13424 23911.9 5596.74 18737.4
401906 71867.2 16831.8 15939.3 5707.3 6560.53 6249.59 3027.09 15467.6
441517 130753 32190.2 20834.5 11763.1 12408.9 10235.9 7078.05 24741.3
462586 217445 49145.5 44522.6 34476.6 28753 29885.8 13300.6 29005.2
438529 83513.6 24262.4 13794.2 7910.24 8734.32 8412.05 4563.97 13036.7
439345 31420.9 36996.9 31551.2 15851.5 20362.5 23940.2 14669.7 42013.1
509541 100129 87732.1 60527 49291.5 38764 39152.8 31630.3 83362.1
445936 105961 29655.2 19825.3 21253.8 10410.3 14301.4 7808.19 31270.9
422964 66063.8 43099.1 27831.3 13097.9 11089.8 15622.6 6816.19 25654.7
493626 135139 20728.5 32743 24706.7 30434.4 20124.9 12097.5 39669.5
471181 37523 32061.4 30822.4 35175 46229.3 41256.7 18574 56786.8
426803 87719.2 32171.3 36034.4 15217.9 15011.2 12680.7 4294.16 21577.5
436325 34965.5 30818.5 25824.2 7208.48 11280.7 9785.17 5175.88 19890.2
483511 102343 28166.7 34525.6 25288.4 24755.9 35475 16781 68965.5
429443 36147.5 24980.7 19154.1 14251.7 15124.4 14181 6301.77 26038.5
438221 60651.3 22138.3 30690.9 14494 22164.7 19720.7 8720.65 32822
433182 56303.6 35758.7 40686.8 28996.6 38447.6 29547.8 19078.1 40186.8
479786 464682 63057.8 75129.1 55754.3 61645.4 52542.4 31732.9 66264.5
451941 119188 51039.4 18346.2 14277.8 28734.9 18008.5 10510.1 41387.6
482515 102298 21830.1 53e3 19119.7 44234.8 35775.6 20180.5 65867.8
484676 107089 78055.4 54376.5 23674.2 38141.2 36447.1 19474.6 61908.3
453584 23676.7 24153.4 91722.4 52601.5 37676.3 28769.5 21105.2 59730.9
410291 16832 53992.9 19075 10380.1 9724.19 7966.78 2822.28 13500.7
445807 65323.5 28722.4 33852.7 24790 25916 25355.3 12565.2 31240.4
439057 213077 45323.4 30942.9 12075.4 13576.6 12430.2 5722.27 30477
447646 265389 40057.2 29395.7 24253.8 22752.8 22422.8 13120.9 27100.1
444941 74941.9 42082.3 31434 29485.4 20748 24214.2 15462.3 50088.9
444536 65409.3 18666.6 12443.5 11017.2 16031.1 15864 9906.76 38170.8
487166 125578 42990 107727 30612.5 27377 33109.6 19579.1 47565.4
464326 176982 17554.6 39741.9 24529.8 22822.4 25454.6 11541.4 39937.7
448929 92033.4 25442.3 24449.6 24837.8 19248.2 16337.5 9455.03 30299.1
403288 83775.6 28578.4 10485.1 5480.1 6359.08 7018.94 3918.75 8100.05
444633 77716.5 38101.6 36943.7 32482.7 38463.8 23540.9 14022.7 38430.4
435776 35876.4 34898.4 20281 19379.9 12009.9 14892.9 6704.5 23928.5
497053 130848 61538.1 70380.2 28311.1 27603 19619.8 17796.2 42128.2
486989 74421.3 35182.7 89047 60460.2 51267.4 43618.9 17389.7 63749.1
485977 305254 51804.5 79777.2 38712.1 43874.1 50830.1 27256.3 72648.6
426952 59936.8 13304.4 14411.8 9545.09 13644.3 19638.4 10422.8 36213.1
481262 178940 21650.7 10848.6 13085.3 23544.4 16551 9565.44 45424.2
408359 128160 23044.7 19885.7 13930.7 9453.77 10591.4 7051.36 23364
485895 98553.4 39054.8 46332.3 30352.7 28199.7 35340 17947.7 56006.9
529039 127039 78171.6 66778.9 60338.6 34555.1 42108.1 18651.5 62394.9
440812 54834.7 22411.7 40978.6 27729.6 20270.6 17624.2 13025.2 28539.9
431592 56560.7 15375.3 25725.1 13423.7 14954 15954.9 8888.1 30766.6
474541 49633 52234 71903.9 27568 32746.8 41160.5 18928.5 53833.1
438564 67277.8 34242.9 20974 16611.7 25353.9 16237.7 8404.11 26782.9
440085 56729.5 40935 33293.5 10251 16368.1 11934.5 8464.59 29017.1
434626 168130 35866.6 35874.5 26726.1 20816 19836.3 9502.22 26733.4
427449 40190.4 15123.4 16040.8 17245.6 15980 13575.1 6280.49 29602.1
483820 64071 83569.9 59172.1 45375.5 41641.5 40112.1 19212.2 67738.8
446150 58236.2 73720.8 83234.2 47505.6 25895.7 20929.1 15899.4 39990.1
438190 209646 46050.7 57401.5 30915.7 31611.4 20131.1 11823.9 27473.4
412626 29789.2 33448.8 14287.4 12332.1 11255.3 10401.4 5483.99 21742
432178 95734.1 29866.1 41252 13900.5 15111.2 19228.2 9485.11 25280.8
453238 43021.9 73215.1 27102.9 11279.2 10748.5 9216.62 5678.1 18757
519047 370036 94527.3 124490 35585 69861.7 87717.3 40491.1 64287.3
466767 117693 31688.9 31062.4 24329.3 24613.3 22212 16451.7 43658.1
454098 138530 46986.1 57273.2 42463.2 41088.7 29290.6 14539.5 44853
429511 44413.5 23890.5 44935.9 11559.5 13394.8 9622.84 3922.38 18787.2
474367 170932 65900.5 21923.2 15973.5 14995.6 14367 7200.24 23017.7
408085 93179.1 34916.5 35913.4 9969.1 11321.9 9999.12 4256.44 18907.5
494277 77383.7 31922.7 32748 26319.8 31195 28349.8 20505.6 71949.1
427087 65692.1 33784.2 20202.6 11003.5 25578.5 14045 12167.5 29519
464608 97780.3 66485.6 61493.8 24146.3 32883.8 23996.3 11343.3 42395.4
481973 96986.8 27252.1 60247.1 34960.2 33705.2 29565.8 13571.8 44924.8
458331 58338.2 36172 54088.2 57263.3 50525.3 46030.9 17650.1 52887.7
417005 23482.2 43050.2 25304.3 11887 11907.7 11620.5 7560.69 31718.1
435069 135386 37781.3 10629.5 11524.3 11571.8 7811.59 4752.49 18938.6
447402 101848 68885.7 41229.3 38778.6 28842.1 28881.9 20415.6 43495
470778 318595 31951.1 44756.3 59261.6 56014.2 38043.5 18411.2 49700.7
432010 93156.4 22515.3 49949.9 15038 12539.3 14135.2 6778.69 18036.9
469348 49648.5 54935.4 51517.9 49075.7 65995.4 42368.3 20476.4 43726.4
468034 92833.6 125114 27046.4 30234.7 45431.8 36316.5 26790 66469.6
481638 87259.8 75840.3 66315.5 18080.1 32606 28323.4 18073.1 66732.5
436274 91605.4 19455.8 13413.3 11307.8 9256.44 9137.72 4755.69 15523.8
446285 90715.4 50252.2 35825.2 13248.2 11255 8176.16 5228.47 17001.3
470098 297020 33665.9 50538.4 29713.9 39660.6 30422.7 14141.4 43591.1
475349 53819.3 84267.4 71385.8 23460.9 39099.4 29978.9 19059.7 53477
525205 331032 93807.1 160236 55076.4 60364.4 52273.6 28945.9 75622.3
461880 121533 37240.2 50545.4 30855.4 28467.7 26092.1 14574.2 54125.5
505083 120385 47542.6 36387.7 24359.5 48986.3 25827.1 15186 45132.9
439273 79587.2 34899.7 23889 13839.5 16462.6 14857.8 11779.2 31921.8
449650 49932.7 43460.6 37635.2 18624.6 16240.9 30076 17236.8 51141.3
471892 111929 51883.7 62191.7 23496.9 35423.8 31600.7 15569 45692.6
499987 133852 129107 120394 55648.7 55476.7 47051.8 17957.1 49678.8
407341 34613.6 20206.2 12060.4 13695.8 7661.48 11080.1 3510.35 8957.48
444436 164717 37891.4 24328.8 17156 16543.4 14333.2 6498.92 26619.8
401982 79454.6 16297.7 14772.3 12437.5 6988.31 7433.88 2534.87 6822.14
465884 177736 41762.6 34699.7 28916.1 19888.7 28068.6 13972.3 43048.8
452826 168215 50479.1 47562.7 24498.3 23996.7 16250.9 9978.32 31589.3
505563 105559 40305 119535 67741.6 58164.7 56549.3 38389.6 77057.3
446781 218385 125333 44441.4 18670.1 24645.4 25628.1 9456.45 22664.1
480996 497445 68894.2 39566.6 21409.5 21319.4 27029.5 16795.3 37905.8
495960 110302 35817.6 65278.4 31309.6 31608 40163.7 27339.2 80322.2
461698 167538 29047.6 65820.5 31155.5 37542.6 40092.4 17747.9 49943.7
461800 98544.4 51559.6 40492 46993.4 47628.6 28275.6 17310.6 45013.7
505155 121692 31951.5 67258.6 35699.2 30686.3 31815.1 17606.7 48658.1
473899 97180.8 30828.2 59721.9 34036.6 27504.5 29655.2 20922.8 60054.1
440141 74000.3 23754.2 14427.3 7989.03 13128.2 8282.47 6362.26 28744.1
520702 148264 53476.1 141776 58592.1 57602.1 61106 33800.9 75563.4
444911 145399 22214.2 41057 43752 32406.5 27553.8 18624.7 39335.5
450706 50744.7 41768.4 46684.3 13257.9 17822.1 18087.2 10323.9 33031
470769 99190.5 57329.5 57264.6 28253.4 40476.7 21558 15615.6 42980.4
460765 122563 48542.2 58688.4 31924.5 29859.2 32809.1 13943.7 40869.5
440664 45643.7 29632.8 21749.3 19186.5 13996.2 15675.9 9152.91 28384.5
442929 65149.9 42205.7 20567.9 18000.1 26233.9 17289 10588.5 17578.1
512180 71047 60070.4 40829.4 19382.6 23533.5 31167.6 16442.2 67508.6
481871 87980.7 14454.6 29517.5 19055.4 25508.5 19982.3 12892.5 44151.6
468106 143433 67540.2 71185.2 23709.4 37012 34636.9 12953.7 49584.1
496303 225650 34930.9 22137.3 39902.9 31931.9 23434.4 16626.1 46339.4
467348 196294 28951.7 72128.6 18177.6 25578.9 25750.7 14563 29230.5
487582 106910 59325.3 45591.7 32131.7 32952.4 25653 18050.3 54095.1
488452 90794.8 51968.2 52351.6 43644.3 47837 49015.8 21885.6 59615.1
498951 197747 69819.4 26705.1 19368.6 35250.2 30887.7 14221.9 65782.2
408243 53728.3 20242.4 11768.9 21743.7 11410.8 10224.2 7116 19212
456941 106081 10816.4 29126.5 18884.1 11307.4 17331.7 8646.33 32480.4
490749 102166 41179.7 42675.3 44401.5 32828.6 39857.7 23654.4 56641.2
503686 240427 78532.7 76815.7 66579.1 46707.1 46175.9 28934.2 56440.4
512561 131025 39382.6 54077.2 31679.3 29293.1 38864.7 20356.5 70373.1
416389 68226 41351 46213.3 25641.1 30329.7 23614.6 12910.4 27277.3
460018 39349 56929.3 35184.3 14919.5 18538 23021.9 15328.5 38957.2
500645 305401 59473.2 49514.8 23110.7 34731.5 36114 18641.9 66569.3
461789 80453.2 35506.7 41405.8 44906.7 36489.1 33206.6 15636 39065.9
454443 102813 23580.7 26298.2 19271.8 15019.2 14371.4 7935.77 33312
433838 67167 43895.1 22782.1 15498.2 12708.7 12315.1 5283.86 18937.7
465662 210165 26204.3 76324.5 26510.6 34374.3 48214.9 27001.4 63746.3
456846 206144 21620.5 39436.7 37721.3 34148.4 23633.5 11833.3 33085
555586 141766 71605.1 55163.7 49049.5 69199.2 45751.4 39383.8 113176
405294 125830 26422 26215.4 7894.05 5590.8 5821.73 2702.45 13648.2
436941 56939 41776.9 22556.4 30523.9 36196.8 17083.2 10272 35134.6
403881 27021.5 24748 33860.1 12996.5 12589.4 13090.4 7436.42 20391.7
471518 74432.3 50130.6 20805.6 8547.79 11418.9 7708.16 6165.08 26828.4
501026 236437 72320.2 59657.8 78112.4 40706.4 34504.4 23408.4 38340.5
484341 227313 84874 31427.5 24045.6 18932.7 21130.1 9023.86 21474.8
516653 126233 142705 49070.4 38760.4 46247.4 38773.6 29031.4 63357.6
467129 60174.8 39289.4 34519.5 33052.6 38505.9 34776.1 18323.8 43014.3
464836 48274.5 69738.5 45762.2 30474.5 43765.3 32611.4 13909 44087.9
512804 284052 74496.7 59278.2 60963.9 47097.1 46733.8 23195.6 59208
516331 274189 62966.8 64473.3 37930.6 34376.6 39776.5 28362.1 66669.2
472883 72414.4 68698.6 40079.6 21644.8 21031.1 14496.5 11964.9 47562.3
425547 57210.3 108232 34392.4 19572.1 19938.9 17286.2 9196.12 24778.6
476885 188377 64818.2 41388.5 45311.1 31577.3 20808 16877.6 45729.3
504935 217061 37355.9 31873.3 33376.7 40390.6 40901 24421.3 58230
482462 76780.4 50343.3 69042.6 30794.4 47363 33897.6 25134.7 52689.1
434166 125673 31590.4 48150.6 17459.9 14027.2 13895.8 7737.81 26342.1
479639 86476.1 20417.9 38338.5 10795.2 18642.1 20265.7 9181.85 55100.2
524616 436982 61147.9 48628.6 38826.1 28395.7 40688 22485.7 67384.4
456343 97594.1 20563.4 36829.4 27252.8 25960.2 17840.6 9494.52 31167.8
450115 134151 36946.8 48407.1 18108.7 15416.4 20395 14129 30781.7
406830 34955.4 53895.8 20490.3 10095.6 9585.11 9524.39 4024.87 12028.4
409193 76287.6 37775.5 19727.8 12164.6 16895.1 10929.6 3948.76 9204.99
449148 148184 43359.9 87572.6 31813.8 38709 22521 15464.8 45915.4
499280 67979.8 56883.4 48653.9 54202.1 29028.8 33679.6 25598.8 67113.1
435145 40801.4 83912.7 71170 30285.9 23862.1 21685.4 11742.1 31288.8
499233 59510.5 43371.8 69666.5 36633.6 33027.9 35614.3 19419.2 78860.2
423233 17869.4 26867.4 24294.5 16935 16796.6 16959.7 9460.32 30151.7
454558 46576.2 36872 11409.6 20485.7 18313.8 25040.4 16150.5 44477
501149 104494 69557.2 44500.5 51432.1 63996.7 63041.5 32519.9 66079.6
428547 87957.9 18923.6 29545.2 10754.8 15812.2 13878.1 5514.68 19516
524134 93977.7 70940.4 56551.2 54749.1 58568.8 55181.5 35337.6 77697.1
485334 269524 37336.9 25336.4 33568.7 17809.1 25161.9 15798.1 49605.1
424282 122775 11682.2 21556.1 18460 20488.4 19129.5 9255.4 28394.3
426785 36279.3 74325.2 31506.5 19712.8 28158.8 20393.1 11740.7 25745.3
516704 123735 62344.6 90547 38403.1 62374.1 52138.3 34560.5 86596.3
447841 108077 12492.9 19073.5 16167.1 14456.1 22098.6 11818.2 31469.2
452038 141253 31673 17209.4 26978.4 19879.2 15456.3 6284.09 33801.4
414641 36284.9 20332.2 35174.4 9385.66 16355.7 19364.4 6915.48 34893.8
579147 273124 90277 80570.8 37594.9 64615.8 67523.9 32843.7 88125
424556 130734 38154.5 13687.3 9783.18 7672.51 5717.73 3021.73 15276.4
477919 74842.8 41636.2 30688 19026.6 25371.1 25249.6 15953.4 46347.9
462032 47632.9 30831.5 18090.6 20933.9 25704.6 15728.5 10818 33938.5
431483 62898.2 51996.5 16387.1 7956.56 11826.9 13732.7 7003.66 18976.4
423580 67285.4 34443.8 23023.6 23351.9 18931.3 15459.7 9688.07 23378.4
458263 70118.7 65808.1 34087.6 18760 31496.5 21487.1 13187.8 45292.9
472829 43344.4 49409.3 42880.2 18960 23393.5 19038.5 7866.75 39466.3
425882 81368.8 43854.1 34843.7 32614.2 32837.9 27493 17070.9 46097.6
459790 145726 30699.1 31595.5 16865.2 10600.9 14101.9 7225.39 34662.7
475292 78914.3 97508.2 54780.4 22100.9 28726.2 26798.6 12396.4 50246.1
416431 79103.9 21748.9 23647.4 14200.1 24938.5 17522.6 9687.3 29042.8
487337 198133 80674.7 24476 19564.1 17450.6 20221.2 17032.3 47003.7
504675 256724 95213.7 77429.1 56384.8 49945.5 60684.7 28358.7 73225.1
457195 75564.7 100961 24232.8 41552.2 49338 37819.6 23394.7 52759.4
430586 122574 12348.8 22789.5 19549.7 24974 21298.3 10141.4 27624.7
440051 138615 27946.4 50198.3 25179.9 20392.8 24212 10590 35123.6
527160 161721 57759.7 41156.8 28702.8 52296.8 46877 31574.6 74683
432371 90931.5 33530 47322.5 26092.5 18359.5 13648.4 7271.14 20597.2
445689 22239.8 44781.2 39187.5 23618.9 24850.3 28139.2 13988.1 44635.7
422006 98842 13529.4 40002.7 14468.1 14391 10515.6 8445.8 22103.5
445454 118107 21550 48322.9 29663.5 22600.7 25174.3 13718.8 41833.1
457946 66613.4 53391.2 20411 19285.3 17621.5 16466.2 10432.1 40420.3
480314 113619 44659 27104.6 8479.17 13441.7 17732.6 13592.1 48121
547127 41791.5 112663 76099.8 37813.1 58093.6 51486.9 26622.7 88147.6
438529 83513.6 24262.4 13794.2 7910.24 8734.32 8412.05 4563.97 13036.7
423944 68850 45549.4 27645.8 14974 15914.7 14071 9737.89 30927.6
487306 86212.8 59560.9 58543.3 14981 39990.5 31952.2 13465 57382.5
451404 61102.4 91738.5 37522.3 30433.2 33599.7 31657.2 14628.2 45715.6
435278 139872 74574.5 60378.3 15648.1 13853.8 16273.7 8141.2 20428.9
467979 137941 21489.3 25700.1 11157.9 19535.9 20730.8 12179.8 36347
457497 124596 66147.6 50219.9 19228.8 21084.5 16753.8 7185.55 35455.7
458029 231435 23855.2 21617 21702.2 24588.7 21437.9 9744.7 31763.6
473346 192593 42483.4 52445.4 25024 22767.8 19018.6 11417.2 38124.7
416093 25133.9 15120.4 8533.26 7449.47 5072.51 4847.24 1967.51 9289.24
436956 260249 25318.7 22236 13925.2 11308.5 8618.72 4319.37 23793.4
435688 140279 38546.1 42705.1 17543.3 36702.8 22584.9 9005.37 32575.3
412391 36041.5 74131.3 39038.4 11277.7 12690.9 9510.55 6999.97 22937.8
431665 12741 51765.6 28065.2 5877.53 14849.3 16059.5 7945.74 31540.9
481839 74023 68812.4 37541 30906.4 34553.4 27131.3 13938.4 41371.3
446393 65008.3 22552.6 45802.9 26405.7 20282.3 27949.7 12767.7 36868.6
463914 295912 39111.3 49822.3 33090.5 29188.1 23003.8 17607.1 35335.9
431642 135173 38093.5 61098.5 42399.1 34277.9 30167.6 22386.8 39550.8
496402 168039 64915.5 71169.6 29149.1 45290.6 37946.2 20394.7 60499
452096 99482.1 35416.3 55046.5 23219.6 16471 24623.4 13567.6 39447
460296 48659 16575.3 24203.8 41944.1 23422.8 18198.4 13316.8 37828.4
438726 47551.5 30094.3 31020.3 14289.6 14567.3 13309.9 5973.96 19341.9
399418 51754.1 25855.9 11494.7 9795.48 9494.07 8531.33 8774.27 22401.5
433719 129322 44668.7 20894.4 24332 33619.3 18344.5 8219.93 32205.9
408184 93681 47820.5 28671.8 20493.8 22481.4 16637.4 8855.46 23531.5
427219 277290 44864.4 22253.1 28887.6 15734.5 15558.2 8765.29 20501
454900 107568 62629.9 62403.1 29122 37647.7 36927.8 15550.2 45737.9
417511 111351 29108.6 34620.6 16774.9 9579.33 10044.3 7991.98 22776.7
494480 64071.2 66172.1 25045.6 15495.4 27333.5 17241.6 15293.4 46338.1
512422 109929 35198.8 85955 17919 29207.5 39441.7 21561.4 51364.5
423545 113939 78960.9 31840.4 19711.7 15150.9 18017.7 7982.18 22766.6
467019 94682.8 51916.1 43207.7 21080.6 25148.1 22777 10792.1 39643.1
420266 43808.6 20929.5 9652.38 8669.82 7617.55 7758.73 4800.13 22850.6
488361 81174.9 36795.3 22804 14931.9 21908 19926.8 10319.4 37173.4
485263 113671 34451.4 44208.6 18993.9 37264.7 32373.2 16667.2 52247.2
479894 51413.1 43865.9 42015 45933 36768.7 38683.4 20399.4 60859.6
392747 72008.3 26770 24389 12501.2 11212.2 8423.55 5162.19 20545.3
477528 44895.9 58330.2 75202.5 31369.1 62017.5 44830 18377.7 52007.7
479676 237029 40793 44951.3 28410.7 18716.6 17388.9 7320.2 35633.4
462394 75229.6 61396.1 35960.2 20573.3 34125.7 25428.2 13844.4 44175.1
404764 133426 19827.9 21017.6 14669.7 11824.3 12948 5288.52 17494.4
389161 55629.2 31930.7 25330.4 11071.4 11219.6 12391.8 4500.87 16740.6
515945 134767 83111.1 97565.9 42749 80485.6 68628.4 40810 99177.1
420664 22222.1 42027.2 12068.7 12667.7 15491.5 12027.3 8261.98 34397.1
459762 73587.6 20092.9 36906.4 13276.2 12960.6 12588.1 6096.16 18201.5
444539 80307.4 20021.1 31932.8 12384 19699 14850.6 6803.66 37371.8
489076 74892.5 30483.7 32142.4 19459.3 35445 23651.9 15021.1 51841.1
467886 176299 56082.7 30387.8 29388.1 24165.7 19538.5 10444.1 39041.7
512782 163960 51632.9 46540.3 51550.3 44192.9 63747.3 32467.3 78178.6
467267 71874.6 70709.2 51125.8 41162.1 37778.3 31640 20191.6 44727.9
468781 165131 41640.5 61371.7 46760.7 40271.7 28187.9 18513.8 48629.6
435980 51414.1 23381.4 14593.3 12657.1 13225.8 14458.6 7427.48 25773.6
457388 48861 26880.7 24685.3 29341.6 15590.5 17016.1 9614.6 22831.8
429657 79091.1 37544.9 24875.6 14017 17141.9 14748.3 7118.18 30583.2
426864 110908 32964.9 23081 25168 26208 23461.1 15717.9 48798.6
487744 158712 50120.2 40174.4 51258.5 41606.2 43623.7 19978.6 65786.9
496697 352514 89341.2 84566.7 33167.3 30861.2 73035.8 39871.1 74007.7
462220 102162 65745.7 78408.1 35679 38424.1 26801.4 13481.7 35847.1
468208 333140 38730.3 76022.6 25316.1 29194.7 24276.4 11113.8 39428.2
427492 120516 42450.6 33912.9 29952.3 29628.2 33314.2 11266.1 37410.6
489703 352002 57248.9 34863.8 39639.7 47877 33870.6 19809 53600.6
406285 45018.1 13929.4 26138.6 18861.8 15998.3 20336.6 8509.69 26896.2
485529 96771.9 107162 36672 29823.9 17569.8 17174.1 9344.37 40298.8
425104 183437 18672.2 61771.9 26029.8 30777.6 29685.1 20340 43324.4
427113 30057.8 38153.8 33571.3 18984.1 23001.6 16907.6 8055.41 26470.1
551656 133921 46698.1 56525.8 63228.4 77734.6 58837.9 37200.1 95676.1
440398 75163.8 33956.6 26407.7 12253.4 13415.2 13190.6 5949.92 24186.3
418322 57178.3 24469.1 22829.8 14041.4 14513.7 17078 7126.15 16890.9
512267 133954 14829.5 26185.3 31785.4 35681.8 46333 18350.1 67458.8
514707 331272 31315.6 87677.2 20451.9 40154.2 57748.3 33756.5 90738.2
419527 154134 35712.2 22234.4 19616.9 19207.8 11587.9 6885.75 21319.7
458340 293971 73982.3 44181.7 40112.8 22940.3 32316.7 19292.8 46900.7
525806 89185.6 56856.3 31648.1 73766.4 67604.9 69228.3 34718.1 92743.7
481565 77703.5 96894 50833.1 36336 50346.4 43210.6 21158.1 70564.9
482997 116320 42950.1 20843.8 12664.6 13745.5 11206.8 7977.13 36824.2
432653 47631.6 56617.9 44608 30310.9 26297.4 20823.9 11184.4 29997.3
404049 58481.8 18662.9 17736.7 27955.4 24960.3 19660.6 9146.4 24845.8
458496 159924 18652.3 39351.6 27943.4 23667.2 21731.9 12071.9 34392.4
417830 58318.9 31259.7 25945.4 16211.1 22940.7 14334.2 8797.6 25290.1
436620 68653.4 16852.1 23025.9 11921.8 8561.35 7946.49 4293.47 16644.8
454451 145875 37119.6 28537.7 16484.7 21126.3 24774 7919.95 26473.6
466533 73315.4 51073.7 45431.9 25596.7 29655.4 16995 11344.7 41150.5
484280 368035 50341.3 34592.1 36017.8 34848 32900.4 24920.3 51268.7
421407 55898.2 38046.8 27130.9 14970.5 14820.9 15581.3 12032 35403.5
450816 96849.1 46485.7 64837 14830.7 21280.2 12963.2 12144.1 43637.4
448620 106028 29806.3 32386.4 19130.8 29167.9 26661.3 18906.4 54982.1
426101 51353.9 16317.9 35401.6 19675.8 19415.3 17561.2 8456.63 26477.4
488563 113624 21776.2 67008.8 40072.1 38928.6 34369.3 20177.6 48350
440058 124053 16621.8 34368 15558.9 16684.5 16192.7 10785.4 29343.2
490160 88921.5 59006 68524.1 37853.1 36116.7 39258.2 21059 80053.7
530208 320259 81696.6 100524 51507.1 58780.4 53564.6 25136.6 63742
454061 48663.6 37293.4 25029.7 17577.7 16300.6 15862.7 10023.8 39492.6
477276 47369.8 32178.3 67475.8 34347.3 47172.3 48141.9 36116 64589.7
424138 137556 37114.9 39021.6 24937.7 26801.2 22256.1 9732.07 26458.5
435016 77352.5 26870.4 14067.5 15813.9 13434.1 16774.2 6302.03 21755.2
440479 36229.7 63981.7 58526.2 19264.9 17379.8 15138.5 8021.21 17084.4
477858 55811.6 37071.6 29516.7 19043.6 13822.1 16909.5 6525.82 27558.3
481534 79441 52499.1 64846.5 47894.3 43175.2 34538.7 17613.1 55625.8
463451 64944.9 28087.7 30512.8 13418 16087.1 15806.5 12578.6 41959.6
419597 151905 16793.5 28297.5 15788.5 22138.9 20302.6 6288.26 24144.7
482471 190659 68050.6 99043.1 29418.4 51034.5 50844.9 21346.9 64515.9
439565 89541 65797.2 18393.3 17688.6 22156.3 16326.9 8379.98 28575.7
460357 75573.3 78069.9 66164.8 22621.9 25877.8 36271.6 17534.7 41477.5
432116 227627 27671.5 26351.8 36544.2 26562.9 25677.3 12442.8 37252
418228 201418 60673.1 39252.5 21842.2 24902.2 13702.9 10057.3 22213.3
479425 183455 17600.6 36689.4 23061.2 29647 29626 13707.7 60494.8
458620 87805.5 34618.9 70815.9 18231.7 26773.2 20706.8 11722.1 39889.8
427265 57815.5 42499 28589.7 14655.6 19854.5 14301.3 11961.9 30704.6
455312 14998.7 40927.1 48926 21235.1 27732.8 19896.1 12772.3 44382.1
505772 101205 37075.7 36798 31512.7 35434.2 31430.8 18745.4 63130.2
432566 256163 14206 40540.2 29200.8 34673.1 22220.3 10013.9 28462.5
464984 124218 110089 37177.4 25640.9 23893.3 21007.3 12443.7 31993.5
450648 70410.8 37169.3 30438.9 18450.4 23584.1 24108.6 14400.3 48199.6
465946 130008 56919.9 35541.1 34778.9 28145.2 31171.1 17803.3 44287.8
439193 122585 38825.5 21326.2 20461 18764 11704.3 8958.64 18801.7
492422 88683.4 47068.2 149248 51142.6 41797 61890.5 26639.7 51265.5
431975 61583.8 17270.9 13986.3 14045.8 16916 17036.4 10757.8 50202.4
444688 559453 22507.9 48932.6 28763.7 26592.1 23497 12900.5 27899.6
469599 114362 24424.9 20789.7 7422.41 12411.6 8818.64 7286.21 30817
490729 194894 72168.2 48343.8 68522 55315.1 56522 27257.3 62853
435087 88029.7 27259.6 42469.6 17711.5 16876.3 13643 8596.95 31266
431569 105718 42429.7 30277 18406.1 16899.6 13241.3 7338.97 21056.3
504633 69485.9 43770.5 41081.6 29314 20560.3 23009.2 19180.2 43930
444526 210198 25053.9 25178.2 23777.9 27055.6 28577.3 13488.6 36740.3
475475 134769 43128.4 97568.1 56721.3 37476.5 37072.5 18646.3 51603.5
436368 74222.2 50808.3 39760.9 16504.6 22938.8 14848.1 8825.03 28364.2
400540 70546.4 20284.7 7692.96 9639.72 16574.9 10610.8 4576.71 16459.4
475490 42428.9 75397.2 44863.1 40316.3 26487.4 25524.1 14211.5 37372
502667 158655 131894 103508 45391.9 49213.9 40222.4 20014 55812.6
383097 57953.4 13619.2 18573.2 8969.08 9106.23 9994.73 3886.79 16264.8
477974 89203 35659.2 46012.2 19026.1 30729.3 27497.2 13989.2 45770.2
456582 58058.9 44858.9 67004 30115.9 22027.6 24448.2 9903.92 33046.4
462245 39227.7 68001.5 43426.4 25664.5 27052 22049 12474.2 34152.9
475578 116496 39721.2 52972.3 42491.6 28445.6 28095.5 16453.8 43258.2
427781 154127 13716.6 23155.6 11287.3 11608.2 8256.71 3700.98 16860.2
500245 190381 72007.4 76498.1 17426.7 32819.2 34289.7 17808.6 57462.4
452682 25640.6 30711.2 30274.5 22311.6 21930.4 28668.5 12509.3 38127.7
441215 77949.5 35272.5 32498.9 31692.2 25447.2 27380.1 10722.6 27846
519297 245599 47893.7 79523.5 106085 58990.9 77166.8 38164.9 86645.4
419930 54701 29023.4 47560.5 15333.5 19298.5 18012.4 6208.15 19906.6
497916 228110 64186.5 127830 72303.3 47646.3 50380.4 27294.7 63160
435327 81256.3 33423.5 13533.7 18553.9 22519.8 15539.1 8301.16 26989.8
444686 97621.8 61691.7 45607.6 38902.6 49513.1 49153.9 21736.7 37647.2
473280 85870.3 30183.8 70479.9 31278.5 36798.3 35096.5 19545.8 43798
470680 174774 28707.6 30855.5 12032 6965.16 15089.2 6110.37 31846.2
541073 76980.4 39555.2 49160.8 68933.1 84783.3 78587.3 52007.9 124524
424724 69126.2 36217.4 18058.5 22085.3 17280.5 20002.4 9604.12 30777.2
497377 93776.3 79861.5 41189.4 44634.3 38487.1 31019 25583 66611.1
516999 117112 91133.4 71774.5 45112.2 55064.7 45165.4 34575.2 79502.5
440566 143825 28309.1 21638 10025.9 10098.3 10139 3752.36 16089.6
467141 274105 54632.6 102478 57524.7 70302.5 61659.2 26254.1 58860.9
396398 40475.8 14617.1 8595.64 6234.85 4309.49 7244.26 3899.2 17472.8
553261 46073 97677.5 60327.6 41537.6 37188.8 39881.9 26768.8 101425
440812 152955 54338.9 39336.5 17221.4 22690.7 29889.2 11789.2 36804
543061 267410 48828.1 71940.6 53360.6 57252.5 57124.5 30377.2 81467.4
441009 80117.3 31629.8 30911.7 20094.7 22817.1 27760.1 13514.7 35127.9
461184 422602 59848.8 51005.2 28209.2 33789.6 34597.5 11482.2 33801.9
461854 117665 43240.2 34953.8 23709.7 21002.1 19686.5 11223.4 36999.5
428829 83123.3 43335.6 51753.5 21935.1 24650.3 23206.7 10686.2 26945.6
475606 49249.2 27332.4 31690.2 42055.8 29458.3 25509.6 14745.6 43060.4
407780 31236.4 12792.1 15480.5 4088.92 3942.13 3898.57 1799.38 6209.08
422187 59175.1 22320.7 58981.5 39284.1 29227.6 27239.7 13102.6 35915.8
530068 156689 123999 96104.3 76183.8 67152 73068.5 30126.6 91382.6
478118 293179 58151.1 48892.2 27195 40537.9 36240.6 24251.5 54648.8
443057 61988 55281.3 75916.2 25518.6 26051.7 22637.3 12061 33747.8
523334 198e3 121641 76287 36642.3 44204.2 36464.5 19357.1 65446.9
446864 88634.3 41981 38158.9 16517.6 23300.4 24308.1 8854.78 30445.1
522262 209751 116109 74903.2 43696 32788.9 28711.8 19152 45439.7
488648 124627 45080.3 70167.5 54745.6 42458.1 32653.1 12175.4 35710.4
440219 36947.1 25083.2 8907.27 12064.8 12397.3 10140.2 4866.22 20810.8
470505 96264.7 43829.4 35853.7 24075.5 36235.2 35857.8 21794.2 50767.7
413711 88745.9 30763.5 11663.3 5023.95 6646.99 6643.94 3304.12 12216
438666 25546.6 46551.4 21573.6 17174.7 27238.3 16956.8 10554.4 29361.5
432760 92931.3 36929.5 21038.2 6810.84 7979.2 8744.51 5526.13 14326.1
442209 30530.2 49391.2 40670.7 24757.9 21829.3 17890.1 10515.1 32400.3
472598 132736 42301 33789.9 27777.2 27547.2 21733.2 13522 49902
465121 76078.5 54314.6 62807.6 23075.8 21294.1 21402.8 11601 27488.9
550225 174205 52274.5 31368.1 39150.4 54686.7 45694.3 25112.7 86882.4
427500 154623 15827.8 27969.7 28527.7 18184.8 19362.4 12789.3 27866.8
492338 42160.9 35074.4 49517.9 21835.5 38947.3 30532.6 25533.1 53720.8
477503 93491.3 79167.5 55942.2 36913.7 24223.7 27011.5 16161.1 61399.4
486891 295626 33371.1 20094.5 17406.3 24692.7 15757.1 10897.9 30160.3
437158 183719 69416.4 53367 29873.9 21519.8 16322.4 9493.87 26750.3
410899 157081 18640.6 16444.9 17753.8 20046.5 17917.5 11336.9 21954.8
503365 81094.5 73429 40004.5 41341.9 42521.3 32966.7 19642.4 63131.6
500105 114015 59378.4 76914 27473.3 34596.6 28534.8 23375.5 57449.7
400399 119684 47684.7 20005.8 19699 15021.5 15228.2 7002.82 23287
462491 87954.3 60683.2 38648.7 39066.8 26329.7 27708.8 12290.9 39882.1
459263 181595 48323.4 19436.4 21304.2 23974.7 29607.4 12566.8 32067.5
483653 185849 70550.9 40824.4 28448.2 51268.2 32130.5 15988.3 55631
417323 36073.8 43256.4 34603.5 19252.6 40739.6 32927.9 14014.1 35412.8
513485 124336 171351 135150 60882.8 84130.9 49232.4 23316.2 84908.7
505688 99967.8 68495.4 52101.2 41189.2 51586.1 58087.6 26834 66320.8
470964 64360.5 40047.5 27530.2 26833.1 21130 21550.5 9290.26 32668.3
452544 54740 30703.8 46600.1 30855.6 22933.3 17760.7 16137.2 40236
420620 67463.7 12217.3 21385.9 11934.1 9780.99 7839.26 4129.69 12555.7
476080 50921.3 95830 61756 54016.8 43977 40938.5 27662.1 68819.1
478972 151865 37351.9 34087.7 19948.9 24956.2 27042.8 10642.9 45258.8
449256 130884 44026.1 27006.2 20110.6 14044.4 16475.8 7093.66 25174.8
444791 141976 60121.9 67123.4 28588.3 26683.8 26771.9 13148.2 35010.8
488506 93269.1 49336.1 99093.5 40203.5 27823.5 26554.9 14595.3 43158.6
456658 97235.4 64505.7 77014.8 28353.4 42188.7 41515.9 23373.8 43704
470879 52805 42588.8 78814.6 39800.2 38505.7 42039.3 15186.1 64371.1
448686 90213.6 22552.1 57775.1 34534.8 21554.3 31173.5 16296.8 31717.6
469362 69989.8 32202.7 28266.6 28649.1 28469.1 32711.6 14723.7 46244.7
465737 179711 49543.1 42424 21926.9 31432.9 23396.1 16521.6 38057.2
461932 87569.8 72234.5 129221 89108.8 58650.7 44536 22224.3 49319.2
452356 92786.8 42360.2 24440.6 17007.8 16710.1 15930.5 9213.8 22489.6
426689 46608.9 40088.6 48018.4 24237.5 25745.6 20567.6 12443.9 22438.8
442203 35753.7 22547.4 26305.7 9562.95 19619.4 11233.1 6063.46 28669.4
491263 72446.2 43387.6 37126.2 54276.5 58717.3 41643.7 20101.2 64247.5
449907 76962.3 44018.1 15500.9 19e3 24606 17423.6 9541.94 23720.5
481098 66370.4 29451.8 59367.6 27040.7 41529.6 33902.6 17904.8 62053.3
481019 131617 89713.8 65159.3 21914 35912.1 28804.3 17364 48316.6
451156 212766 51154.1 73618.2 38302.1 28991.7 27249.4 10312.4 37006.2
487467 94332 63540.1 63034 35775.9 37725.2 40569.7 18066.1 66874.2
576509 412568 68873.8 102498 45622.4 54505 56374.2 25451.3 101242
446627 65589.8 29220 40661.3 20846.4 28486.2 30602.9 13437.1 48815.1
462423 51981.4 48306.9 59056.8 36190 39288.2 32329.1 20979.6 44087.8
464891 198153 76031.5 54299.4 29016.3 61288.2 45900.2 26879.6 67030
446377 93140.9 43321.4 36463.8 16486.4 20056.7 18712 7569.65 33679.6
603343 728300 185787 197504 118214 125181 111530 49054.4 119669
470462 143218 99054.5 47528 46992.2 37620.4 35870.6 13884.8 48310.1
472003 115972 50408.5 36702.9 22982.8 19311.3 14376.7 8963.78 29241
432030 210257 17980 46490.5 20430.7 24797.8 25112 15513.5 25996.3
472614 68658.5 51611.1 92757.1 35244.2 57894 47066.3 26741.3 56856.2
443960 90365.1 31400.1 22759 18187.2 20713.3 22404.5 10330.8 28504
451839 42480.9 22537.3 22027.9 16400.1 16760.8 12936.2 11693.3 41454.1
435363 70939.3 79420.7 35449 36975.2 31428.4 19889 14180.7 36134.2
435047 114267 20830.4 16262.7 10172.1 6055.92 6153.9 5320.77 31232.6
439497 101028 20287.8 27917.7 14902 11940.9 13938.9 7823.06 27566.3
446328 80082.3 50907.9 39829.9 13426.4 14377.2 15503.5 9939.71 31555.4
528484 235100 77511.4 87290.8 46877.8 41027.9 45776.8 21386.4 68451
468888 183982 35525.2 38320.4 34431.1 23132.2 29326.4 16084.9 40317.4
542705 118585 62934.2 57568.8 43465.1 64989.2 74868.1 43158.8 102109
474639 52284.1 51457.9 58353.1 27699.7 32467.2 40148 16733.1 63089.8
411809 46029.6 38035.3 17234.9 9238.38 8087.98 12225.1 7815.33 21824.1
419020 42492.4 45091 14314.2 12194.6 12036.8 9717.88 5692.74 15785.2
426823 101519 19826.8 17891.9 8824.64 12681.9 13988.7 6280.4 18991.4
451392 72609.9 38582.3 30206.5 20488.2 17354.8 17483.8 11181 43340.2
523940 58227.1 112573 82016.9 50750.9 72058.1 58431.1 39468.7 77226.9
463056 77698.6 38988.3 13105.1 7569.73 8376.22 7831.52 4501.62 26753
431621 92749.5 12143.2 30964.9 20126.8 13328.7 17970.3 11241.1 30783.1
472081 65329.3 30648.3 55136.4 18637.1 28378.1 26247.7 11952.5 34390.3
429443 36147.5 24980.7 19154.1 14251.7 15124.4 14181 6301.77 26038.5
427551 186141 43874.1 50557.1 15656.1 22685.2 26929.5 11686.3 30995.4
485897 200687 29863.7 57609.6 24581.9 24810.1 30592.5 13638.7 40169.7
427841 62651.3 40172.8 16574.9 13405.2 18920.4 14860.8 12354.9 31188
434168 101174 30414 29211.4 24292.3 24856.6 20092.8 6705.96 33394.8
419435 16528.5 16046.6 25564.2 17203.1 16563 15354.5 7573.66 24483.1
494843 175551 64167.8 35049.5 30995.1 33557.8 38499.8 23722.6 47254.1
391462 79623.5 15246.1 26468.7 25664.8 11260.6 11357.9 8731.53 15908.4
479189 42547.1 114810 39216.1 50494.6 37476.3 36365.2 23825.7 63165.6
507985 134219 57182.5 57340.1 49231.1 49558 42231.5 24092 64477.4
445184 214696 51608.1 56626.6 26687 24796.7 24936.2 10426.8 39976.2
440229 71211.9 24217.1 22300.5 11721.3 12292.3 11338.2 5173.3 23122.9
413671 100475 22778.5 26809.5 15788.7 18430.8 17393.7 9465.84 22289.1
453842 129228 56862.2 49461.2 22470 32839.3 21098.3 11058.7 35997
429295 140033 25438.3 30039.2 14646.2 18866.3 21256.7 7194.74 23214.3
487439 76206.9 46693.5 34623.8 11066.2 13206 13222.1 10534.5 50285.6
485863 204569 40173.2 56008.5 35120.8 37946.4 38974.9 27766.1 66877.3
445030 146990 38687.9 56992.3 23195.2 31652.6 23572.3 11039.3 34558.5
484974 98562.8 106833 33587.6 27661.7 33005.6 28122.1 22174.3 44570.1
412649 42615.6 24829.2 11511.2 13079.8 8723.51 9919.57 4738.2 11871
417932 85842.5 27364.9 15139.3 8058.99 11493.3 7617.66 5927.06 25172.7
447740 125498 75039.3 26629.4 26263.2 24168.3 19231.5 10847.7 27259.6
474444 111084 30214.7 63499 28543.9 30080.7 30174.3 12982 47759.1
494138 260487 26729.9 47174.3 26650 34322.6 36700.9 30671.6 66378.4
508238 57885.7 47353.4 43104.2 28880.6 21335.2 20693.7 17108.7 51462.7
346133 67624.9 6638.14 11972 4809.18 5465.47 4568.66 1604.17 4730.43
413903 60093.4 16758.4 40584.2 11531.5 16483.2 11628.9 7933.77 26348.8
450792 32428 43116.5 35550.2 15641.3 17163.6 13160.1 12536.9 41528.4
432425 114256 60618.2 47404.4 23112.4 18599.3 13176.1 7007.62 24729.4
485110 230614 90270.8 88881.1 36212.2 35444.5 39994.6 25076.3 56998.2
523290 69141.2 62303.8 65956.3 33249.8 28164.9 45015.9 25511.2 76413.5
453407 76233.8 45197.8 24929.8 25799.3 26417.9 18395.5 12613.9 35453.8
461932 198016 126292 45458.2 34083.5 30899.9 21714 15163.2 35805.1
431778 204262 56828.1 57562.6 14089 19133.3 24701.6 10680.9 25731.5
450706 57681.5 50307 39669.6 26887.7 30927.4 23972.6 12724.7 42089
513064 220089 41583.7 93184.4 44617.9 65345.6 57045.5 32956.7 68670
481829 185533 35771.5 42363.8 28484.7 29727.4 29439.7 13082.1 42288.6
429716 44002.1 29012.4 12126.7 15583.9 12012.9 12382 7467.64 23551.3
422620 57926.1 25380.2 30443.5 14616.8 19097.8 20453.1 7702.35 16119.1
434170 96810.6 56641.6 21433.7 11779.7 12181.6 10031.1 5766.27 19971.7
433046 75602.8 39445.9 98164.4 40258.6 23288.8 24564.2 15421.6 29094.8
414664 29939.3 20765.2 21039 12337.1 15233.1 18827.9 8201.6 28061.3
456759 63325.6 52043.1 20355.4 15607.5 22982.2 24692.8 12539.2 40910.7
447799 206686 79912.4 46988.5 27999.3 26253.7 18651.9 9086.91 21103.1
453047 30455.2 33403.4 24699.4 13275.7 19371.3 16934.4 6936.73 22533.7
499052 244351 38581.4 59230.9 30120.1 30517.8 37005.8 20997.4 47932
489926 34656.1 75521.1 130652 55352.1 61064.1 64754.7 21621.6 68438.3
435043 114846 33013.9 36387.9 28316.2 16818 19825 9041.93 30283.4
432088 52665.9 45323.6 16212.3 13834.9 30185 23132.6 11491.9 33795.8
409224 44289.8 30192.8 18472.2 11378.5 10454.1 10095 4381.07 13485.5
487776 45274 50624.1 54947.3 33651.9 39237.1 41501.6 21203.1 55657.5
472422 43828.7 27880.9 39866.1 24299.7 24827.7 25089 16632.7 41806.6
