423829 60558.7 24139.8 24551.3 12742.3 23830.4 20043.1 9616.27 33244
425441 77959.8 36011.6 71018.9 28119.9 24263.4 22206.4 8664.85 23535.1
448631 57868.7 25394.2 36912.2 12292.1 27005.6 19085.2 10283.6 29891
496354 140394 65992 87299.3 82171.9 48753.4 31178.8 24295.4 54784.1
533319 210861 68846.2 121199 80924.6 68188.5 72288 44475.9 101400
463499 67e3 31061.5 38338.4 21780.3 25161.5 17650.6 9727.97 35587.9
472849 39418.8 31535.4 63376.5 28791.8 32940.8 40082.7 21216.5 44222.3
483925 88372.4 45354.7 32642.6 18374.5 19128.8 23122.7 9605.2 35577.1
473242 458868 47469.6 25690.9 16660.4 22280.6 18153 13233 34124.5
410246 74281 24971.2 9177.75 15837.3 16528 12631 7469.21 18981.4
409528 57120 27122.9 18286.7 19430.8 8901.79 17282.2 10574 21856.4
430082 438607 37192.9 32274.1 15465.1 10576.7 18362 11609.2 22535
457387 148574 54570.9 51310.3 32031.8 41983.5 35460.1 24091.7 45286.4
497e3 86697 44960.2 54421.7 28823.8 23235.7 22042.2 17898.6 59922.4
482349 69934.1 31871.9 43155.1 19551.5 16529.3 19533.1 14320.3 51994.5
507805 148908 176985 44351.7 30724.7 50415.7 49222.3 21273.7 65929.4
461321 73149.1 75628.6 48627.7 14950.5 14948 15690.8 7535.38 39854.9
478461 124111 37583.5 38031.5 19855.1 35655.7 32069.2 17888.7 55804.1
472370 140787 32546.1 42026.8 16888.1 14445.2 13200.6 6872.71 22023.1
455727 105890 31716.3 35150.7 14619.9 16963 15363.4 6163.57 29368.8
489109 224540 21862.8 21056.1 31673.6 28791.8 35834.7 22483.7 58501.8
388717 41938 20736.1 12351.4 5479.44 11575.4 7948.54 4265.27 11264.7
433974 162527 22018.7 90876.9 32231.2 22281.1 25788.6 16742.3 44525.4
448191 83400.4 25618.4 33039.9 36612.9 25439 33631.8 17931.9 31614.8
459838 61235.5 27442.6 19762.5 8961.37 8083.53 7785.41 6095.95 28923.7
437172 157559 45267.9 25085.6 11183.2 19705.3 17801.8 7827.76 22275.8
443909 86430.8 53636.5 32737.2 16031.8 21795.7 20375 12416.5 33269.1
481782 343137 77539.1 28316.8 21688.6 41256 31556.4 14736.1 55209.3
464825 141260 48696.5 55272.6 26684.2 38013.3 38338.4 19737.8 58504.8
444477 100662 26510.2 43578.8 17763.5 18111.9 20060.2 7553.93 31445.3
474667 138144 45762.3 44795.8 43041.6 23610.8 31103.6 14622.1 55705.9
539093 178787 57230.3 64185.3 57688.1 46925.3 43556.4 24967.7 73010.1
414775 165312 65169.6 55068.3 17792.9 13622.9 13183.2 7716.72 16316.1
451029 97724.9 29008.6 26512.9 14399.9 15076.8 12011.7 5850.75 28097.9
525406 138436 34024.9 70692.8 51053.9 54035.9 39322.4 21513.3 76618.9
434869 75307.8 26099.4 52015.2 19263.1 17693.5 17202.5 6793.72 23510.5
439035 247462 39140.3 36787.9 13880.6 19101.4 22648.5 9964.32 27398.3
501893 154827 65978.2 39862.4 35529.5 32967.6 25142.7 14959.3 50239
465231 85858.3 18987.4 29698.6 12527.9 11367 12973.2 5773.61 34061.2
424978 77201.3 30279.4 53289 24218.7 39308.1 26481 12797.8 23737.8
494702 82149.4 29071.8 62716.9 35703 35004.1 47917 22889.6 82408.2
507181 160722 65532.1 72560.4 35948.6 44026.2 31757.9 23771 80254.8
431969 92588.7 23709 27883.3 18478.9 20246 18357.5 7412.88 37798.2
384649 20559.5 26187.1 12375.9 7433.83 7551.93 4974.71 2761.87 13177.4
438474 48969.4 18261.8 15081.9 16322.4 13100.8 16502.1 10126.5 39616.1
457534 146113 20732.7 11406.5 16332.4 14898.5 15795.8 10751.4 33704.7
454415 47577.3 23925.1 39193.8 28610.7 31801.5 23741.6 11820.9 41353.8
436001 212043 33813.9 23366.3 14997.6 11786.4 15001.9 6783.41 25109.2
461205 109357 45235.7 27623.8 19141 21751.2 23063.7 13046 46628.9
479310 74421.3 27730.1 12660 8355.95 10374.4 11063.3 5228.88 26897.2
478490 49289.2 54115.8 64154.5 37129.1 32920.9 27684.9 18088.8 50417.6
471570 30184.6 67769.1 43716.9 29943.5 23396.2 37234.6 22564.7 47852.9
478732 223950 54906 51609.2 23242.7 21861.5 26348 12298.3 32198.6
472949 74180.9 34816.1 40505.7 29344.5 46311.7 42354.6 12721.2 64674.4
400076 52617.3 13125.9 11775.3 19951.6 11626.9 10166.9 5440.16 17268.8
467737 170674 39744.7 35535.9 23945.6 29617.2 19878.7 9500.02 41701.4
523316 72396.4 52994.3 57571.6 45984.7 52737.4 36674.6 19207.8 62809.5
462150 92434.8 32735.3 55983.9 30663.2 47036.3 34868.6 18788.6 49587.1
471265 84542.5 22282.8 37401.8 18019.8 29508.1 20455.5 13272 36372.1
435539 120174 32185.5 15694.4 13410.8 17780.1 26982.2 10292 30942.1
493265 165780 54953.9 94009.4 37208.6 28306.4 43209.9 23665.3 45686.6
484447 197441 52401.6 67217.7 47937.8 54070.2 59311.7 34194.8 60667.2
515605 296551 89855 94004.6 72566 47865.9 57263.3 18406 70389.5
434651 65502.9 14781.2 33848.2 10475.5 15535.9 14739.6 7859.23 22778.1
416810 48740.3 26116.2 37595.5 30251.3 18898.9 18750 7440.63 25945.7
490322 317341 11958.7 32658.4 27493.9 26688.1 22350.5 15565 39040.3
447898 71370.6 16812 42932.9 23162.6 24968.9 23262 12433.8 45481
452677 244764 25380.4 48428 49775.5 33120.2 41771.5 23103.9 50988.9
447006 30557.8 50060.3 21930.1 15908.1 22022.4 17588.1 8809.69 27466.7
437729 77938.7 106674 48086.8 17412.8 26513.1 21637.3 9595.22 24491.4
440584 201950 44066.8 45746.3 17636.2 19794.7 19000.2 6577.56 24110.6
430934 53358.9 65974 30204.3 20803.5 24794.8 22588.2 11313.5 32652
478911 113459 38088.3 53105.8 51632.3 32225.1 34365.9 23497.4 51674.1
512885 149234 96587.6 124985 37597.2 41630.1 30272.2 18088.6 62277.2
435955 27481.4 20965 51103.4 19597.3 15825.4 11538.6 8523.36 28940.8
525331 143657 87536.1 117463 47322.6 60827.6 50373.8 34070.1 90542.8
419306 53823 29129.4 18976.4 5144.89 5535.26 6528.94 3063.1 18725.4
428040 79911.9 37102.4 19840.6 13619.1 18341 13892.5 7004.43 15561.9
436110 168561 35980.7 35640.5 17836.2 18233.9 16937.3 13702.6 34094.4
505620 313946 39039.2 43998.7 31226.5 34738.4 32696.8 17754.5 50198.3
546651 394734 110683 91617 57087.2 48734.8 67168.3 28607.4 91507.3
488052 121593 24602.3 28235.7 29546.1 36303.6 44640.4 22556.9 66184.4
474688 249e3 60474.4 52686.1 41774.3 35663.9 38556.4 14818.8 45484.1
441848 39476.1 62714.3 18684.9 23777.7 17883.3 19868.6 10587.9 32094
442901 147388 29573.6 37291.1 31303.9 22481.6 19831.1 11456.2 32934.1
393053 53736.6 26565.7 15416.8 9625.53 10302.4 9943.48 6208.17 16300.4
468673 60056.1 52819.2 44382.5 25252.3 27830.9 26863.4 22837.4 55506.7
403485 28589.8 78945.4 27411.9 14996.4 6281.22 10943.2 6042.31 22190.7
418104 69271.1 13003 16523.3 14326.8 13493 10288.3 10331.4 28532.8
472444 35995.6 58052.7 34732.8 62007.3 40411.7 42484.9 19649.8 66649.9
522172 250353 83071.6 89557.4 30719.5 47944.7 44507.2 22201.2 67977.3
432467 31830.5 19960.9 30989.9 19781.5 21384.2 21315.9 13305.7 47324.4
444867 124147 17476.5 34697.2 9798.26 10268.1 14822.7 5830.26 25186.3
409727 85834.1 37993.8 19106.4 8474.47 11549.8 9626.26 4216.56 14778
441779 142043 55713.8 71315.4 33799.4 40895.5 29331.2 21020.1 38005.7
439371 84347.5 27931.1 25401.8 16131.3 11779 14036.2 11541.3 26247.1
443914 65637.9 97026 61864.6 44266 27823.6 34899.6 12278.8 26192
487488 356610 99376.6 155932 78662.9 66446 57682.8 29493.1 47936.8
460975 154297 63992.8 43697 25794.7 51232.1 44775.2 24040.8 59091.7
492435 131289 76297.8 42356.6 27586.7 32525.2 38760.9 14282 55564.7
481937 141563 51576.1 40586.3 33114.3 46435.7 35835.9 20013.4 45621.6
444110 56479.1 32974.9 55847.5 37771.1 36609.2 32948.2 13361.3 25401.4
477437 40810 54287 87541.2 37640.6 30743.3 49114.2 25247.8 58768.3
507223 72109.2 48970.8 79841.3 28533.2 50438 56687.7 42781.1 72294
467651 102179 61026.5 49498.8 28311.8 28203.4 37452.5 21551 49296.2
429688 132623 15203.2 51521.2 14202 16044.7 19249.2 12421.5 25068.9
495894 118222 31719.4 64315.5 40582.1 38397.4 24894.9 15701.9 42952.9
413902 49004.1 42673.4 25730.9 17184.5 19997.1 15805.1 6383.09 23589.9
479093 144656 108798 69356.5 55226.6 41746.4 42247.6 26090.5 62091.3
430289 60964.6 68624.6 19947.8 29253.7 34181.7 34695.8 14078.8 47462.3
449575 133391 29870 61807.1 27884.2 43576.3 35288.3 20058.8 42105.4
445849 79622.4 52415.3 43295.8 21735.2 28315.2 21827.2 13760.2 29284.9
454701 43959.4 31061.1 27785.5 38336.2 41833.1 41578.5 21313.4 65603.9
363126 46006.4 8205.82 7762.84 4879.36 5900.61 6155.5 2628.63 13613.8
464003 56358.6 52814.6 68337 26765.6 25915.5 25551.2 18123 42654
470027 30889.9 58956.8 58980.9 29173.6 41219.3 38691.9 16862.5 52510.6
484527 170927 44726.6 68280.8 64105.1 41314.9 56482.1 35381 79521.5
436923 105226 43957.3 38344.2 32768.2 25124.5 18778 11308.4 31129.5
532224 243662 59762 91279.6 55820.9 61329.9 61491.2 25538.4 102531
476679 233892 34379 41341.7 21978.5 27396.3 20353.3 10298.5 46383.5
438748 55834 14476.3 21964.8 8807.23 12886 12600.7 5442.1 21608.2
459677 80636.8 64619.3 32766.6 21545.9 24466.8 20333.6 13158.6 42057.9
507512 149864 50179.4 82892.3 30532.7 53040.3 40649.5 19926.2 69863
490241 300740 71322.5 69481.7 38822.8 31483.7 24490.2 11509.5 33655.1
493589 314908 78818.8 94859.4 45603.7 109859 72219.2 32080.3 72846.5
440852 84994.4 22256.5 14842.5 9160.9 14362.7 11520 7232.21 19124.4
469857 103787 29923.3 38022.1 26072.9 24344.7 34277.7 15502.6 59050.6
457021 105060 17687.9 40517.3 24025.9 19886.4 14252.6 11091.1 37056.4
526469 233669 78586.2 92848.7 55314.4 32116.3 35303.3 13054.5 48746.5
421600 45568.9 56595.9 42453.5 27652.3 37093.4 28923.3 16063.7 32465.7
457371 108880 82050.9 44202.4 46296 37432.3 29344.4 15034.7 43756.7
484915 129782 30421 107582 45902.3 45981.6 46697 23369.4 48502.2
477090 171988 81176.4 63996.5 23472.2 33482.8 21553.6 10977.7 36231.7
565187 258410 62310 59781.2 31207 44140.8 47949.9 28701.5 81725.2
434703 60051.2 59280.4 39442.2 35255.2 25194.4 25864.8 9417.58 29474.7
462489 81548.3 49575.2 34806.3 22576.6 36874.8 18903.6 11551.8 27315.6
390389 27563.2 11205.2 11926.3 6637.68 7715.75 4242.99 1976.58 10960
436495 60561.3 56049.6 29025.2 15373 22214.3 16554 6675.23 30063.8
435567 50676.4 36920 16586.2 10530.9 16269.4 13516.8 5719.07 26215
463940 228313 31477.4 50179.6 36584.5 27460.8 25576 18667.5 43580.3
447057 82696.6 70120 47918.8 29110.2 21260.6 22779.3 12864 30837.7
459193 162272 24072 51209.7 29345 36397.1 24302.8 15378.7 42803.4
445590 196515 39003.8 19780.2 15739.6 22494.7 17517.4 9879.71 34075
500508 147522 40316.4 44248.8 17962.4 12908.9 20048.5 9566.52 47861.3
448583 180630 45130.3 48298.1 27154.2 33614.1 47707.2 19015.5 44479.2
479884 197475 62290.7 42864 30069.3 26766.9 26816.3 19782.2 49083
476165 95968.8 37188.6 59273.7 17848.1 16674.2 22180.7 11093.8 32153.8
455300 52864.9 20439 37660.8 17147.5 15970.2 16509.1 6794.58 20523.6
458215 100906 24658 63217.3 38624.3 38421.9 23287 20817 52359.2
423664 30710.8 50291 55141 21035.7 21164.7 20673.6 6920.06 24519.1
484010 249635 52696.6 23885.4 17266.9 22299.7 18068.8 16248.4 45667.3
466645 410505 30223.3 48842.9 21807.3 30921.6 24860.2 12273.8 32644.5
397857 16629.8 41923.8 25595.9 8277.08 11563.5 12624.9 4715.16 19205
462638 185547 50724.8 33056.6 15434.3 11602.9 19176.1 9434.73 32240
474941 90895.9 68382.7 92311.3 45500.4 47490.8 38802.9 15912.8 54947.9
459028 93964.3 47707.3 27985.9 26124.8 34490.5 26448.3 18592 47822.4
448411 149164 36632.3 24805 16582.9 8940 15086.3 6089.1 25315.6
428597 85540.3 81433.4 91329.7 28277.9 28001.9 18995.2 10369.9 19639.5
491592 173658 65629.8 46404.9 28030.9 49899.9 22586.2 21116.5 60577
478577 150496 27493.6 34829.8 20267.3 26060.6 28008.8 16636.4 40992.1
462881 134048 57949.5 52086.8 26117.3 18888.3 18281.4 13930 36764.1
417741 56295.6 26568.6 14768 25636.6 15671.3 12851.8 6915.65 19110
481190 116771 33511.3 60116.5 39868.3 35740.5 29410.5 20246.6 45342.2
456416 83105.2 13330.6 8966.39 9686.62 12410 9711.46 7651.95 24004.2
497701 143541 55577.4 91727.8 39908.2 36021.8 38779.9 19733.8 51105.2
412047 27380.5 25346.6 19628.4 9755.69 10600.4 13755.8 5736.14 25870.2
472147 46961.9 76653.4 29430.6 20406 25887.4 20924 16203.3 36073.2
475026 106461 60107.5 39109.2 19156.2 16285.8 17858.5 12448.6 33050.7
451822 215283 48859.8 77426.5 46590 41477.3 36942.1 13170 44713.2
441068 63779.9 28023.5 19268.6 23891.9 24524.4 26155.4 15517.5 48181.2
472942 79412.2 43553.8 23308.1 30688.2 27720.5 21983.2 12601.7 38147.2
474426 38587.5 66351.4 21057.2 22990 15574.2 19960.5 9608.92 46797.5
462018 53804.9 65741.6 35854 15647.9 16094.6 12382.5 10831.7 28180.1
462887 167845 34013.9 22438 19789.7 26433.6 14268.7 9892.18 36406.6
481165 120492 50732.5 43872.6 32144.1 30360.5 36493.5 16252.7 47665.4
499526 103015 29858 59746.9 58500.9 58247.4 63077 36384.8 89654.4
462109 181175 79280.2 28810.9 20111.3 18514.8 17464.3 10278.2 25055.4
575923 327658 67035.2 75726.3 60514.3 37441.1 47642 27601.4 88374
425940 142850 36546.7 34034.7 11513.7 15897.7 13456.3 7286.72 15922.8
548955 358705 93668.3 56711.4 69599.9 67174 81020 30902.2 92596.1
415117 78214.4 39312.5 22638.1 9351.27 5544.7 10257.3 4513.16 9182.02
442481 80421.7 25436.5 42243.2 27929.2 22134.2 20134.6 13864 40725.3
467026 176918 67288.3 28351.4 40499.4 44559.4 24040.4 18801.1 53050.1
459313 80024.3 73934.7 54587.5 33373 29525.6 25487.6 12164.1 33145.7
438334 172705 57406.3 21464.6 15268.5 12185.6 20430.3 9733.73 29063.1
453562 95027.7 60804.5 32658.4 20968.9 23441.4 16769.2 8027.36 39808.5
399466 16530.1 19326 22763.3 24642.2 18471.5 28857.9 11492.5 22876.7
469336 60922.7 42760.7 49408.2 54573 45094.5 33060.8 23710.7 58329.3
427100 80088.6 21095.7 32238.1 13928.1 16178.2 12816.8 5245.92 15684.7
452473 139519 37279.6 57249.6 25894.6 25174.8 19481.7 10359.6 43067.3
443311 74944.1 28934.8 33776.2 30229.3 17642.2 22268.2 14391.6 39285.8
416377 21110.8 8041.75 8210.35 8265 6214.91 8527.53 4559.76 16291.6
426473 33639.6 43071.9 48503.2 19735.5 21833.3 23120.2 12428.1 26587.5
431742 24268.3 46919.9 43195 37559.2 31523.8 27816.1 14105.7 42154.8
405466 101282 29868.1 20595.7 19685 15041.5 13670.5 6005.17 21102.4
440471 46467.4 39124.2 58637 27328 28358.9 18175.4 13510.6 47309.8
456369 95874.6 70200.7 30605.1 34832.3 20983.5 16945.2 11879.6 37383.8
475876 113404 78139.9 40213.5 26345.3 21809.6 22530.8 17264 39552.5
432939 50719.7 14599.4 24322.4 25731 12898.2 16428.2 11959.1 25706.5
437413 122897 19251.1 19651.4 14087.8 9763.23 8544.28 6536.32 24804.1
483556 124168 85084.2 72783.5 26935.1 19491.9 23075.5 12628.6 51345.9
388420 20302.2 28995.9 5876.53 8060.29 9854.32 7824.7 3089.82 9744.05
445106 52809.4 17198.2 21211 14931.1 23334.1 20172.1 11873.1 45212.3
463485 74259.8 45589 30910.9 20361.2 21570.5 33113.5 18658.7 55644.7
401590 29491.4 11406 22990 20120.5 9495.69 9354.33 7484.37 17357.7
446489 79575.4 21901.2 31463.6 12585.5 13807.4 12003.2 9898.18 28368.8
443611 75520.5 20933.4 17891.2 15851.5 22428.3 27865.2 17206.1 43173
460622 78897.4 95457.8 51087 20057.4 24969.1 21261.8 17439.9 35601.2
492332 107312 26833.4 60223.9 24282.2 26947.4 28361.6 10964.6 45726.2
509173 131725 60807.9 55727 48024.3 79476.5 50968.5 25228 71411.7
439241 196097 72097.9 17890.4 24904.4 16935.6 19506.5 13535.1 31542.4
479991 214082 43616.9 62674.9 23609.4 28973 18656.4 10886.9 36846.3
486976 52206.9 72378.1 55024.6 25158.6 29322.4 22114.1 11550.6 29691.7
401388 27096.3 10807.6 15480.7 7191.78 6426.4 5777.83 2414.44 12135.1
417925 36271.9 55958.9 20864.2 13525.3 12137.1 9114.63 6527.18 14019
497339 64459.2 66435.2 30666.8 21082.9 31084 36393.8 17672.9 43634.8
436637 40262.5 33922.4 33807.8 16289.4 31051 30390.8 15899.8 45752.8
443637 61257.2 33753.7 49081.5 12454.7 31234.9 26891.1 14945.4 46466.3
386930 95340.6 3305.09 15041.7 8145.83 8743.35 6864.51 5724.17 17101.5
515138 126384 82375.4 106200 64881.3 49107.7 40777.2 26280.6 66842
466172 374678 41057.7 35661.9 24515.6 27571.5 24775.8 14354.5 40164.3
464768 68643.6 51981.8 33217.2 21988.6 22355.7 23984.3 17671.2 44197.5
441501 65136.1 20710.5 20507.2 18319.9 16902.9 14418.9 9385.89 33743
494506 145844 86702.1 40389.4 30895.5 54748.7 51064.8 24117.8 57957.4
462245 67946.6 43964.3 71749 22810.5 38206.9 27671.4 11852.8 39073.9
455437 177058 29778 47349.2 31146.4 25295.2 25100.5 17707.5 53380.6
470187 81228.7 15874.7 43720.6 14691.2 17502 20816.7 13122.9 45140
458474 128891 28466 62058.1 37089.5 33331.2 31101 17121.8 45965.7
436933 85126.3 53851.2 18062.5 36162.8 29218.5 20094.6 10042.6 38147.2
493982 81904.1 46061.2 35491.9 37053.1 37268.4 39805.5 19660 68797.8
484938 174975 43007.7 54347.4 64513.6 31196.4 41314.5 20740.8 60312.7
464432 194456 27699.9 43972.5 19684.4 24732.6 16744.2 11058.5 31495.3
458110 76439.4 29980.8 15734.3 15041.3 17517.9 22909.7 11025.6 40499.3
417169 49022.9 17053.8 13388.8 15376.6 8425.03 11593.9 4941.61 27082.4
478567 230327 55368.1 91006.4 73360.5 39012.3 47833.2 28139.4 68672.8
514138 95731.5 87173.7 101879 47818 48572.8 46085.9 23550.9 80230.7
452332 48917.3 39681.4 25518.5 12743.9 15917.4 15464.2 7777.31 32332.8
435496 142702 36351 45600.6 18627.6 22632.9 18188.1 7927.36 24666.5
491036 111689 97815.2 53873.3 49406.6 32472.5 28552.4 13892 55418.1
511302 178900 87901.2 106481 77818.5 119142 67205.9 37088.8 60070.5
488312 64624.3 71216.1 32739.1 21283 27418.5 24335.2 12917.2 38303.5
412979 96954.7 28552 29305.3 11024.4 17102.7 19607.2 6885.72 20619.7
480679 152137 60709.4 46008.5 38277 38436.8 27086.1 14116.3 42544.6
471394 88328.5 66524.9 25662.7 30874.1 36487.4 40544.3 13390.5 35666.4
428488 56244.6 33860.6 29291.2 28783.2 23722 22052.5 9971.76 24797.9
387304 56966 13823.8 20877.1 6803.76 5973.62 6771.41 3144.38 13234.8
462561 105690 31159.4 56957.6 24952.3 29181.6 26059.9 14428.2 50500.4
510900 188241 65912.7 112812 28851.7 35677 32217.9 14340.7 51254.2
470485 166406 70596.8 67253.7 40060.7 25600.8 25028 11351 38064.2
474875 93299.8 61126.5 53272.3 45540.5 31843.4 44516.6 20093.1 51837.1
414626 67189.9 27088.5 23933.2 17856.1 10945 10415.7 5541.5 20722.9
437557 71595.8 36232.3 37113.9 18542.8 28288.7 17909.6 10993.1 27959.4
448107 192343 72740.9 75581.8 43315.2 33871.7 29534.6 16532.9 42537.7
448407 50488.6 15620.7 29898.2 12973.2 15392.5 17732 13163.6 38656.9
447059 62600.2 22628.3 16298.4 10169.8 11342.2 10884.6 5424.05 26598
585839 331314 131839 80875.9 59657.2 73829.9 55424 34196.2 116909
438941 50439.3 46546.6 42003.4 18722.4 20125 24243.9 6833.63 30833
430463 138401 11302.6 12841.4 6831.31 8394.97 10832.3 6635.55 33349.3
440305 285151 42789.3 37648.7 35455.2 19867.9 15858.5 9052.8 21107.9
449246 98342.1 41610.8 33364 25922.6 19086.4 20003 10475.3 38903.2
523452 150846 82122 77083.9 67225.9 58244.8 40825.7 23469.6 84163.3
523845 248949 46178.4 65020.2 38543.1 38940.3 34129.5 19748 59392.1
464319 196115 31540.3 29002.2 21522.3 28053.6 22208.3 12353.7 34104.1
470839 451566 41882.4 29680 42270.9 25935.2 20361.5 17729 43690.4
461873 216273 28888.7 35466.3 20646 16852.1 21775.8 10145.4 28051.3
452359 83244.4 55818 43550.8 23137.3 26971.1 18667.8 12788.9 30934.2
416182 179279 17328.7 21466.7 18580.4 15980.1 10500.4 4400.46 14377.1
470752 97188.6 122053 33972.1 31833.4 36796.7 31437.6 16939.4 48356.1
485627 146774 30456.3 58071.1 32249.5 41099.3 29641.5 17256.5 52801.8
430228 34668.3 45922.5 29871.4 29131.1 38340.9 37025.1 20947.7 45881.7
433813 42721.5 17937.1 27937.1 7965.43 8569.33 8097.08 6160.99 22721.7
427133 54038 13280.1 33353.5 16633.2 21470.3 18130.4 6812.28 27635.5
490117 142334 59467.6 64411.6 35222.6 30407.7 30119 15305.4 40995.7
422959 93288.8 43760.6 31934.2 43413.1 34496.5 23655.8 18882.5 33498.1
453337 36775.7 27290.5 38226.4 60085.9 39105.2 46864.3 18453.3 50834.9
418611 80958.2 29316.3 53950.8 25424.5 29710.5 21940.8 11023 22681.4
412553 33499.4 7537 17930.1 8980.84 10540.9 7856.09 4456.25 19035.6
485411 77189.5 85585.3 44124.4 20926 53079.9 42463.3 24208.7 51995.8
471189 69511.9 83541.9 33622.1 24511.5 24987.4 22690.3 11105.9 39984.6
429930 115912 50121 31424.2 18785.2 17887.2 10159.2 4915.13 17710.7
535494 122772 81498.1 63260.5 56804.5 37349 46840.4 31111.3 79751.2
442832 158576 19494.4 21077.6 12186.7 17167.6 17529.1 8680.23 34860.4
443697 51887.7 16112.3 13505 10213.2 8058.74 10409.3 5443.92 25778.2
476866 90614.7 90724.7 30520.9 27882.3 20489 22372.5 12477.8 33344
502260 93365.7 56390.4 44039.7 20036.5 24505.9 24067 12968.5 44977.6
490803 125742 89351.6 96806.9 47292 52558.2 42834 29357.7 62478.9
452176 68752.2 26095 30177.3 35268.7 28172.5 36168.2 12538.6 48428.3
449950 72084.7 44048.4 47498.9 42704.2 34686.5 21467.4 11615.5 40672.1
498100 133793 84946.4 82333.2 25157 30192.1 40643.5 18260.3 69735.7
582631 350819 51940.1 41402.1 34904 77552.3 103971 64805.1 111704
510463 92719.2 38520.2 80126.8 48322.9 51057.5 51150.2 29717.9 67074
439677 41194.4 25546.1 25091.7 8715.41 9163.84 11095 3830.02 20801
474462 118604 71948.6 50599.6 27319.8 15637.6 20605.6 8845.47 27186.2
490177 347675 58895.2 27612.2 29571.7 28551.7 26197 17948 47486.1
491221 309131 40452.8 55388.5 40790.7 46728.3 25151.7 14007.8 42844.9
418705 33006 17464.9 20940.7 9341.57 18340 19906.9 7486.43 33141.4
489424 126702 30658.6 70688.1 39272.9 38249.4 36328.8 22885.1 78107.4
465602 146485 58218.8 41909.5 26779.2 34941.5 24260.7 10480.5 27608
485389 307100 56144.1 80982 34523.8 31781.4 28428.7 8687.06 42315.9
453076 54301.8 23790.5 32978.9 14479.4 17194.3 23632.2 9127.28 52546
484225 88136.6 97599.3 80291.7 33127.6 39820.5 40911.1 19158.9 46525.1
414616 57291.5 30647.6 37018.7 20995 13966.8 11669.5 8304.35 10431.3
454944 71530.2 56240.5 25187 14155.6 15760 17023 9030.93 24858.7
422853 61810.9 23158.3 30317.5 20556 20072.4 11381.1 5448.33 17785.7
492460 217657 72285.8 63360.2 28223.9 25873.1 36948.2 18023 66656.3
423159 43956.5 23707.9 50479.9 15979.9 19507.5 21908.9 9555.13 23027.4
439448 52818.2 27368.5 38306.2 20081.3 27268.9 23626.7 9057.58 33570.3
440781 51005.5 13730.4 40419.9 14531.3 13365.1 12228.7 11351.7 30371.4
415511 40992 81350.2 64345.1 40691 36066.1 41439.9 18469.5 31869.8
477230 284030 26440.4 83515.2 28480.9 56177 34292.7 26464.2 55066.9
507142 123058 23554.3 69355 58705.8 79324.7 62425.1 37962 76664
442483 146876 50092.5 29485.7 20575.9 16272 22012 8323.79 24513.6
415869 60263.1 39479.7 18555.3 13497.4 12537.6 9853.68 4111.1 18815.4
485584 191762 46240.7 38936.2 40958.1 36412.9 38789.7 18347.5 45229.3
512165 81514.2 68860.2 59534.7 33503.1 19069.6 23484.6 20995.7 52221.1
453138 128635 46897.7 16910.3 17127.1 17309.2 14043.6 12303.9 31892.4
492280 132446 41453.8 40356.9 26874.4 22721.4 22084.1 11158.6 42824.1
455848 48623.6 29321.4 32169.5 25992.5 26895.5 18418.6 12620.4 46050.9
501752 101411 43763.6 51313.7 28272.1 31596 40575.8 25638.9 84409.7
461703 23595.7 55906.6 26662.4 17872.5 19127.8 22606 17729.5 44233.3
447337 126455 34489.1 32128.8 14969.2 17525.6 12400.7 9092.04 31881
439770 60922.4 26707.8 48362.7 17468.6 23248.4 16663.8 9130.16 17033.1
403896 26745.3 47580.1 19679.3 9119.33 12966.4 8087.77 4592.02 10838.1
486254 91983.7 53412.6 26703.4 26223.6 22845.8 20944.5 13888.7 53122.1
493688 67417.2 59107.3 40616 60792.4 40030.8 57680.4 24601.7 64851.6
470199 45535.1 53167 58219.3 24861.3 29774 20613 15784.8 39605.9
476805 167091 58907.2 49794.5 22137.1 27620.9 25562 12536.9 35134
511799 361556 53278.4 43671 31612.1 48862.2 38321.6 23040.9 66693.4
471246 129252 84146.8 72705 48254.1 36760.6 34476.5 15254.9 47681.8
496050 69422.8 44244.5 42401.3 65045.2 64272.6 49766.7 24153 76303.7
466938 71001.7 33062.1 40222.1 8527.49 15852.6 19661.1 7085.35 33490.9
505346 148532 87502.1 44065.2 47234.7 45371.6 44357.2 26541.5 59619.2
441897 119025 83358.3 51023.1 17846.7 23548 18224.3 7332.92 25332.6
485872 227489 64341.2 57821 35094.6 32144.9 30671.4 13956.3 44605.8
389790 38593.1 22927.9 12465 7593.11 8203.83 5816.37 4284.69 13972.2
515857 310285 59970.7 44822.8 19759.1 24123.9 21793.7 10402.6 58731.7
416144 78799.1 58547.8 46049.4 18607.7 24494.7 21137.9 8540.06 22869.5
414049 104222 20415.1 30814.8 12990.4 18049.4 13579.7 7500.37 26684.5
456291 271982 51440.1 32407.4 13444.6 19553.4 17193.6 8791.91 29050.5
452088 158528 46732.3 31359.6 17098.2 15393.5 15550.1 7352.5 33583.1
501276 140312 48397.6 38007.3 26193.4 24119.4 33845.9 16621.1 59352.7
459421 42269.9 70114.2 29069.8 18479.8 18023.4 14338.6 8530.53 26798.7
458126 71099.9 15866.9 26866.2 10296.4 16967.2 13820.5 6301.21 42964.1
477286 128275 35622.9 24934.4 33424.8 39945.7 25530.8 12731.8 44187.8
477035 89731.6 40532.9 27088.9 13139.2 20136.3 21005.4 11245 37648.2
476346 120224 33023.3 53657.3 22902 26341 28820.1 11286.2 35529.6
439562 93866.2 41261.8 67431 29428.9 22856.7 28610.7 13871 28047
454058 97666.6 51005.2 25234.1 17823.2 20263.9 14829.3 7756.26 22981.9
437297 72269.3 67052.8 33278.4 16407.1 20766.1 19323.5 10342.8 22270.4
418930 29234 47635.7 32465.3 16819.2 18160.3 11554.8 6259.92 14104.4
426033 41390.8 24841.6 1e4 8397.01 7067.95 6428.88 2408.94 15591.7
483151 133656 61006.8 34049.7 32035.3 23427.2 28879.6 11822.5 38540
470636 198630 36353.2 60291 29158.3 34298.2 27140.1 16809.8 44198.7
530186 133928 31904.6 76822.5 34850.1 48561.2 71777 25446.5 77971.2
405513 80882.6 33300.5 49600.6 12373.8 17880.5 17066.2 7192.05 22019.1
442843 105036 57578.4 33479.7 15727.3 19578 16233.1 10935.2 33951.3
510744 69042 70670.9 41941.6 27610.7 28538.1 35844.5 20158.5 67103.1
394396 59039 24659.3 18371.9 3857.29 8200.63 5037.93 2314.1 10589.1
418786 69005.4 21030.6 25372.4 15788.1 13844.9 18495.3 7519.25 22906
417058 80587 13875.2 14951 11413.5 6994.59 7604.57 3747.97 13243.8
491136 145332 55127.6 55208.6 38818.4 28265.5 26596.5 14158.7 52299.9
400345 62618 66496.2 31974.2 16767.1 11011.4 14793.6 6819.4 18203.1
408307 45770.4 32168.7 15225.1 12595.3 7439.87 4498.89 4407.93 19277.4
481046 179799 58165.5 30645.3 45157.3 38002.3 36199.4 20092.1 53592.1
502829 129127 80972.9 114155 24152.2 34678.4 26759.8 20233.9 74091
490295 86137.9 25126.8 51855.9 23345.1 48241.6 35722.1 19813.5 61602.8
412907 46027.3 19165 21350.7 9927.77 8569.11 8591.53 4725.73 17552.5
487623 119728 89850.5 87357.4 35834.5 42538.7 39723.3 19211.2 48506.9
517410 62657.7 64894.5 105453 53671.3 53604.1 52968.9 36652.6 72790.7
415484 43701.3 36939.7 36507.5 16027.6 18522.1 17611.8 7621.21 26684.3
465133 335483 41223.7 60902.7 31648 29636.6 35906.8 19965.6 48286.4
419843 118017 43373.2 43820.5 12429.9 19120.9 17336.2 7006.12 22480.9
437904 186265 47854.7 20287.5 16069 11624.8 8685.29 4641.2 16003.5
380901 48485.4 24424.4 21585.4 13004.4 10947 8926.23 3405.75 9024.27
417966 55387.9 19418.4 37305.4 41463.3 14409.5 22408.5 4807.74 20268.6
443793 131018 46793.7 36165.8 34860.2 23947.3 32476.3 12288.7 39655.2
500333 121700 28108.2 29896.8 15986.3 22012.8 18636 10752 49597.5
416418 37053.2 40175.8 37768.2 23717 40049 31532.5 11049.9 29083.6
448065 196564 44516.2 24484.2 16364.6 15330.5 21924.2 11839.7 31726.5
481140 51749 42726.8 39766.4 26756.6 46683.5 57330.2 24669.6 48600.9
485368 47790.4 49504.3 62276.7 31409 30697.1 31051.4 18505.9 50264.4
473803 463282 38152.5 37270.2 20199.7 36915.6 36094.6 10425.4 46215
489356 112339 65656.8 29554 21918.3 33310.2 32168.3 17686 53440.9
475678 64655.3 33881.5 29358.9 54348.5 46717 32347.2 20967.3 53446.8
448583 121547 33735.4 39101.7 35172.2 26600.7 20191.3 14506.3 34114
513170 135642 48256.1 41787.3 21193.9 30448.5 22673.8 17939.5 53836.4
431577 43334.9 43371.4 31900 9770.72 23141.3 19627.5 7965.03 20587
486385 293594 37992.1 37635.4 11626.7 14593.6 15765.8 15650.4 35188.2
469339 155473 47386.2 32680 23722.3 24192.2 19054.8 7209.34 26450.6
519869 251825 167944 115143 60910.6 59150.6 40437.2 29172.6 70876.7
500609 208299 65669.3 59085.6 35411.8 46609.1 38601.4 29686.1 59881.6
436841 99178.9 31310 40766.6 20419.2 34157.7 28042.7 16912.3 41791.7
483869 73169.8 43346.5 35781 15634.3 18399.2 21635.9 12233 43626.6
466136 116167 48468.5 34846.3 18780 12358.4 15685.6 9345.87 40752.6
465906 52311 28424.7 60044.9 25329.6 18343 16979.1 11017.4 36511.7
450907 117659 53763.1 45367.8 30966.9 24766.9 20002 15184.6 36823.2
407906 99211.5 9163.85 22028.5 15364.3 10572.3 9325.36 4756.73 16587.1
424301 56896.1 30593.6 58811.8 26946 27173.1 23715.6 10803.4 33871.8
448201 98858.1 45826.1 46369 23223.9 15885 11899.3 5680.53 23436.2
474171 348952 50457.3 39330.7 16228.9 18449.8 28382.3 19524.3 42504.3
409035 31882.7 56128.1 22659.1 22375 11570.1 13833.1 7665.05 21363.3
467429 91928.9 20718.9 52383.8 16241.6 18564.5 23390 13848.6 58336.6
470072 222998 68260.1 57360.9 43811.2 46380.3 41091.4 23593.5 56721.7
486261 65144.3 54753.7 63752.8 51863 29729.7 27579 24044.3 49284.5
497824 212593 48559.6 64025.2 32813.6 44078 39548.4 25883 67547.8
452422 31874.2 57112.8 25426.8 26870.7 27461 22263.8 10323.4 35837.2
467372 174847 27216 36602.7 31881 34202.3 26754.8 15748.3 45681.5
464712 274964 64870.6 109684 40644.4 28835.5 29855.9 15022.3 29094.3
457565 42786.6 65825.5 54505.9 28389.5 28203.3 17078.6 10744.2 29713.7
473912 135816 56259.7 50280.7 34558.7 32838.7 33127.6 15478.6 30252.4
479913 111559 61678 70674.6 39973.6 60314.2 43226.9 24455.9 49621
435520 240385 57604.4 64014.9 38035.2 47226.1 33634.2 18208.3 42405.5
440140 68409.5 23398.3 11694.7 6749.46 11071.8 9307.55 4268.88 30589.3
404759 84697.1 66904.5 49031.9 26935.4 32894.3 20549.8 8542.41 19492.1
433734 97783.4 35376.5 22931.3 11505.5 9576.81 10294.9 6014.81 19257.3
386182 15860 14113.9 11401.8 8070.33 5892.24 3888.33 2661.02 9674.57
435262 29116.6 16079.3 42181.7 36832.6 38747.3 24826.2 15752.3 36234.1
491482 219051 64965.1 56245.9 35103.7 40093.4 40428.1 23030.9 48859.1
464911 182035 90004.1 52450.1 18986.7 15307.9 16660 12165.1 26951.2
505258 96175.4 33977 70310 34218.8 42036.1 31341 26479.1 75339.9
449821 59443.2 14333.7 31770.3 20343.2 22348.1 18125.6 10767.6 30824.1
536580 315361 67055.6 154295 72801 82677.6 83876.7 56072 93897.4
461345 77280.3 29555.2 34074.1 34260.9 24150.7 29283.6 14753.4 43101.3
422107 50912.1 77975 18677.4 6608.14 13992 12457 6679.23 26873.3
429358 131072 37791.5 35623.3 23491.1 20477.3 17663.3 13444.1 29786.7
527185 57407.3 128098 92925.5 43165.7 70282.3 61916.9 41901.3 89804.5
438300 107602 38335 28441.8 9815.44 23449.7 20390.5 12327.5 35950.3
404398 100455 20184.9 19738.6 11353.6 12237.7 10727 3860.13 17722.4
478879 175030 37268.5 42873.4 23276.1 31611.6 34104.5 15949.1 48056.7
412852 56215.6 37686.8 12669.5 10914.7 5562.2 9948.91 6354.07 17253.3
438694 76141 34468.8 32832.2 40532.3 29752.5 24455.3 15153.4 42201.4
440257 90226.7 71646.7 29783.5 30473.5 31335.6 28785.7 13939.2 33549.5
514237 44865.3 43716.5 63476.7 26346 47247.2 60179.5 24229.5 76418.7
443785 124193 64328.9 30181.2 14343.4 23805.4 21763.2 5645.66 33653
420632 22595.1 32858.5 41592.3 13033.3 13832.3 12336.9 6480.33 21076.4
405465 64044.4 11279.7 15658 7550.01 8326.12 8188.65 5598.37 15214.4
459326 89438.8 36145.4 52476.3 25932.4 29798.6 27395.3 21593 57038.5
467377 141354 33739.8 32207.5 13764.4 25855.5 27440.1 11439.2 36898.9
459543 76018.7 53541.4 69260.7 32478.3 27543.5 22739.5 13616.1 44672.2
518540 200345 72845.5 46597.5 17458.7 26072.2 23769.3 12944.3 48705.7
457837 73588.9 40097.3 41828.9 30511.2 27555.7 32557.2 16508.1 46149.9
469005 150768 51610.9 44635.8 32486.6 28800.3 17916.9 14228.9 38180.9
542739 112733 95329.8 64570.6 37656.9 58104.4 45288 23218.1 57714.8
440277 137583 16373.4 19536 11445.9 11024.7 14238.5 5562.89 23402.9
421442 107244 70252.2 16479.3 6724.68 11556.3 9264.88 4339.61 13866.6
445769 37735.6 41345.9 26927.3 18687.5 20670.4 19688.4 9959.22 36673.6
409563 49481.4 24780.4 37823.6 7585.55 7469.45 5931.41 5070.66 13586.4
477676 31058.8 84684.1 98135.7 77920.7 46666.5 37266.6 26079 63811.7
415268 54031.2 24220.8 24143.2 7329.19 8353.19 10027.7 4210.42 14542
506034 137171 112067 86893.3 40585.8 39360.5 34970.6 24046 78323.9
400682 118002 38458.2 17555.1 12583.9 12648.3 10005.7 6473.57 21911.2
473617 151443 86764.4 42639.8 17221.1 18906.8 17303 10186.9 34223.2
475948 70803.3 88301.8 61314.4 43417.9 41033.7 35832.5 17741.1 41174.5
411812 38668.6 22127.7 12759.1 7156.81 9136.23 10175.2 4673.78 16732.7
468725 77328.1 29648.5 25283.2 31667 21065.4 20978.2 11967.9 36837.3
520246 57090 29523.7 20913.6 21502.7 25814.9 16367.2 11646.7 57022.8
413073 32034.4 22431.1 31977.5 26839.5 25087.4 15281.3 8531.07 26200.3
545980 277940 109480 81366.9 43459 50820 38282.1 23248 82175.5
437789 119814 27167.2 89504.5 30364.9 24788.6 22928.9 11399.5 35421.3
435488 73999.1 28944.6 20179.9 24359 14600.5 12281.9 7111.47 22638.3
432255 93312.3 24454.3 43572.3 16075.6 14844.9 17293.6 8330.6 22631.9
389150 11677.3 12775 9045.25 7233.03 6503.43 5783.99 3300.11 9164.12
438315 45320.8 29918.7 30845.7 16383.1 19143.2 15736.2 13725.1 37705.7
470103 53864.4 41138.9 41312 29113.2 30446.2 21964 10949.4 41732.7
460231 71632.2 48456.3 75542.3 42788 46852.1 29396.7 16683.8 40179.3
501818 262668 38775 34795 17319.9 21949.2 25653.1 14715.2 61826.7
435432 275442 81675.3 10829.6 16518.5 9602.67 13190.1 5234.71 21114
454459 161649 38902.7 38395.4 26659.5 16630.6 26105.3 16365.6 39993.1
568154 107211 67348.6 77059.2 61588.6 67259 55123.7 37032 121111
452119 20972.8 33328.5 64302.1 20608 18335.3 18718.2 7297.62 22939.5
416071 38162.4 18926.6 16895.1 7279.3 9167.91 6303.64 2965.06 12749.6
462139 325990 40524.9 58267.9 72175 41683.5 32328.4 24522.3 46880.2
411217 110320 16395.5 14868.8 9641.48 9104.18 6762.18 2670.03 14542.9
474691 54319.9 33495.8 82097.3 32541 45957.9 49921.7 23515.3 74180.9
518341 389393 39425.2 88856.6 32036.7 37972.2 41049.9 28303.9 58240.3
462767 112506 27064.3 18262.8 13785.3 27419.7 15683.3 13379 46284.3
460157 108798 51314.5 38907.9 24837.2 25112.9 26744 11567.5 33369.1
477515 57481.2 68881.1 38146 25728.2 34623.8 27173.2 14589.5 51515.8
428965 65482.9 48671.9 47215.4 26244.2 21056 13202.8 8259.64 18575.4
480342 74484.5 22159.1 23159.5 6335.32 10087.2 9693.99 5549.43 20026.4
460859 47617.5 21310.2 38867.2 25985.1 22171.1 24912.6 17069.7 33752.9
447588 115975 65279.3 57994.7 62289.5 24350.7 18886.3 14524.6 38786.1
470532 90007.9 64534.4 35051.9 23566.2 21280.9 22791.5 13107.8 43155.8
479747 341611 49050.6 97540.4 68623.2 63025 66266.2 29465.4 80919.3
448627 43113.8 36322.4 41702.8 25022.8 23194.2 26822.4 11465.6 28227.3
474580 237398 64588.5 53086.3 23386.7 32693.2 35993.8 19623.9 54957.1
451981 72789.8 31884.3 54888.7 27760.2 22219.4 22217.3 16746.8 40630
438847 63438.3 37104.7 31113.6 32694.2 19887.2 23913.6 10737.6 34867.1
453117 73640.6 50516.2 27568.7 15181.3 14493 12931.9 9549.15 32552.5
426505 120645 26045.5 42349.1 21852.7 29604.9 26422.8 17316.4 37877.6
478687 109966 54724.1 23629.6 17357.2 19971.4 15938.3 8346.59 34811
460719 130284 77468.6 29101.3 28405.8 23947.4 24732.9 16099 38791.3
435230 61408.2 20096.2 18923.5 12921.4 15999 14877.2 12211 32259.7
431514 160472 30820.7 20295 6567.69 10117.9 7673.25 4067.71 17977
394340 28630.1 16767.1 15153.3 6111.74 5194.64 4429.54 3222.79 14509.9
488175 250163 77533.6 60876.6 39990.8 36896.2 30792 14402.5 44969.7
528901 247893 92873.7 87873.2 42517.9 36715.5 30183.5 26976.9 66682.1
440057 61796.4 17873.7 29257.6 14210.8 22388.8 20034.1 14376.4 28358.6
464934 144351 33556.8 52124.8 29239.5 27124.4 22648.9 18256.5 41610.7
457116 80345.7 95983.6 43349.1 31431 31927.7 32323.3 14169.7 40310.1
438290 141353 18913.1 11539.2 15687.3 12548.5 11807.9 6133.97 19988.3
498582 345867 82630.8 141013 64387.8 63165.4 38021.2 36460.5 65016.2
459816 123003 29117.1 54028.6 30244.2 36079.4 43349.9 21274.6 68019.9
499888 73811.5 62808.9 55623.2 57420.4 78101.1 50115 47513.6 87538
467102 127783 34764.8 47154.9 37071.7 25776.7 26270.4 10570.5 30512.2
466317 68516.3 24816 35746.7 20420.1 21224.5 32320.9 13760.3 38562.9
469069 100452 47424.5 40218.2 29852.9 35577.2 21079.6 11707.3 42422.9
412130 67572.7 26384.1 25998.9 9195.11 11572.3 10207 5625.16 15166.9
412772 28228.1 17778.5 22745.1 15831.7 9887.41 14959.3 9646.98 23733
452714 166871 22285.1 45039.6 32114.6 23467.7 15982.6 12704.8 21266.9
487091 117452 51370.3 58006.5 36351.4 33067.8 23819.1 10596.7 37916.2
435029 261248 36698 27250.2 18226.9 18174.3 12715.8 7361.65 25881.9
425733 72620.3 23778.1 69633.7 7983.34 18929 16707.2 10405.4 27764.7
504201 212996 87888.5 48185.9 35736.4 47521.5 38893.9 17349.9 45963.3
450512 66133.7 25928 56653 16186.5 17251.2 21046.5 9987.38 31719.5
446994 28010.3 21821.5 11779.7 8714.82 12955.3 9249.77 5422.3 32131.5
419384 79985.8 37347 16403.2 19484.9 22661.8 14230.9 10075.8 31687.3
449777 41892.6 37424.7 18949.9 14583.6 10697.3 10760.3 5799.42 27955.6
461158 39397.9 76609.6 105045 68439.9 50222.9 47303.5 25030.9 50046
427498 117663 64370.5 46292.6 25670.5 34628.1 25220.9 10033.5 35935.4
454659 123263 6730.95 25674.1 18319.1 15599.4 16644.5 10222.8 39151.6
469132 159792 50228.7 40930.3 19608.6 21134.8 20718.6 11846.9 44641.2
458792 126012 38579.7 22490.9 26687.6 21709.9 23681.5 12788.1 37050
470165 113967 107427 47250.2 27332.2 31245.5 26169.2 14404.5 36983.7
490606 243388 78072.8 97264.2 55982.3 55223.4 52706.8 30640 66522
422203 74237.3 31908.3 30514.8 15224.9 12278.5 10860 7200.46 18531
497820 156162 68460.3 58156.4 31092.8 24603.9 34827.4 16251.4 62963.4
477288 173399 32497.2 99623.2 24654.1 27202.3 23618.9 15092.8 41452.8
406939 120372 20924 55776.2 16502.1 18717.9 10235.5 7010.8 21167
506197 169494 63112.6 42149.1 30430.6 40521.3 32802.1 21588 63275.1
429850 81701.2 57082.4 71003.2 39154.1 38631.7 32019.4 21308.6 27378.3
428912 158838 25848.7 9106.05 8979.48 6994.3 4152.91 3729.18 21123.9
414970 99246.3 16418.8 19517.7 7545.14 7133.9 7210.65 2615.53 14579.9
467808 78277 62874.1 44492.5 25642.5 18997.8 20752.9 11727.9 30681.6
449317 97784.1 27978.6 38055.4 13943 10027.9 11439.9 8997.61 31384.7
450671 132111 86216.7 26588.9 33876.7 21582.8 21113.2 14808.8 44385.2
444661 79808.2 74669.7 40990.3 41799.7 30734.1 34554.8 14591.1 34803.1
493154 100122 36209.3 32020.3 25600.3 25620.2 19408.7 15770.6 52694.6
438122 107725 25496.5 46361.2 45977.3 29148.9 22116.2 14529.7 47263.6
506128 116655 116896 49715.4 35420.4 32066.5 27941.5 11046.5 37391.7
452884 317969 38083.1 32058.5 21965.3 25641.3 28684.1 14866.7 41552.7
448732 62856.7 52580.6 67345.4 23862.5 34161 33386.3 16708.6 44805.3
456216 456971 39396 26287.3 17601.4 14651.3 15854.1 6227.65 28420.8
467789 111574 49363.4 56117.3 52116.4 53046.3 40361.7 19475.6 65682
448411 175146 29047 30648.6 10295.5 13120.6 8615.65 5920.36 26707.8
443243 63187.4 92978.4 41912.6 25029.5 31782.6 24552.6 9991.99 30863.4
440016 121400 41187.3 49706.6 25098.7 22151 16092.5 8156.14 23687.2
488658 145181 66345.6 67363.7 35362.2 60398.1 37901.3 19570.4 65627.7
443169 40926 45215.9 25995.6 10831 15169 16521.8 11309.4 38932.7
452871 70973.1 38065 83593.8 47116.3 32486.5 36946.8 19998 43517.4
443032 83569.1 81838.5 58222.9 9097.66 22403 20636.5 9441.28 28034.3
432592 83975.8 22725.2 27236.6 10220.4 10781.5 14136.9 5689.19 19015.3
478916 80024.7 87851.5 61721.7 13692.6 15542.4 21423.4 11812.6 47951.2
448876 30047.6 33251.9 33143.5 27250.1 26348.2 28848.7 11912.8 38358.3
462902 66540.9 49015 22787.8 32138.8 31072.8 25423.4 15632.1 30308.2
462945 54477.9 25606.5 18510.7 18514.6 14019.7 14217.1 7454.74 34619.4
478532 96411.9 54411.6 106981 65534.4 58853 42046 30044.6 75233.4
481763 92099.7 47966.7 51614.1 40745.8 75590.2 50975.6 22378.1 82241
459634 165241 54944.7 33205.7 13773.8 14036.2 13254.4 5842.66 36945.2
417472 15365.4 26045 41712.6 11748 14592.1 14395.3 5573.49 24858.7
468697 113630 43499.9 31604.5 30386.9 32466.3 24668.5 17384.3 43638.3
432060 60947.1 21376.5 22930.8 18580.3 22427.3 11071.3 7215.28 23463.8
416718 63979.8 51402.5 19902 9116.3 19208.7 10826.9 8795.7 22626
460156 80500.5 120245 120133 62034.3 66312.8 51897.2 24086 58127.2
447009 48716.7 67551.7 25950.4 34496.7 24612.8 26033.7 9835.89 26173.6
399685 18832.4 20276.7 13401.8 5372.16 7531.68 6169.29 3407.38 12494.4
438193 170088 55769.6 24036.3 22853 29050.4 32637.5 14535.6 38705
395219 41063.8 24142.9 17752 5239.39 6005.98 4891.67 3424 10439.6
467547 36628.3 33544.1 30384.5 20448.4 18681.6 24267.7 16091.1 42425.1
477022 450894 25680.1 44597.1 20822.5 19885.6 28745.9 11903 25544
475815 176698 42263.1 50377.2 25863.2 27385.1 26513.5 13705.8 48146.2
487570 262536 53826.8 59809.7 19503.2 37602.3 25000.3 14797.3 42467.8
441699 93199.2 36611.9 66788.5 26452.4 19679.4 24374.9 16841 36817.5
430320 48572 53801.7 51701.2 30585 32407.3 36429.9 17000.3 47739.1
484230 66695.3 50643.2 27518.4 15908.9 22186.1 24909.2 13184.1 44660.8
489129 63146.9 52577.6 66920.3 39670.9 39147.2 67940.3 31715 66220.9
455398 121510 45983.5 33563.4 24804.4 29192.8 28669.3 18036.4 37468.2
483182 143240 110081 37953.6 32073.3 30498.6 24681.7 19836.9 50022.4
512629 99684.4 70242.7 58153.6 33779.2 27397.8 30241.9 19917.2 56581
509850 38810.4 54206.6 47288.1 27616.7 23730.6 22218.5 12944.2 50493.8
445625 45569.7 56507.5 33264.7 19306 27946.1 26193 9853.4 34389.3
446735 98015.5 33283.2 56292 20706.1 35561 21162.1 11460.2 21701.5
448985 68791.8 37283.9 38356 30903.5 27357.8 21400.9 10930.2 32913
493294 134805 98376.2 60923.4 28297.8 38486.9 31013.4 20850.7 56317.1
433465 216771 61919.7 55431.3 30528.1 30471.2 22567.2 11662.6 33368.8
422346 33311.5 35863.9 23810.9 25833.3 21887.7 20104 12860.6 34393.1
417229 49044.6 20210.1 18433.2 13888 10863.3 8451.19 4206.04 19874.1
459472 136078 64276.9 37423.7 47455.4 39427.1 40775.6 37993.8 56807.7
478698 365722 44951.6 64257.6 69039.7 44710.5 40293.5 21373.5 46728.8
494421 39568.8 56813.8 19270.8 10756.5 17661.7 15683.1 11793.3 41387.2
462642 108971 63283.2 47402.4 67145.7 41220.8 49111.5 22594.7 55424.5
517317 211707 116784 54457 29119 41194 38650.5 28727.3 74658.6
423994 41882.1 42103.6 40136.6 19933 21092.2 15387.7 6520.07 18428.2
451947 191494 42661.8 43023.1 25467 29975.2 21956 13073.6 38097.7
427367 111230 17878.6 21932.1 23841.6 17465.7 13738.9 8607.73 24438.7
441789 54693.7 23209.6 22276.2 15065.2 22767.8 19100.2 7378.43 25048.6
463640 93849.4 35086.8 31131.6 13045.9 13849.7 21726.3 8700.1 26477.8
461215 516484 49656.1 36547.4 19035.6 17891.2 21914.3 9738.41 30278.4
490803 94399.6 57011.8 73064 46623.7 33224.6 28078.4 19814.9 48094.6
462681 134960 47176.8 27628.5 11376.9 11888 9644.4 9476.34 31455.5
431189 49608.1 7123.09 30070.7 11377.7 17810.3 16869.4 9969.84 23532.5
460534 174042 49589.5 69543.9 14882.3 25982.6 19950 14110.6 27139.3
438306 72455.5 42950 34248.9 23830.8 27001.9 21796.1 13418.8 29879.6
477858 46811.2 88711.2 106322 14976.8 33656 26282.6 17953.1 56400.1
445950 175325 40356.1 67011.8 22365.4 20336.6 17898.6 7254.16 34382.3
455622 134612 54924.3 35816.4 13437 18760.3 19287.7 8868.48 30916.6
433793 97482.5 46369.4 31747.1 25670.5 17063.9 19732.3 11081 30668.8
453852 99753.9 27461.4 35367.8 14040.5 16015.2 14627.7 7843.73 29822.5
429243 26041.7 84177.3 26759 17414.3 21007.8 13464.3 10835.2 22089.5
526127 113807 63369 97148.8 62616.7 32002.2 43521.6 26367.1 74369.5
457347 126077 72097.7 53118.7 20641.1 25995.5 40400.6 19545.2 50216.2
506204 191585 151557 73114.6 36139.1 35810.8 34702.6 16060.6 50826.2
429635 63342.8 19098.8 19726.7 18689 12954.7 15565.9 9311.78 19679
413876 81890.3 25049.2 23607.8 4666.46 6332.85 8809.11 5248.81 16694.8
485174 214710 42697.5 78399.5 37397.3 30174.6 39793.3 18891.8 58350.5
431232 116746 24063.7 20022.6 18430.7 16264.9 15356.5 10593.9 18636.8
507026 71720.4 35393.2 100199 38945.1 50885.9 42319.5 23448 56749.9
437095 66817.1 47415 29096.1 31834.8 23474.6 15186.4 14439.7 27503.6
409084 124262 25747.4 13777.1 9323.79 9655.03 14451.9 8277.48 15976.1
463280 47347.6 54599.8 36193.4 28311 30411.1 37638.7 22841.6 42597.5
428729 61748.9 22927.9 38264.3 27077.9 24953.2 16470.9 9248.68 26690.9
469118 93809.2 44260.4 64070.9 27371.4 40023.1 30236.6 19417.3 48867.5
451160 97232.5 33457 29591.5 8995.37 17013.5 15589.2 12178.4 39566.6
494644 97243.9 60960.2 61012.5 30168.7 23337.8 23386.2 13689.3 52032.5
465984 151159 34905.7 47541.4 23809.6 25179.8 30587 11872.4 31118.3
541375 78099.5 107593 87359.4 71537.5 75135 91615.2 52475.7 115594
408826 50658.4 69292.5 18043.4 16624.7 14101.8 9759.03 6914.02 13443.2
438281 38611.9 26657.4 17030.6 15806.5 15887.2 14171.3 7399.01 27862.5
489541 281702 63159.4 38721.5 60652.3 63007.3 31387.4 28243.7 59330.3
437124 139097 35374.9 12649.3 20163.2 20166 18595.7 9603.31 30184.1
454324 156950 13495 33005.7 16817.8 16469.2 14654.9 6187.74 28618.9
426142 52387.9 37079.1 19613.3 14535.2 12892.6 9541.31 5695.24 17339
477016 253365 48744.1 51370.7 26356.9 13491.3 21224.1 13041.3 34959.8
518139 97738.7 42960.8 81819.3 63717.6 84628.3 69868.3 45943.8 116995
530058 167421 107754 57339.5 64394.7 61814.7 59177.6 33333.8 79000.6
441296 61927.8 30930 17222.6 6397.93 9526.98 8424.61 5906.79 24239
451332 96082.4 114344 59682.3 23691 31991.5 23951 19161.9 47596.4
474388 219971 63925.1 69364.3 38779.8 41485.1 32610.5 24257.1 62436.7
406563 31869.5 11186.4 13597.7 11449.2 10722.9 7158.59 4425.1 13033.9
496630 101789 47583.3 53642.4 94504 55184.1 48409 25054 72163.3
461885 231090 25059.4 44201.5 13687.1 15390.8 14649.8 9286.45 41635.7
462364 55823 103104 85247.7 23107 37194.4 45015.2 21756 58462.2
488614 174843 60979.3 58736.9 41407.3 36355.1 34057.2 23846.1 51611.9
471042 128916 76738.4 51583.2 23238.4 15767.7 22549.3 13684.4 38604
477e3 66134 88935.8 39767.1 36694.3 50991.2 48889.8 24122 66791.2
471745 119159 31329.6 21956.7 8684.44 17948.7 12580.4 7634.66 39896.6
457185 148333 42711.1 15267.4 23069.9 14780.6 15034.4 8459.52 21856
503604 87461.6 47895.5 65097.3 35668.9 23464 36798.9 17479.7 61682.4
419529 200678 18526 17769.2 12400.4 17222.6 21628.7 8370.35 18462.8
487264 134830 79551.3 48503.5 36358.2 52656.6 40798.1 16202.4 47939.9
417838 60008 41833.9 41889 25419.6 39881.7 34425.8 15375.4 32230.4
466824 69392 46048.9 57909.7 16447.2 14111.6 10321.9 8363.25 28332.6
464296 111705 121654 28816.8 32400.3 22453.4 19512.9 9359.41 29712.4
415663 35065.7 24871.4 17136.7 6287.82 6896.61 5058.67 3273.61 12015.2
522481 207415 81826.2 73573.4 46042.7 72112.7 66121.8 27344.7 84520.8
549546 245140 34747.9 58140.8 28635.2 36436.6 54031 28841.6 105997
514961 290834 68293.9 69161.3 49796.6 41018.9 54587.9 27087.8 59557
428908 38267.8 20717 18091 16201.8 10518.6 15906.4 10976.4 19330.5
414356 90853.5 21454.6 21453.6 11980.4 15315.5 19025 8481.08 21739.8
395187 52226.4 11140.4 8360.42 6020.34 8801.55 7142.39 4044.07 14633.8
428306 38926.6 16278.1 53675 23334.3 12069.3 14336.3 8198.89 28649.6
462885 218756 71325.8 38132.2 9038.21 17117.5 22841.2 11165.9 42731.3
445828 125062 23894.1 65425 26029.1 25563.4 20926.5 14464.2 42334.6
409537 120584 29495.7 12594 17515.9 12351 10347.1 5283.47 20701.6
441725 162039 27992.9 20078.6 16453.8 10532.4 13585.4 7055.02 21717.7
468842 81120.9 26429.9 27539.6 41850.1 34663.9 26927.7 15021.2 46299.9
424812 80401.3 16292.5 10022.8 7890.08 10852 9008.11 7386.9 30443.2
420498 54391.2 33426.6 44899.2 27665.3 32536.5 25904.5 12672.8 23629.4
461816 46817.8 60906.3 38298.5 19843.6 23908.7 23136.6 12370 36701.8
448235 33095.2 21306.3 10199.9 12618.5 7759.13 8278.57 5073.86 23663
479975 224517 62159.6 74857.2 37612 36713 44297.8 20874.8 44709.9
441525 160793 55589.9 18937.6 18853 17220.3 22230.4 12725.1 26527.3
460759 141677 44762.3 29715.9 20271.3 27093.7 31901.5 17946.1 52287.6
418477 161552 44920.1 33022.9 32052.5 24156.5 23828.7 14666 22858.4
535024 146305 71727.9 77492.5 30536.3 53975.9 57301.7 28516.9 83913
445514 138506 28979.9 25363.9 17475.6 17151.1 13347.2 10839.2 24840.6
448960 74233 32506.4 40998.9 22895 28412.8 21811.1 8567.84 47546.1
415053 67302.2 19492.7 20323.8 12733.8 15324.7 11276.2 6803.43 17937
421359 58217.5 34420.3 21469 12110.6 10760.6 6946.39 5507.36 18908.5
443443 41192.8 56944.2 31875.9 15026.2 19537.7 14930.5 10972.6 33925
465810 126471 28646.4 30870.2 24507.9 16542.4 20556.9 11214.5 41998.6
450129 124352 41850 47712.8 20183.7 29134.1 24660.6 19322.1 44619.5
478966 189861 44510.7 38525.2 24807.6 26414.5 20893.3 13523.2 35638.8
458208 178198 37023.1 43711.8 26330.7 29718.7 16144.7 11201.2 32854
498785 96145 49692.3 55444.9 27118.3 35964.7 29335.4 23595.5 56220.4
419333 109235 8587.55 22721.3 23640.5 25643.5 22427 16050.2 38969.2
449398 178478 23870.4 35758.3 16976 25375.9 22511.3 10403.1 31366.5
456927 148093 49674.2 25583 14802.8 16769.6 15067 8944.03 32911.1
411498 54423.7 24108.6 23922.1 14924.3 20439.5 10849.1 5654.26 20944.5
455248 153690 29002.2 33766.6 13630.3 21717.4 14933.2 9058.39 32616.4
447059 77249.8 71049.5 39534.4 20146.5 28441.8 15223.3 11243.8 31780.7
506209 263513 38312.6 32722.3 24475.3 24847.2 35991.8 24215.9 68289.4
427417 41757.7 33095.9 36646.7 13402.3 16981.8 14837.3 6764.47 33701.5
450754 82304.7 18603.1 34745.6 21263.5 23015.8 23384 16713.9 42439.5
495792 96390.8 60766.7 64804.6 34296.4 46895.7 44320 26709.1 70159.9
457077 120174 55209.5 44369.7 18629 15577.8 13710.9 9025.21 25027
495269 114471 69337.1 30644 34471.6 19572.9 21390.1 18041.5 44041.2
492460 101533 53973.8 47671.2 49475.8 44722 60346.5 33310.3 109229
458972 76551.7 20504.8 23048.7 12756 15101.7 12308 7627.27 29830.5
429042 161732 26166.2 37819.8 24431 21913.4 17129.5 10138.4 23946.3
459582 133666 34731.7 59312.8 26722.3 30748.4 34753.3 14420.4 44430
465736 152322 64082.7 69715.5 51545.4 38579.7 45496.4 21984.6 50410.4
464766 169858 36616.1 54971.5 18765.2 21649.5 21484.2 14247.1 34098
419442 111025 52307.9 15486.6 12587.4 11765.6 10178.3 9781.49 20858.2
455294 152060 49661.9 41508.8 18131.6 37036.2 25716.4 12280.1 47956.8
444100 36103.9 20397.8 19946.3 13362.5 18963.7 18632.5 13740.7 37124.2
409178 45785.6 35178.6 14069.5 16986.2 13743.6 10151.3 4289.57 16332.9
477500 106579 86392.5 53466.6 42216.3 50424.9 34066.7 21590.5 50643.9
460272 61094.8 51341.5 47180.8 25715.8 22026 29040.8 12795.1 36523
453858 113163 64469 29948.8 32130 27522.8 30712.3 15180.7 47069.5
443562 67051.1 23132 39042.6 19638.3 12363.2 14293.6 7119.02 17034.7
510286 145754 89205.8 52375.2 28440.8 22827.8 39868 16264.9 57315.9
464028 81397.7 16730.5 26031 13681.6 18581.7 16925.2 10911.5 41708
410237 119895 66645.7 15091.8 15435.9 16070.4 12014 8680.12 21395.3
428532 115235 36942.9 34568.1 11787.9 19419.4 16267.3 7541.67 22978.7
432092 102577 53418.6 46803.6 53138.7 27100.2 30137.4 15022.4 45173
442397 48768.3 35844.4 44814 34712.4 25536 18541.1 11668.5 24549.6
474778 127862 41011.7 44591.1 25484.4 21125.4 12016.6 9956.56 35177.6
476369 138763 83816.8 92871.4 29479 18177.9 24630.8 9695.11 34225.4
565105 104911 71009.8 61806.1 52503.1 57267 59549.8 37640.6 100288
444150 28532.4 17267.4 27269.2 20231.6 17800.4 15687.3 6880.58 30018.6
494083 349966 95814.4 78969.8 44233.6 28643.8 31786.3 23401.8 54277.4
502477 102259 27452.9 42287.9 20230.1 20073.6 22976.5 10989.4 38011.8
499496 58317.4 51516.1 27667.4 43892.8 23447.4 29334.6 22373.1 57121.5
479883 107941 53443.7 26868.2 24286 18915.9 22623.6 12139.2 48265
552768 155771 53000.4 105081 69616.7 50545.4 57504.3 31078.9 105894
452623 49133.4 47548.4 28618.2 20580.4 27782.8 17438.8 11922.9 26276.3
491180 94387.1 46546.8 31834.4 35642.3 25103.2 27535 13662.8 49260.6
461577 250076 28646.3 39287.2 39550.3 32581.3 19845.4 17881.2 47373.7
456389 53823 32735.1 19503.5 14128.8 29823.2 23895.8 14659.2 45055.1
479681 118519 148940 54224.8 29256.1 33865 28613.7 13767.2 50648.9
487314 280817 21826.6 69797.2 11517.6 19221.3 22832.4 13223.5 42449.2
427681 40243.7 30865.2 15864.5 6786.13 7899.51 5883.79 2275.19 13264.3
477891 88863.1 22569.5 11202.6 9180.73 24388.3 19061.1 15758.1 46342.4
413418 67846 14748.1 33009.6 34317 23220.1 15778 10228.1 32023.2
419778 157938 33678.4 38552.3 18105.2 9155.93 12280.1 5912.47 21555.5
486572 82201.7 41637.2 54123.6 29176.1 36026.5 29481.2 16292.5 46275.8
394396 59039 24659.3 18371.9 3857.29 8200.63 5037.93 2314.1 10589.1
451448 33772.2 101222 93847.8 45222.4 29936.5 30171.6 11617.4 34535.4
433145 106543 67961 55661.8 29242.9 18322.1 13506.6 6804.8 21444.5
459401 122266 41981.2 37347.2 18684.7 25466.5 22701.1 14087.6 41562.7
499586 106560 65545.3 38362.9 40987.9 48267.5 39551.7 28434 91287.9
466572 97661.6 65975.7 32810.3 30869.4 28244.5 24281.3 10009.7 40593.8
459525 204798 49904.5 74643.6 23983.4 17373.3 25397.9 13505 48282.9
441210 118379 22591.1 19039 10664.3 20998.3 19027.2 11788 28669.6
461941 61010.1 28857.2 37196.6 17746.9 18147.9 23946 11259.3 41122.5
460287 245852 42546 48585.6 34124.2 36063.7 24478 12847 43700.1
471150 65942.5 28830.7 27995.7 23593.6 21869.8 26287.4 12001.2 41566
459659 56474.9 13639.8 25146.8 15540.8 17443.3 21877.4 12010.4 42510
491670 173063 42787.9 59089.3 45346.6 30602.4 29999.3 29091.1 50975.3
479239 82063.8 65449.2 52609.5 33316.9 28699 35257.7 12655.7 49311.2
468818 105228 97842.9 84633.8 39271.6 33551.5 29711.8 18392.1 46703.5
521059 148936 100094 65089 32208.3 36436.4 59965.9 29530.8 77414
431329 89094.7 62554.7 26032.3 13917.1 30785.7 23227.6 9521.68 32834.9
445391 107120 40861.6 13563.4 6386.52 11147.3 8025.57 6223.11 20752.6
433515 127700 57379.5 31091.8 38079.8 35196 41118.6 18934.8 46416.3
471039 591861 39169.5 30992.9 27404.6 24866.6 28051.7 17162.7 44978.2
407710 74594.9 81436.8 40752.3 12881.8 12316.2 14805.1 5821.66 16423
487731 112131 25303.4 34496.1 16010.3 20124.3 26612.3 18805.3 57015.1
440712 166824 41845.4 36485.7 16976.3 14618.1 14959.2 9745.5 23936.6
432779 58395.3 28618.2 40090.3 14747.3 20372 15857.7 10885 30268.4
485138 431727 84659.1 110806 37161.2 35042.9 37358.1 19899.2 62144.4
461324 64793.2 51834.1 36742.4 20514.7 23860.8 27300.8 12032 40582.2
457304 165323 45707.3 35677.4 33965.5 38487.4 26727.3 14926.9 50669.1
424500 36613.2 39826.7 32635.9 14098.7 13436.4 10496.6 4950.32 21155.4
444817 122576 33220.3 69580.6 16902 21260.8 14302 9423.49 20885.3
456992 143329 12537.7 23805.1 11073.7 14287.4 19017.7 8808.54 41169.1
437368 61655.3 37956.6 44517.1 12684.1 12305.3 16206.3 7404.24 23618.3
479491 223363 68930 71521.6 51638.7 45045.7 31173.8 23872.5 42052.9
476183 73629.9 77360 73510.9 28238.6 44699.2 48551.4 32889.5 66001.8
442320 45092.4 78124.2 51546.1 36816.9 33806.8 30451.3 17533.3 42134.4
486959 181980 28235.8 48391.1 25197.6 27125.2 22339.2 13245.1 35066.8
518936 211634 32748.5 38028.8 47057.9 36872.3 41370.8 24525.8 63710.9
446500 72296.5 40922.9 67815.2 35137.1 36747.5 36768.6 12149.2 49324.8
466420 177170 53985.7 48198.4 27040.8 32337.3 32335.7 19218.4 49771.2
443413 48815.8 48885.4 29422.5 36854.6 25313.5 21660.2 12959.3 40014.6
518886 28612.8 60984.2 67040.9 21256.3 37162.7 33406.1 30444.1 73460.2
524166 156392 96307.6 69212.5 31874.4 42002.7 51048.8 18042.9 62363.7
425280 44951.7 34075.7 30199.2 17715.1 27431.5 22652.3 10365.5 29058.4
532584 115520 61838.3 102652 58192.5 38572.9 59261.3 32666.3 76710.5
407369 155107 43616.8 19538 11637.8 8126.52 10387.5 4537.99 22140.1
530144 438419 40988.1 91066.8 40803.3 54334.4 76948.7 46410.5 104991
446029 73482.2 62836.5 65590.4 32581.4 32373.3 27133.2 13171 41539.5
509196 184549 69344.3 98958.6 51075 72802 58446 25497 64904.2
455467 92583.7 31410.3 30976.8 22849.9 24020.4 24606.1 11250.8 32988
443388 86526.8 48103.7 22268.7 30000.3 28095.7 21192.7 9731.03 31795.5
463066 74529.5 67859 84540.9 43190 54341.7 47213 24174.7 51161.5
492549 241817 26035.2 45150.2 39382.5 48068.1 27274.4 19403.2 57559.4
465477 121700 36725 33024 17266.2 25566.7 16094.7 9501.05 44049.1
448887 59377.2 35370.1 20451 9521.2 10939 12697.1 8038.58 29938.5
456463 65377.3 26101.6 22013.2 10582.3 9947.07 8349.47 5787.71 16992.7
479917 134216 125519 57915 36460.6 33875.6 27905.9 20134 37444.9
503008 111868 32398.2 86388 42323.3 48116.6 44787.6 30103.3 53703.2
438615 73686.5 40695 43108.4 17248.7 15803.1 10673.4 6471.58 21552.3
578954 37563.2 33209.4 109713 54241.9 80521.4 98299 45469.7 172296
440243 74601.9 36754.5 26728.8 16661.8 16280.7 30136.7 16298.4 41285.1
425978 77345.8 37593.4 20655.5 12219.8 17658.2 13702.7 7921.53 16698.7
450468 177039 61829 30314.6 24859.9 23997.1 23261.4 12363.5 34708.8
415903 82446.6 20734.2 13161 8103.58 13225.3 6653.82 2321.26 11145.9
475568 270397 64450.2 45926 35310.8 32314.7 21746.6 7631.29 29630.9
404452 43021.7 11635 46453.7 21888.6 22284.9 19606.7 9402.51 22149.3
504732 82899.7 44314.5 23668.6 27394.2 38184.6 36696.3 21959.6 67335.9
481782 343137 77539.1 28316.8 21688.6 41256 31556.4 14736.1 55209.3
464756 78258.5 30350.4 28479.5 24176 22878.3 20748.1 10871.5 31880.3
449178 153377 49617.9 18413.1 18829.2 14315.8 9640.32 6414.71 23605.9
428867 115829 69662.2 38474.8 28987.4 28370.7 25795.1 10340.9 32497.1
434100 58341.9 15203.4 69798.6 36045.8 33728 26597.2 17300.1 48752.9
461063 183064 61463.5 52533.6 27652.2 22412.1 22260.3 15921.7 36410.1
418076 130813 21518.1 24555.3 14227 25279.7 16632.8 8404.71 23724.6
403806 27360.3 18269.7 24975.1 9993.51 13651.9 12505.5 8480.46 26022.7
441251 109809 51010.2 23946.3 24373.3 19149.1 18843.3 14682.2 30810
513767 125377 56941.6 88584.4 50696.5 67298.6 79473.8 25335.6 60266.2
458082 61451.1 30313.2 25855.5 19673.2 27723.3 22996 9389.08 32938.1
463517 111656 30788.7 33982.4 16591.4 19982.7 14148.2 8094.36 25869.7
458972 76551.7 20504.8 23048.7 12756 15101.7 12308 7627.27 29830.5
425701 68450.7 42208.1 45413.6 21288.3 21230.6 22583.6 10888.9 24616.3
449680 128048 17208.6 50815.2 20327.6 24392.7 20060.4 10210 37419.9
469214 125376 57706.6 63097.2 25570 26853.5 21065.4 9642.57 39768.9
463722 128530 54151.2 48337.2 24539.7 34089.8 28420.4 14280.5 44288
519847 57280.5 25078.3 40803.6 28452.1 25324.1 34406.7 17018.6 61557.9
516331 82158.3 75492.1 67582 36705.5 53926.9 43791.1 40662.9 92306
401252 97874.7 27866.4 42689.4 20781.7 16834.4 12549.2 7089.81 18035
454667 62344.2 45684.1 35656.8 24546.5 14723.6 12461 7371.1 19232
420460 49252.9 66253.1 30556 13749.2 14137.3 14998.5 8820.53 15776
468683 162614 49644.4 43706.3 18145.6 16511.8 20213.4 14138.3 36117
488759 218182 51299.9 44352.8 34595.8 30605.9 42299.9 13508.2 60360.6
493619 48693.8 67282.1 48450.4 54907.6 32725.8 26712.4 24811.1 75820.6
447824 76070.4 44078.4 24317.7 23069.6 27129.2 23763.4 12298.7 35239.4
469560 62251.4 41910.1 65164.4 20891.1 24518.6 24802 15042.5 43790.4
448765 88985 51580 39945.4 33769.7 27278 24506.5 12064.3 36471.4
482851 165161 41817.8 69636.6 42806.6 45481.8 41677.3 17828.5 50272.9
432738 63314.2 30344.3 54557.4 21685.5 20444.4 20195.2 8704.6 28856.5
502401 111018 62419.9 97897.5 35005.4 45400.1 48225.6 20506.9 72380
487903 96028.4 34262.2 37346 16483.8 22325 17289.2 10440.1 38128.6
452600 118139 75865.3 76101.5 27356.2 28487.9 31831.4 12681.4 33953.8
462438 201286 32386.9 21071.5 22150.3 18421.9 11708.7 11616 31775.1
449821 59443.2 14333.7 31770.3 20343.2 22348.1 18125.6 10767.6 30824.1
473328 102652 87500.2 79168.2 25102.4 27808.7 45124.3 14553.9 47423
442247 70035.9 12928.1 26223.1 9705.08 11157.5 13914.6 6356.96 31906
488653 98981.8 57590.5 95073.2 32817.1 69412 59170.2 27907.5 77497.8
434855 39175.9 19807.6 32128.7 11991.7 9173.02 9317.35 5118.85 23810.9
420075 38912 38069.7 19070.8 15475.9 20481 13700.5 9291.02 20916.5
545218 60728 77854.3 63010.3 55640.9 48330.8 76737.7 41106.9 131565
445506 284692 23268.3 60684.2 16113.2 14716.7 15397 8561.4 32205.1
491082 70489.2 100765 72026.9 65131.7 40507.4 37829.1 28665.8 57135.9
420432 45654.8 21353.9 35705.4 10706.3 12213.1 14336.2 5128.11 20945.5
413733 34032.9 21171.2 16958.9 14509.5 12305 11948.4 5443.5 23503.7
471927 155525 88064.9 66309.4 53792.1 56406.6 46529.3 26437.2 51503.1
503370 68319.5 104082 69579.2 37863.5 96776.8 58445.5 35801.6 90201.5
445539 243127 23707.2 32450.6 17515.3 33525.8 29179.9 16881.4 39735.5
477501 31465.8 62115.8 38595.9 21501.2 37379.3 32192.1 20012.7 54332
422531 138732 40504.1 20431 12564.5 22627.6 12446.4 9208.21 19904.9
434007 65138.3 27303.4 12710.5 12018.4 14699 12553.7 6240 19957.4
482176 96237.5 57081.9 35015.6 36156.3 30912.3 24082.3 14371.4 61041
411375 63472.1 31401.9 21383 12507.1 14783 12641.7 8856.64 22819.6
441292 26504.3 34183.4 37319.4 13173.6 26131.1 27437.7 8488.37 33997.9
486108 254275 37460.6 66942.3 23370.8 26640.3 29729.3 10192.3 41992.2
475220 111135 72326.2 61430.1 29276.1 23456.9 33800.6 14224.3 41357
500279 92020.6 24080.7 56674.5 37903.2 46950 33814.1 25249.8 72123
436074 71071.9 54988.9 56240.7 40079.8 31963.5 33164.7 16469.3 39175.6
394396 59039 24659.3 18371.9 3857.29 8200.63 5037.93 2314.1 10589.1
483242 57392.4 100889 32479.7 26271 28818.6 35006.2 21509.7 45511.7
479359 77022.2 74718 37957.3 18521.4 23395.5 17821.6 7144 29706.6
463342 104101 47919.2 54483.3 24267.9 32716.8 22442.8 14368.4 33447.6
459565 62636.4 33704.4 26836.6 14717.2 12151.1 12758.7 8595.01 31241.6
496359 107670 88949.1 63031.6 20908.2 23515.8 30805.3 16355.6 46900.9
460561 77575.2 32804.3 49486.4 42641.1 32399.4 31848.7 18365.5 47215.5
429352 47547 44904.1 26908.4 21771.2 25495.1 20434.5 7886.3 35970.4
458163 411835 44033.5 66093.2 32035.7 40596.8 42016.3 13043.5 33334.1
486152 79623.4 78579.1 29400.6 36170.1 28845 40534.1 22058.8 79954.7
426380 65383.8 50051.8 30486.5 19556.6 15053.1 17822.7 10487.1 25022.8
438095 176913 35282.1 31676.2 14284.8 14092.8 10184 7060.75 22381.8
571532 288908 29442 251530 116875 68641.8 81536 52428.8 104846
404473 107403 31866.3 12991.1 13036.9 13872.7 12132.5 6080.36 9957.2
468727 190404 55517 53313.9 23821.3 32523.5 34794.8 17027.1 47198.2
451273 161890 90180.9 42474.6 23039.9 25533.9 17076.2 13319.8 42182.4
417440 63149.5 20023.2 18002.2 12654.8 18075.6 14610.2 6715.61 17971.6
502735 127387 46417.3 52732.6 49681.3 46918.8 37177.3 22245.6 57996.6
467657 48399 24399.3 36790.3 31025.8 23310.3 29003.2 17008.4 50685.2
434086 110688 58078.4 30398.6 31147.2 24457.5 33563.3 14426.1 29064.5
455624 138154 50672.1 23088.4 17418.1 26655.2 17874.2 11216 27519.5
437569 142900 27719.4 29429.8 13995 20815.9 24293.4 13636.5 31674.5
456280 89959.5 39909.7 47416.3 11623 20804.2 14300.7 9776.83 33325.4
438338 162702 45492.2 37743.5 20355.1 20223.1 17282.6 9878.45 34944.6
403781 40808.6 37285.5 16397.7 10702.4 8017.84 10340 6150.04 19894.6
411824 44096.8 26957.1 44313.8 27941.6 26877.8 28426.7 12184.8 32809.3
458999 124964 40606 28213.2 25878.8 29998.5 24998.4 17307.9 45491.8
547556 148157 68844.9 136859 62976 54392 52584.7 29088.7 90702.9
451867 46490.8 76085.8 56074.5 23873.2 19581.1 16380.6 13076.4 24282.1
448992 173888 71735.1 49038.1 22162.1 31506.1 28128 12995.9 33220.7
451985 175139 28979 35874.4 29169 33757.7 23300.1 19238.9 48925.4
437212 51261.7 52955.6 24338.8 15383.9 12268 11130.5 6030.67 20777.7
463739 84480 43229.8 33199.8 27995.2 29993.6 41786.4 20771 64656.7
464269 192331 56422.3 52697.8 41971.8 33011.8 27361.1 18748.5 49172.3
466646 151557 61195.4 43235.4 17123.4 13225.2 13455.5 6535.35 16770.4
444380 68176.8 23120.5 21298.6 9981.71 10011.9 10101.9 3257.06 16272
433118 97172.4 32680.2 33956.3 37535.5 23590.7 21632.5 7204.24 25229.8
583828 298294 301253 145299 59715.1 90869.4 41307.1 27006 106510
428641 68672.8 37470.5 48510.6 21106 26639.9 17245.9 9853.19 29656.5
463656 48702.6 38272 86877 31167.4 34428.1 31793 16089 27840.8
456910 84723.6 95195.1 55320.4 27032.2 25047.8 25991.4 14503.4 36134.6
447188 99139.5 31741.1 72422.2 26598.6 33683.5 27558.7 9386.93 41701
438917 98076.4 33831.6 31828.7 19026.6 15965 22331.2 10412 34912.8
475162 57403.4 58067.4 92368.5 45035.6 45067.2 35676.9 20025.2 47574.7
428999 36228.4 56799.4 40313 14956.4 26978.9 24064.7 8115.36 25506.1
445462 110905 28850.5 18238.3 17907.4 27974.9 20775.2 13810.1 42393.7
423902 97275.3 23572.6 40793 25999.3 29035.1 26270.3 11720.9 28702.2
510852 58347.6 72805.5 38967.9 50188.3 44654 39193.5 21375.4 82953.8
487463 96210.7 62196.3 51819.5 22646.1 42291.3 39155.8 19309 51246.4
471934 104246 33814.9 22897.2 24846.4 22557.4 21300 10707.4 44879.6
431256 58290.6 75831.7 27732.4 13324.1 13463.5 11832 6600.3 16932.1
466004 91587.5 42636.6 57336.8 41631.5 34252.4 36306.7 13143.8 34303.8
458472 64791.5 67370.6 41705.2 24127 34787.9 49139 22945.6 59998.8
473647 22478.3 40005.2 69955.1 24123.5 31522.2 28549.1 18213.2 67170.3
485682 153032 59369.1 50102.7 44454.9 47569.6 28393 15775.3 54728.6
448182 239122 30326.2 37690.2 19594.5 22348.7 18612.5 12178.9 39650.8
451761 99326.1 38592.9 26025.4 25308.1 19000.4 18909.4 7997.24 32546.7
490781 115875 41406 26824.8 14051 22179.1 19027.8 11762.3 44624.5
421439 57892.9 24388.3 12914 7999.36 6863.6 4967.97 3140.64 20961.8
459672 126298 24613.7 25927.7 16964.3 26132.8 16922.2 12286.1 46923.4
460314 258777 17314.9 49310.4 31505.8 26936.1 30946.9 13290.5 44459.4
470559 73166 37663.2 57771.5 26266.6 45462.8 28534.5 15750 60462.5
443123 203498 61400.4 40239.9 18279.8 27578.5 21634.6 12432.4 36082.6
468842 193393 71172.5 27760.6 31512.6 29307.9 22052.1 14387.5 41346.2
480353 52513 65965.8 38140.1 22227.2 29048.4 30273 20428.4 75143.7
454609 66714.1 25e3 64838.3 35930.5 27664.1 34045 13387.8 37731.3
506699 133929 79303.3 85203.2 65650.2 41686.3 49978.8 25022.4 49056.4
444200 31937.6 31719.8 27343.5 24295.6 22629.6 22304.5 13332.5 40416.1
421712 82775.5 34086 27093.5 16601.9 9229.56 11109.8 5607.62 22986.5
427699 50295.9 45625.1 32146.5 12874.6 26617.1 17246.1 5157.52 16273.6
428587 112473 29647.9 23177.1 15824.2 27654.6 19542.3 12706.5 42066.1
419965 77036.7 38014 27325.1 23777 28478.1 17126.1 8023.91 23687.9
402982 192543 68849.9 29708.8 17661.3 18692.5 13889.8 7446.4 16197.5
457011 73915.6 45799.2 67218.2 26460.2 36290.5 25096.6 11591.3 30883.3
462496 168222 68872.8 40874 26287.3 25391.2 29337.4 14034 47640.8
450330 89729.7 60565.1 98204.9 44357.5 23844.6 29058.2 15918.6 33509.3
478818 92148.4 58722.8 69807.4 19457.5 17913 33850.9 17309.3 58990
488337 76053.4 102914 79685.2 33650.3 65043.5 46259.3 17733.7 63528.8
404471 19369.3 39497.7 36637.1 20429.4 18497.7 23702.7 10890 24833.7
512138 127301 41118.6 83045.4 31435.1 48878.2 31451.3 22662.6 71123.5
431296 118305 20731.2 45014.6 18945.4 19751.3 21546 10512.4 29365.9
402744 23919 16768.4 6630.42 4935.87 7727.55 6221.08 3371.84 14276.9
476590 104113 42164.4 54672.4 41449.5 34435 31757.2 19322.9 43683.8
470598 186544 65755.9 25512.1 17480 17129.1 14451.2 7948.81 21615.2
440529 64739.7 40339.5 22469.6 16088.7 20758.9 17812.8 9268.67 26567.4
459320 100352 31128.7 14172.2 20353.1 30922.3 27627.7 11154.5 41959.1
434163 71662.9 12788.1 29841.7 11584.4 14341.1 12577 8809.8 28714.9
439195 51290.8 28431.3 28565.8 21391.9 23419 24862.5 12292.3 35646
460378 114743 31155.1 82020.4 26164.4 28328.8 26815.9 13431.6 43861.7
487746 157077 99201.3 83993.3 65633.6 61982.2 56605.7 31376.8 80898
456246 67896.1 18748.7 21891.6 10832.7 16281.2 13379.1 7694.83 35239.3
487451 92150.3 104316 60070.6 42251.5 61174.5 52368.1 23589 70039.5
432108 54785.5 41011.5 33776 19008.3 18630.1 17510.5 9507.29 30963.3
418402 88216.6 44916.6 21060 6772.14 8793.27 9349.64 6724.1 22380.9
377656 27986.5 14659 20268.5 15120.6 16285.1 17380.3 6405.45 19279.3
454818 73407.4 61155.2 52090.9 44016.5 29830.7 28742.1 23134.6 40464.4
451156 215498 60589.1 31995.2 27400.9 27019.5 27719.7 14205.9 41310.1
445476 79601.4 50089.8 34167.1 16109.9 11771.8 11116.4 5577.43 18977.8
435311 58684.4 23981.8 31802.9 9998.55 17613 17231 9913.98 32248.7
504967 322867 57307.8 66667.9 43349.7 35057.7 27448.2 16064.4 49174.4
463816 43111.7 48380.9 41997.3 31976.3 29173 25623.2 12964.4 40049.6
423500 46550.3 24331.8 35003.2 13122.6 12274.2 13740.6 4840.26 24779.4
469420 76620.4 38523.1 42655.4 18993.9 23792.9 20865.5 11940.3 27149.4
438035 125528 32471.8 24163.6 26722.4 21626.2 16721.7 9157.45 24679.3
510372 48692.8 41702.6 91305.1 36924.3 81307.3 55830.3 36666.9 95453.6
459098 129229 39979.9 22301.3 16122.4 16196.6 13644.7 7578.5 25064.1
417226 47067.7 54644.3 39096.8 14038.7 18866.9 16814.3 8584.89 34627.3
494835 103395 60578.6 45092.6 47307.1 38189.3 34233.9 17235.5 45106.9
436289 201203 31879.4 36322.5 15585.9 14558.8 11997.5 7240.21 32857.8
471103 262620 71955.5 34208.6 16728.2 23305.6 21149.2 10856.3 29898.9
445676 47120 43509.2 51048.7 13106.5 23831.2 21305.3 11185.6 30508.1
436424 153466 62465.5 41375.2 24542.1 25207.1 17302.7 13417.3 30241.1
454372 211012 46834.2 63980 26865 37766.1 29247.8 12837.8 30958.6
455667 71227 38323.8 15594.5 15871.9 12140.4 19864 11690.4 28134.5
464071 117541 106042 53855.1 39745.5 28142.3 30150.7 16350.2 36270.4
408252 59332.1 24867.4 71721.2 61986.2 35854.5 36024.2 22165.8 34364.6
461280 37425.5 24458.4 46427.1 38416.3 25681.6 24695.4 17712.6 47372
426272 93088.4 55897.5 82928.5 24020 26899.6 24121.7 14401.9 30663.7
456003 72207.3 38249.5 31672.1 17016.6 17525.5 22589.7 9470.41 36074.7
514067 85819.3 50546.4 50051.9 41673.8 31193.1 36889.6 19552 72994.6
435026 41442.3 48711.2 21911.2 13391.5 12710.3 10370.6 6902.63 22502.7
462163 67329 38398.1 50343.2 14780.7 21285.6 22698.2 12385.7 32051.3
420581 154776 16769.7 11931.8 10837.5 12183.3 8357.82 6504.94 21470.6
427414 60928.1 31023.9 24693.2 11467.6 16021.9 15091.9 7439.99 26074.2
418817 60179 32173.5 24682.7 20208.2 14619.4 10460.3 6976.31 17988.5
464044 135400 35842.6 50508.7 30048.5 31242.5 26208.6 10767.8 29152.6
482319 91440.9 52854.9 42188.3 28790.7 18876 25224.8 15305.4 45589.6
402715 25677 19049.3 14934.2 9739.6 7242 6699.81 4084.9 13346.1
374404 91570.8 5172.63 12935.2 5877.46 7697.3 7617.53 4400.59 12251.7
489209 215550 80072.1 93340.2 19222.8 43878.3 30641.6 20244.7 56997.7
432003 69717.5 31270.7 34415.9 14267.7 24890.2 19340.1 8381.97 21609.4
439136 73319.8 22996.9 31108.3 38618.2 27843.6 36947.3 24792.9 46003.5
412570 73314.6 41684.9 30979.9 15538.4 13874.9 12362.2 6945.89 19778.3
447853 210591 66645.6 32264.7 39267.4 58569.4 38647.8 12372.9 45103
468698 158092 49846.6 26698.6 18215.7 21661.1 18203.9 10619.3 37347.1
470323 65675.9 39962.3 27255.7 18204.4 16529.4 14551.1 7224.23 22235.5
479527 91308.2 62112.7 52753.9 12879.4 14393.2 18293.1 10720.4 34422
471016 170585 53893.1 36823.2 18729.5 21366.2 16079 11328.3 35862.3
455515 239213 28841.4 21609.7 28555.9 17663.3 29214.8 12590.3 39245.5
479857 178106 44845 35088 35225 33646.2 25510.2 19349.3 46891.7
