591758.9331357874 124685 40986.7 25058.9 15720.9 21407.1 14691 10089 21325
491884.38753971714 67164.5 70396.1 53495 19474.8 25109.4 20672 8565.29 27230.8
465009.9561471218 95992.8 64892.8 50201.3 21839.1 25353.2 19944.5 11921.5 32047
511170.23241274606 112932 16114.8 32001.3 13704.5 14537.8 10986.7 7356.6 23152.1
560643.1775916885 47220.1 47735.4 60252.1 33971.6 21261 18486.5 14106.4 42640.7
592213.5301550294 73790.8 35884.6 34496.6 18216.6 22668.9 25585.3 11961.5 35771.6
582109.5213413888 115810 30039 50304.3 37294.9 39391.3 27835.2 14799.4 44867.2
659756.1449119645 125748 59543.4 41874.1 24895.5 27331.1 32715.9 9750.5 46514.4
448740.73850944766 134508 58675.7 37778.6 29477.1 39140.7 26954.4 15006.8 45568
520321.4880202361 96157.6 127999 43557.9 39836.4 24270.4 31259.2 13838.3 48708.5
473537.7853700894 68737.3 53038.5 21467.8 19623.2 17472.2 16998 10450.5 26375.6
548615.3856235417 46979.6 72063.3 51683.1 37370.5 41749.3 47584.2 30536.2 79272.2
378229.3929052104 200375 38484.5 25606.4 8871.87 8671.76 9068.18 5110.73 17355.9
481416.849130968 44779.5 88118.1 35671.1 19015.1 17159.3 19644.2 9531.92 32612.3
576609.468541402 89745.9 52801.8 51061.9 42259 42753.7 32799.2 17648.1 43602.9
370951.1614407285 79714.3 55551.5 20888.5 19489.9 18770.9 26513.9 13175.3 53140.5
555183.101325784 217120 64044.7 33532.2 16161.1 31747.5 26201.8 16527 43846.6
465283.5090483174 96961.8 68250.4 54014.2 52431.7 58894.8 29492.8 19887.1 50797.2
326624.99116306903 169411 62654.5 35061.2 22074.8 18937.7 16515.5 8592.64 32876.3
478148.71074159443 40556 68878.2 25888.2 34564.4 26493.5 24564.2 13792.2 33245.1
542700.5864825989 44887.9 34999.7 45049.6 28036.2 26572.7 26646.6 12373 32813.2
497415.84092375403 112566 35063 43301.2 55447.8 39592.6 32083.4 14483.4 52790.6
473819.344268301 71665.7 36932.4 60829.9 23969.3 17290.2 24160 12531 30187.1
495949.1892663639 132995 138572 57528.9 48169.7 75756.5 55283 24450.9 56488.9
474686.68060214777 171421 25161.7 17635.9 27506.7 21089.2 27777.8 15163.8 47127.4
452561.38045379077 115522 9221.15 23695.6 15756.2 12398 13467.2 8092.14 16756
534705.3020901441 560803 156698 89430.8 62169.5 83441.4 131557 59990 153620
510091.35862313316 127997 41608.5 20092 15633.3 9795.11 13899.6 11262.6 36911.3
524117.297931971 215229 104079 42775.2 24810.8 23582.2 37663.7 19605.4 65152.8
323338.6079978334 69414.1 83658.1 33136.6 11557.3 15624.6 14220.1 6900.44 27040.4
537836.7794409278 119337 31963 43955.6 13178.2 19590.3 11546.7 9286.46 23922.3
546494.6759379129 80817.3 18723.4 18112.5 17482.3 13712.2 12584.3 6446.75 25585.9
537347.0825596991 51877.5 57130.4 60558.1 28152.7 35134.6 26741.6 18439.1 38134.1
404823.9640862015 172837 45413.7 24170.7 16057.9 19816 14935.8 12535.7 46590.2
419769.08908207016 30649.4 38425.3 28811.9 12985.3 21010 20372.8 12461.4 41901.4
491173.9944096323 89993.1 52693.7 30667.9 23601.7 34944.7 39831.5 27802.1 67048.5
557112.5747705206 71212.2 112644 40829.2 60853.2 36252.7 39697.8 27849.6 88594.4
535445.5516215811 517351 67132.9 53468.1 37596.2 47481.5 30116 15130.6 39329.8
504854.95095674566 322100 111941 86884.3 32264.7 34390.3 55076.6 25014.7 80884.4
592350.0009961346 260713 65523.6 60911 51068.3 49006.6 48265.7 26999.4 54892.3
422414.53172878805 159535 61158.4 42673.7 19328.9 20289.4 17991.2 14117.7 33509.9
882993.6181378686 82214.2 89854.3 47832 42482.9 43746.6 42133 22961.7 40278.4
548710.7337135973 165618 33276.5 21463.1 10166.4 8283.77 9884.31 4760.16 13284.8
308481.21076428256 69407.6 40189.2 28649.9 10454.7 16397.7 15634.3 10048.3 37068.5
423884.28789226885 177939 70577.7 64254.6 38915.8 21374.6 41611.9 27648.2 46816.5
492758.7298492352 208339 59325.2 62752.9 33767.1 56946.5 41101.5 19662.5 54062.1
377842.8180527714 85902.3 20594.5 41293 11136.8 16250.6 14775.8 6322.64 13360.2
408402.0149999712 115142 32891.4 82619.8 61593.2 67338.5 60024.9 28541.2 61398.3
653294.805300808 253113 52285.5 50828.3 24000.8 24569.2 21570.1 11937.3 28381.9
464786.6522162885 139425 52404.4 24574.6 16188.4 24832.4 20535.4 12002.5 24204.3
501138.4284945666 817549 42425.9 36660.8 27065.1 18961.5 12659.5 8229.55 21074.9
478241.1660973388 122835 69920.4 29106 29091.7 22133.8 22106.7 8258.87 33344.3
481314.01252342 45583.9 10082.6 23138.4 10648.8 10950.2 10013 7404.61 28933.3
593134.2760851732 163435 72475.8 80358.5 42619.1 63539.6 45930 38869.7 78729.8
506023.128583379 47348.7 34690.1 43412.5 42295.2 40799.8 31952.5 21993.7 52946.2
501823.0036243454 171776 63745.3 107502 72422.5 51971 52689.2 35705.8 104566
497051.4205426255 122316 68864.7 33257 14844.4 18276.8 15550 8237.94 21390.2
488519.7307769634 32316 31050.9 15405.8 11526.5 9145.75 8480 5300.26 15836.3
448528.0574255358 44374.2 25558.2 24907 18923.3 13809.1 15010.3 7754.51 31047.4
390479.6636632845 64536.9 72446.2 72525.2 34493.7 50144.7 35568.3 19133.1 62418.2
472218.1637074988 275306 25389.9 43159.5 28300.4 21919.5 26444.7 11041.2 31716.2
568381.015753949 184029 42787.2 58196.2 63366.9 74375.1 58964.1 48143.7 96882.9
462348.8526642146 80626.1 204562 107140 53811.1 50486.3 50088.1 26892.3 72329.1
505655.3577774964 75893.1 39583.7 39835.1 14586.1 20026.6 18480.1 11149.1 38685.6
356161.57596149825 74870.8 24711.7 28118.3 16071.5 15215.9 20183 9420.34 34438.4
545148.4213613134 12306.5 40544.8 55552.4 34425.2 27698.2 33096.7 22169.8 42840.7
613525.4890318236 80907.7 22975.9 22976.4 16660 17217.1 12692.3 6265.93 23544.2
521896.97038851964 62791.7 29631.5 45252.2 18997.3 23119.4 23982.8 9608.06 51127.5
442552.4161966936 82275.9 47673.3 37572.3 21522.7 23433.4 21674.9 8702.56 23087.4
597947.8630925876 138883 190838 64242.8 38707.2 86872.8 64720.4 30947.6 106145
381712.74766761466 92300.8 70840.8 63010.3 53618.2 55858.2 54325 29028.3 59930.4
529059.2214795973 110014 111525 51654.7 51601.9 37662.2 36290.7 16036.6 49359.6
544628.6489605012 251066 19940.3 48787.2 25767.4 22909.6 26533.8 17873.5 55100.6
453999.7393890991 101194 27407.8 18189 13323.6 5569.95 7860.95 3743.64 18368
506059.6089122931 320199 75925.4 120079 96933 76452.3 68216.3 38023.6 108905
477557.21923509386 218930 97459 36962.8 63027.5 69515.2 63883 39055.5 86821.6
457533.0528687098 97857.2 20538.7 50346.1 22016.9 21183.8 18853.3 8388.64 21261
535437.2333028547 125368 66442.3 54119.3 23967.4 26233.8 28374 15626.3 36563.4
594176.5719098194 268789 42619.7 70051 54767.5 99972.6 89442.6 62730.1 123077
506039.23469225405 79529.6 99478 94187.5 39810.9 29946 31451 15018.5 48363.8
290622.0822808213 70161.1 41554.2 34019.3 25541.2 18489.3 23768.8 12048.3 38053.6
486336.9093650534 32350.2 20551.8 22907.6 12603.5 21966.5 20867.9 7811.17 26399.5
497311.6651268881 93950.7 36804.9 19854.4 17302.7 19892.9 17103.8 9338.19 37857.5
551869.1784433214 60076.7 44243 24722.6 19430.6 16830.9 23652 11647.8 52897.7
406994.1488442857 110308 67744.3 69388.3 26264.6 22834.7 17792.1 14871.8 41834.6
635465.7234615617 375385 44950.6 26954.9 15010.1 17798.4 28697.7 10461.7 36717.8
426093.91959017765 150453 55265.9 13150.4 16380.9 11991.4 11668.5 4166.88 24801.9
500177.7834816552 124741 34386.3 29012.4 27342.3 33090.4 33921.3 22336.3 64095.5
531223.3257926039 203712 70302.4 47377.9 37586.9 25258.4 20663.7 11220.2 37383.5
362744.00977661664 78702.6 27074.9 28412.7 23179.8 18932.1 14275.9 11988.6 44104
498880.6879800988 134462 72062.3 56184.6 27638.9 16771 25239.8 12520.1 44721.1
477577.1016472562 92890.3 93602.3 71305.2 50625.7 35544.5 27634.4 19395.5 46892.5
370037.2342550583 283341 44145.6 98871.6 32668 49976.3 38300.6 16040.8 48500.5
371183.09512182215 223683 55537.8 40563.5 18819.7 16590.7 20176.8 10361.1 29189.1
525558.8560934922 171688 32467.9 43104.5 41056 41466.1 27751.1 13701.6 31473.3
446854.80750523106 344885 14478.2 40023.3 19540.4 23979.7 19575.7 10761.8 35589.2
230895.2335173992 149358 42352 25805.9 16333.2 13593.8 12390.1 4994.71 18383.4
386780.44667122053 118115 33255.5 98949.9 32166.6 50121.2 38335.4 21952.8 61219.2
557868.6787158948 84246.3 22581.6 42417.1 21540.5 18823.1 15477.9 5927.47 26945.7
596471.7448092088 142046 74831.1 108391 58561.8 93312.6 65765.5 34337.4 77716
448875.1642156814 378063 30612.5 44106.1 20464.1 18701.6 20550.9 9663.31 33775.9
451961.94010453654 123888 41276.2 48535.3 28937.5 32286.3 42167.5 15254.8 44303.6
586768.8003970974 81092.8 42826.1 32350.2 29215.5 38990.9 23675.1 12050.7 26334.6
407905.7183940805 90985.2 61867.5 31172.2 19427.7 16914.5 26848.3 14628.4 30998
387070.03784996964 72805.5 61224 32251.5 30284.7 28153.6 32340.6 17825.1 63470.7
442125.62300787587 94986.7 82791.7 42975.6 37967.9 23985.6 26354.5 17356 46799.9
565731.4017151785 67599.5 47356.9 56324.9 54096.2 46813.3 32360.3 20213.1 44250.4
485488.9914395303 187712 68154.5 29255.7 59896.9 29796.4 26674.5 15813.9 48438.9
505655.3577774964 75893.1 39583.7 39835.1 14586.1 20026.6 18480.1 11149.1 38685.6
428317.03553035023 117458 74583.4 55108.7 38005 46085 34440.5 25873.5 42175.5
293111.9883825216 41417.7 38159.8 20999.5 12794.5 21795.8 18551.2 11131.5 25247.8
622921.8479438334 47039.1 45129.9 21993.8 10488.8 7228.29 7289.17 5350.48 15272.6
347779.3425665747 162397 50432.3 57608.7 23279.2 28486.1 25199.7 11222.2 48366.8
369195.1052236791 137846 29463.6 28701.6 23416.5 30981.2 25211 9949.67 46225.5
529505.8800499317 109692 53785.8 22603.6 12490.9 15436.9 16320.4 7030.79 30471.6
520292.09629726247 18150.1 20092.8 18330.3 23024.6 17081.3 14174.5 7883.99 30624
370717.5409334539 68228 47571.1 63908.2 54159.6 51033.2 37580.6 22179.8 67675.2
508610.7235632473 92485.7 75532.4 25576.9 26713.8 25729.6 20760.4 11408 34724.5
391649.04924100614 151516 127539 136788 64389.7 63318.8 64997.3 36536.4 92143
498642.1083242831 145564 30520.2 30841.8 25958.2 33476.8 25238.9 11874.1 32851.4
527913.5862037787 94424.5 43380.2 85197.3 37755.2 50385.3 33702.2 22767 62538.3
542450.4574604644 69453.2 54452.2 22197.5 22081.1 24435.5 20092.7 12660.1 42291.8
616902.8235666181 228961 54775.7 81519.5 72674 56778.1 53102.4 19824.8 57739.2
522233.81236288935 298577 55238.3 59697.5 18983.5 25531.5 21857.7 11866.6 29119.2
436529.87419680576 91322.9 19675.1 29767.7 16064.1 13471.8 12503.3 8322.63 33815
394379.8095958506 70887.5 25921.5 37411.4 27907.1 27845.4 35572.9 21589.8 48092.4
491311.0080828928 216140 112152 91240.5 34948.3 27343.4 27500 20213.8 48949.7
488514.32446096785 53164.9 43917.4 21468.6 7384.13 11928.4 7953.72 4327.86 20835
403209.22837023664 205052 62254.3 70761 28785.8 35034.4 31606.8 13613.8 49428
376456.9023378041 63022.1 35750.3 30569.3 29528.7 42230.7 32449.2 26066.7 48431.7
408962.36195750046 174828 45602.8 56093.5 19422.4 26259.6 26368.8 12678 42284.6
230895.2335173992 149358 42352 25805.9 16333.2 13593.8 12390.1 4994.71 18383.4
457025.18688180647 62772.3 51356.3 16007 18446.3 16883.7 8540.55 4273.03 19679.6
540819.9535880333 43104.7 18666.6 23174.6 15416.3 11935 9678.45 6972.15 26208.5
499481.6706503398 75368.1 93250.4 44076.6 34568.2 34377.6 38496.2 15211 51997.4
523799.3826167174 117499 57060.1 41365 20048.4 25928.9 17034.3 12317.8 30414.3
371235.6207328599 124693 60449.2 30556.4 25719.8 22186.8 19825 11330.8 36811.3
380288.8868572345 69790.5 18313.2 16697.5 11820.4 19113.3 19608.9 10358.4 24397
357001.41732389625 143938 71415.7 54592 31973.3 44346.7 46598.5 25019.8 64973
363100.00129052886 102901 61662.3 33423.6 28194.2 16519.2 18490.1 9697.33 25750.9
571636.6083062012 335929 105094 30756.9 42287.1 44282.4 28756.8 18061.7 40066.9
465711.18872930406 171824 60815.7 68147.1 31913.9 44622.3 32660.3 27674.7 84989.1
547015.6145167062 179029 24199 46334.5 28739.9 34831.5 29649.9 17748.9 33970.4
396937.84326521587 18141.7 28539 43783.8 30922.6 54825.9 34515.9 18140 46083.5
306901.6945714148 44537.8 20733.2 34974.2 13823.4 23906.3 27700 15535.5 38879.6
571056.9230378558 112512 47648.3 59519.9 33532.5 33599 26811.1 21055.5 55338.8
509542.54870460514 71942.5 15581 11342.2 6202.15 8673.31 9947.83 6835.71 39887.4
452602.03081996087 61058.9 39477.8 28605.7 22257.5 17557.6 19632.1 9263.05 23296.2
564211.632143915 20919.8 38421.2 41964.1 34412.5 59391 58930.3 30494.5 82121.3
513726.202236289 124151 45505.8 67580.4 22503.5 30407.7 29936.8 18333.5 42952.3
392341.54111860646 120775 136453 82147.1 28314 39703.4 42307.8 26653.6 53012.9
547058.3961937643 82418.1 67619.3 61592.9 24662.2 18221 16898.1 7032.8 22570.4
435332.8518389594 49165.6 89099.6 19100.9 12011.1 13710.2 16466.1 10001.5 27683.7
436358.94939109095 107526 15885.1 32070.8 22473.4 27451.5 30448.1 19939.3 59934.9
560216.2177659459 314692 95261.9 82524.5 29284.5 47790.7 42644.5 20622.9 59036.1
397609.45786349307 147759 47348.7 49401.2 35747.4 37039.1 62171.6 36172.2 88847.1
556573.0087952808 44943 59423.1 34487.8 20518.4 28564.4 24943.2 13359.7 36303.4
585477.7790044906 123779 35057.2 33345.3 22679.3 27060 23853.9 13153.4 43527.4
476975.04204263544 63708.7 84057.7 49172.3 20855.7 14414.9 23976.1 14212.5 53009.8
534073.0846948251 50908.3 37285.5 25448.3 10426.5 8680.28 8568.87 3463.48 21289
389547.15497861645 67016.1 39187.6 37321.4 27826.1 17100.5 10382.7 5023.02 8236.42
297212.6343065029 87626.2 47239.3 28997.6 34609.2 24006.1 23942.5 9762.16 34897
542369.9397878412 232117 42752.1 27567.6 17321.6 29251.8 18831.6 13235.1 30799.3
566348.4061148684 170852 106334 123577 87695.9 75149.8 55577.8 26598.6 91165.2
448528.0574255358 44374.2 25558.2 24907 18923.3 13809.1 15010.3 7754.51 31047.4
515495.8000527562 147478 24408.4 25377.2 16826 17329.7 16677.3 8880.08 29302.8
249226.91442789798 67085.2 18032.5 35653.9 31996.9 35247.1 28186.3 12614.8 33421.6
358488.8154080515 56440.4 62324.1 32418.4 19855.3 15664.3 23129.3 8860.05 30519.6
596739.0298518757 297845 108448 159247 61142.6 81995.6 86523.2 44240.7 103136
472941.938130302 81776.9 25891.1 27896.2 28746.3 33483.3 27053.2 20242 69873.7
386780.44667122053 118115 33255.5 98949.9 32166.6 50121.2 38335.4 21952.8 61219.2
322622.2242032592 275324 113271 107748 115291 111816 96436.6 65968.9 137617
541752.7109174571 168288 44593.6 41223.1 73547.1 51592.9 55904 34523.8 59689.2
509523.1206147026 41340.6 15228.4 56871.9 24524.5 19460.2 18143.6 10910.2 38573.7
538436.0450814835 40216.1 27384 64025.8 10970.1 18295.4 16445.5 7854.32 18329.4
564150.876117598 143539 55247.9 25619 22247.5 27094.2 24711.7 14688.8 43191.6
361848.2650797756 165208 33603 97951.2 34512.2 27468.2 32995.2 15920.5 51176.6
417053.0122380575 50425.6 50942.4 9749.08 13416.1 16828.2 15104.9 9877.37 41842.2
457398.4824545518 114467 49497.5 47817.6 22671.6 31625.4 20332.6 15247.6 27396.6
583717.5070543642 155578 21365.4 16914.1 14299.6 22970.4 18526.3 12433.4 27048.5
439336.981726519 83009.8 31080.9 20487.3 14069.1 10764.6 13691.1 6658.54 16633.9
409054.4445212526 116993 46395.3 33302.2 17444 12614.2 13355.8 4847.2 17765
496810.953943385 179922 64203.2 47896.2 42324.2 31688.5 19802.1 8768.49 37123.5
481767.15951104613 26751.8 31211.6 16000.8 14485.9 14741.1 15723.7 9716.21 26738.5
250233.65793413555 131050 98487.5 84090.5 94130.1 65579.3 54621.2 32745.6 106070
184742.45092140484 191210 47122.8 63980.7 40498.9 35785.9 38439.5 15176.5 40512.6
572691.9402171312 99011.8 66718.7 52603.9 22762.1 35228.3 34064.9 11889.6 46625.8
428809.64838271675 130888 23442.3 49378.3 19103.4 25593.8 23998 12118 24851
501663.31780041364 110088 63068.8 69701.3 29043.6 31424.6 26339.6 14164.8 38174.2
492264.8729178974 267852 41459.5 73070.5 32274.1 23024.2 24800.2 14794.4 40291.5
334780.86175545596 93833.8 130257 56973.5 38447.6 43378.8 37315.6 29358.7 84208.5
516249.4836113292 119268 40655.7 43004.4 27841.6 23828 27222.1 18261.9 47724.1
297002.2122320077 97258.3 33961.5 60780.3 48893.8 44371.1 39348.1 26874.4 83424.7
481848.37688726105 114336 65268 19590.4 15448.8 9675.76 18932.3 8255.34 33094.2
482748.5665333446 49020 43135.4 27553.2 11344.8 16573.1 12320.3 7489.43 20966
482644.17067960894 79210.8 22418.2 23658.1 9903.89 15958 15306.7 9098.02 34214.3
493522.9743582956 82228.6 53126 61306.5 25115.5 29113.1 19050.7 13000.1 44035.2
526802.4476485879 72495.3 61353.9 13977 9224.27 8597.66 8562.36 5300.5 31840.5
518269.9583954469 468287 77551.6 39552.6 24861.4 31371.8 31965.2 19713.8 61820.6
490467.3098592134 131429 64146.4 47072.7 47034.6 31350.1 22083 10989.5 47547
626058.3751251663 96783.1 53032.2 64125.3 18851.2 42507.3 25844.4 15222.1 37525
503058.65103966184 296249 40318.5 42250.3 25309.7 37073.3 24734.1 16654.1 63612.3
437088.1372693995 74045.3 48893.3 48255.3 65706.3 54177.1 43844.4 20798.5 69585.2
480545.2567610422 75612.4 29924.8 31909.2 14837.9 22719.5 22948.1 11627.6 34153.6
470421.91537204606 238967 40958.8 18681.2 21564 14910.4 14419.2 9513.6 38583.3
555183.101325784 217120 64044.7 33532.2 16161.1 31747.5 26201.8 16527 43846.6
542700.5864825989 44887.9 34999.7 45049.6 28036.2 26572.7 26646.6 12373 32813.2
487244.6761142175 53778 72080.6 32302.3 25292.4 23843.2 13192 7198.92 22384.3
323142.54267109337 135656 26489.1 69317.4 28770.1 35927.8 33422.9 21654 58107
363299.94598512753 44251.8 46277.2 22999.6 26168.7 16612.1 25192.9 11248.2 31657.7
518179.16485849395 192412 259797 81954.3 61893.9 42197.4 65454.6 32720 91363.9
585477.7790044906 123779 35057.2 33345.3 22679.3 27060 23853.9 13153.4 43527.4
520948.7024108607 59805.6 33213.7 66557.3 32787.5 44961.8 43625.9 21546.7 61515.7
448489.0444740799 80085.6 47253.3 48763.2 40357.9 35577.6 27883.5 23632.9 59298.2
456296.4231082386 62041.5 29149.2 18734.1 18905.7 14349.6 23211.1 8742.64 31688.6
509833.1907338032 105991 19215.5 24268.6 14825.1 18317 17127.8 9401.36 26716.8
370512.22881841206 102921 42319.8 40913.2 15558.1 20798.6 35663.2 18767 49148.2
448732.69653510157 209656 28520.4 19624.3 12183.5 6902.73 10005.3 4929.75 18205.8
536146.7020573643 128496 35137.8 22331.8 21350.9 12181.9 14812.4 6818.36 23610.4
483601.2745817411 113478 85178.9 30767.1 34133.3 40100.5 21784.8 10247.6 22684.6
505606.2585220705 61653.2 57676.6 35831.6 47245.2 41176.7 50128.2 31394.4 73694.1
352886.0967200921 92797.9 22595.3 21682.8 7315.58 13801.9 13301 7629.05 22419.9
491884.38753971714 67164.5 70396.1 53495 19474.8 25109.4 20672 8565.29 27230.8
411884.5897512691 40088.3 26689.9 36847.9 24729.7 19797 14867 8147.12 25615.9
535357.3187719923 158564 48570.1 83503.8 50432.3 43844.8 33103.3 21086.5 44811
493101.40800021734 93495.2 95979.3 65100.1 41729.6 31152.3 38540.2 24373.3 45915.6
516519.2246209491 173074 89886.4 41445.7 37955.9 37125.9 36484.8 19259.4 45786.3
220937.02379124094 42362.9 35623.3 29668.6 11831.5 12948.4 12159.2 7821.01 26385.1
263923.18084930774 78770.2 52005.6 25044.1 18466.6 16652 19241.4 7804.79 31630.3
452445.3831560832 358956 51888.9 35892.1 16283.9 27475 28884.7 11772.4 41617.2
547952.347731487 86656.5 91173.6 64909.6 25997.5 54902.2 61002.1 26318.9 70533.3
457066.6890614698 32692.1 43740.6 14673.5 8567.35 12374.5 9439.23 4447.19 19625.5
319095.51144828694 172479 31571.4 27969.5 13716.1 14228 20592 8343.12 22862.7
530025.2311840951 140171 76423.9 133298 84348.7 75634 55297.6 41749.6 87338.3
405878.4492053647 74154 43906.7 43175 32758.8 34517.7 24720.2 15301.6 36455
473465.281408182 120260 39320.5 47097.2 36300.1 37702 63515.1 25678.8 89519.2
472409.16011750046 374848 26296.2 53607.6 33953.7 21669.4 29619.9 19200.5 52081.6
490590.8671246532 336496 29383.1 78166.7 42883.9 43932.8 33328.6 17198.2 38435.1
396637.90577223635 77821.5 32642.7 31163.5 18692.2 26461 24837.3 10890.4 29545.6
534534.7538384274 30837.1 88889.9 72608.9 60364.4 44970.6 53183 25858.7 85491.4
497771.9094253957 170953 50467.5 21969.4 17193.4 13896.6 15758.6 6515.56 33331.5
532836.1484331911 53417.5 60308.2 22646.8 11681.4 21034.9 24514.9 11676.6 35961.7
457494.8238924269 121171 38968.5 54229.8 33481.8 32842.1 26596.1 17626.6 47743.7
414959.39067160897 104220 32343.2 28072.7 26435.2 18395.8 25861.2 10712.8 53141.1
326886.36007400113 104142 84109.8 71201.4 67843.6 56588.1 75520 28348.9 78607.8
449051.8846393672 87916.2 21545.7 64671.1 31004.9 32522.9 34270.2 11713.2 38943.4
383713.53983839485 204891 73189.4 68778.2 27966.5 35273.8 33296.1 15804.8 45967.4
440949.86840257613 167086 22305 27971 17037.7 26865.2 20287.9 11337.2 40281.1
415450.9908210058 155173 43043.3 39407 25952.3 35311.1 37289.2 18978.7 49322.3
423500.9130392696 64563.1 50943.2 57665.6 32992.8 15871.1 16492.5 10486.2 46737.2
523232.77777457825 39957.6 29133.8 76569.6 15163.1 29440.1 31671 20209.6 41984.8
372826.09141943685 50734.1 17695.1 23944.9 30606.9 33096.6 31948 19834.5 71894.9
496763.7274191462 196953 23129.6 60118.2 45200.5 53877.4 39137.8 22611.4 74062
663458.0200656772 40701.1 56809.3 44147.8 16160.1 20981.2 20738.8 14876.8 43190.5
474970.38099428324 38568.6 33182.6 49615 30617.1 25070.4 17183.6 10643.4 32339.5
337278.9663612124 186097 33483.7 32916.4 36588.4 32298 22783.9 10285.8 31722
532696.4494819208 238663 29232.3 55993.3 23848.1 17885.9 24416.1 11539.2 25412.1
554833.3148552523 71346.1 38176.9 54746.1 35451.4 40431.4 33870.6 20638.3 52902.5
410491.6216607129 95604.2 63507.3 27441.9 17290.9 26570.7 21459.5 12192.7 38185.2
413637.05708989414 58088.6 17550.4 30984.1 12556.5 16767.7 12321.9 5246.7 18675.1
502652.1836831137 54108.4 100361 115871 58546.7 57543.2 43460.1 43531 83022.1
314987.77287442586 75980.8 77063 58805.6 17403.6 23632.4 28823 17940 41968.1
623535.1635784762 170085 18956.4 25767.8 26106.7 29100.8 29333.9 15379.9 50850.5
486336.9093650534 32350.2 20551.8 22907.6 12603.5 21966.5 20867.9 7811.17 26399.5
252432.21368607698 103314 21041.2 30299.4 16187.5 14151.1 14989 8964.39 30723.2
592350.0009961346 260713 65523.6 60911 51068.3 49006.6 48265.7 26999.4 54892.3
465527.85799410363 258702 90559.3 185581 49723.4 96450.3 70166.9 34374.2 98188.3
516609.24573722674 157809 24087.2 12220.5 13842.9 25819.8 20639.6 12563.3 45150.8
533811.9784192453 30817.3 81300.3 76704 55617.3 53357.1 46765.5 24031.2 64049.1
450048.5730488543 72161.2 28701.8 90239.8 45262 65754.4 68836.8 43876.2 105407
483250.85740395956 51767.8 26821.9 24934.5 11074.3 13805.4 13554.4 5344.31 22719.3
539480.1105506218 395630 37281.7 60256.7 25284.2 36682.2 34738.3 19861.9 42048.9
543214.7243727723 128497 86835.1 50577.7 31500.9 50300.9 37280.1 14113.9 47508.1
515735.6486117829 98956.2 46429 42407.9 26996 35352.4 33691.7 22839.9 52280
428618.58007686376 179827 33881.8 32566.3 28251.4 38250.8 30289.9 17642.9 62536
376456.9023378041 63022.1 35750.3 30569.3 29528.7 42230.7 32449.2 26066.7 48431.7
420667.474223597 56384.9 37218.6 41308.8 19041.7 27882.9 24295 17020.6 57429.9
329892.9677947725 147004 27483 49713.9 38349.3 19678.6 13708.1 7744.46 27421.3
497905.9137771478 49012.3 58382.2 32909.5 16879.5 19821.9 16535.3 9193.13 27870.9
547458.0816023914 51170.5 29894.7 30120.3 30748.2 18569.6 28083.5 12994.8 38330.6
450804.4977754514 31409.6 23680 16421.7 17358.9 13015.3 13255.1 6335.94 24004.1
346295.7519752335 135955 22231.7 19143.1 21467.1 18505.3 16105.1 7770.5 28554.7
510469.6723078867 98063.4 35256.5 43238.4 23963.9 34969.1 30942.9 18618.8 58674.7
631808.2240216818 98713.7 53559.5 25508.2 30910.7 32613.5 28420.3 15155.8 34256
504016.16001033055 113509 37342.4 29092.8 16456.1 10404.5 13664.3 8332.53 29174.1
300035.716500335 185055 54853.4 18505.9 17008.2 16352.1 12130.2 8669.39 29680.1
599240.0454483634 164036 84147 73366.4 42823.2 49912.3 38707.5 27393.1 69918.9
468761.6217299865 249224 63055.7 47970 24573.8 22493.9 22757.9 16760.1 50131.7
218335.14869509038 118846 24483 34731.2 26800.5 18014.5 21479.5 6338.93 16729
450645.2423405938 83690.2 25837.2 29259.3 14623.6 18482.3 18039.5 8744 23671.4
544001.7173428085 102879 27445.4 39551.4 12570.1 16578.5 19019.1 13662.7 40737.8
559612.3926540158 101747 27088.7 31782.8 21532.8 19681.5 17672.3 13564.2 27421
644447.4620642235 235791 75934.5 39601.3 55069 39169.9 45202.7 23928.6 60356.1
549533.8489889691 276259 48174.4 95359.1 59985.6 28923.8 34967 21013.9 50555.8
530713.266682993 57715.2 35182.6 67029.3 31062.1 48195.1 35026.5 20206.1 43082.7
497039.96747636714 32450.5 23663.9 25850.1 26261.2 26114 15197.8 13291.1 43577.3
547288.8651509297 73e3 67672.3 61295.4 67386.4 33441.8 42206.9 20909.4 63096
402046.7926434969 84622.6 33948.5 68635 41245.3 45768.2 35412.1 20023.7 57288.2
600716.2153199002 32227.1 14016.4 22061.9 13814.5 17421.6 15172.9 8410 30888.6
458174.1249598135 33163.3 16062.5 20846 14874.8 13215.7 11565.2 8898.96 24840.6
470583.1223596036 73367.4 17549.9 60218.8 19590 12461.3 12858.9 8159.94 31427.9
497041.662859645 105931 27911.2 29067.9 19955.2 12241.6 16032 9295.38 21763.8
446483.7189760382 198921 61383.9 76992.9 46465.8 50816.6 56043.4 24752.7 92789.2
445340.2098191935 241495 46721.3 38475.4 40957.2 31254.2 28614.1 16890 43985.2
518648.2170518904 107714 21541.1 33564.5 19592.1 19633.9 18130.8 10281.2 18722.4
506593.1361288102 76339.1 41443.4 43587.3 24800.2 32531.2 40700.3 17656.3 62336
375949.6440271592 99655.8 29261.5 66687.6 26959.4 23607.9 15057.4 12803.9 39424.9
544159.0473027661 187760 71272.1 69083.7 55237.2 52098.6 38305.4 18987.7 56798.9
499270.906800823 81484.3 52863.1 41331.2 20725.8 28310.8 26986.8 13903.7 51024.5
511587.46169453644 181403 17305.1 35051.1 17644.8 22577.6 19356.3 9334.54 32185.7
489855.94328005094 36190.4 45721.5 69974.7 32405.3 38421.6 43414.9 22664.2 53042.5
428881.43277371675 85523.3 62437 43169.7 47904 42716.9 66094.8 26867.2 70648.6
542732.6536456288 145509 53985.7 36675.7 16291.3 21735.4 22973 13391.8 45299.6
485756.1309617923 39333.8 16516.8 35191.4 23383.3 14897.5 18448.4 11314.6 37975.7
545390.4617144972 138031 74489.1 28504.5 25655.5 26332 21749.1 11095.4 36497.4
581256.7287055281 225662 37862.4 22301.5 12412.9 26775.7 19306.9 12812 24189.2
495774.1966322603 70832.9 50887.6 35958.9 43960.5 18365.8 27387.5 17969.7 29896.1
355917.1555207194 44122.5 44698.1 58537.9 26089.9 25072.3 25118.2 10263 30120.2
339160.05580705503 68617.9 56167.6 28339.8 16921.5 14898.1 15988.6 9794.4 28664
542881.1213680112 165899 49855.3 52906.1 25865.7 25806.9 22650.1 9347.31 35061.8
469587.173199163 88906.3 53382.4 55453.1 39068.4 23813.6 18770 6279.31 21459.8
509550.92160372104 79545.5 16815.6 40426.5 14009.4 22538 18733.3 7912.98 26860.4
286925.2666876193 115838 92045.5 46328.9 25464.9 20029.5 12139.6 7394.22 26028.3
449271.87020047917 47407.1 51843 24755.4 29795.2 28663.9 32348.3 13297.4 55128.4
285368.38658629963 77173.6 72438.6 60672.4 18306.2 21297.2 27164.3 12494.5 47942.8
481663.8455369594 119460 48242.3 40702.5 28514.2 28551.9 23649.6 12423.8 28741.3
442003.6416791144 120097 22255.6 23733.6 9196.14 11936.8 12874.7 8095.32 16744.7
564211.632143915 20919.8 38421.2 41964.1 34412.5 59391 58930.3 30494.5 82121.3
502784.63591724675 65140.6 96210.8 38582.2 41733.5 39475.2 46382.7 17712.6 46125.1
409112.4678212169 96957.8 57056.6 25775.7 27263.1 35119.1 35431.5 17140.5 66516
448740.73850944766 134508 58675.7 37778.6 29477.1 39140.7 26954.4 15006.8 45568
882993.6181378686 82214.2 89854.3 47832 42482.9 43746.6 42133 22961.7 40278.4
609763.9785201186 68423.6 44541.1 34764.3 18241.6 14396.5 14570.6 8720.58 36823.8
603237.268506823 58592.1 54989.3 38619 15933.8 23184.2 17545.5 9010.97 25209.7
466192.85920883017 20459.2 15824.8 30307 14455.9 23865.9 14688.5 10472.1 37733.9
370951.1614407285 79714.3 55551.5 20888.5 19489.9 18770.9 26513.9 13175.3 53140.5
502997.0406437757 163528 68983 58174.6 42079.1 43415.4 43281.9 21608.1 55090.4
470784.2278010271 51826 106854 119328 31419 36846.9 38985.1 16032.8 37465.9
346295.7519752335 135955 22231.7 19143.1 21467.1 18505.3 16105.1 7770.5 28554.7
291063.29684983124 247286 38975.5 28169.6 21789.9 11750.7 15110.4 6920.04 28449.9
692519.9840999402 347526 84403.3 52926.3 19493.6 35935.5 24285.4 15684.2 47839.3
481863.7002282235 251678 79212.1 72500 49448.3 32430.2 38378.7 22861.4 66686
575052.2503118431 58572.3 43079.8 43077.5 22239.9 34544.7 24429.4 17956.2 47202.8
509293.8889385247 75101.8 51441.3 37759.8 17587.2 22073.6 18848.1 14403.1 37169.7
529083.1311517438 52198.8 15853.7 47562 22609.2 29732.3 16536 11077.9 37560.3
478227.02823042235 134459 70518.8 32906.6 37964.2 31651.7 22474.1 13212.5 33401.9
470784.2278010271 51826 106854 119328 31419 36846.9 38985.1 16032.8 37465.9
445610.00262042956 44144.9 22897.4 50538.7 25277.3 19437.1 19010.6 7169.62 26403.1
326192.7575242095 74288.9 30525.2 17899.6 14384.3 11268.3 10258.9 5440.13 17091.2
453915.98691419774 125995 23357 23984.5 23486.4 16633.1 18232.9 8102.98 26683.3
408228.79952023877 156941 90918.3 34609.2 35477 33811.8 20240.8 9187.34 23648.5
487790.0665502925 60643.2 25628.6 16343.4 16502.2 14275.9 14907.9 6724.26 24294.8
486830.1341811 113089 19721.2 44623.3 21686.5 21121.4 21209.1 12700.6 43977.5
532267.3086699917 97243.8 65590.2 25207.9 21367.6 18722.6 15036.5 6937.05 24849.7
511965.4874221493 121932 193968 89512.4 45698 53813 54295.5 28493 74603.1
473819.344268301 71665.7 36932.4 60829.9 23969.3 17290.2 24160 12531 30187.1
496639.8662357234 260838 20413.5 26435.3 12998.1 22690.6 17028.2 12723.3 31712.5
393712.8321852422 50891.8 8868.75 27726.7 16245.4 9587.22 15933 5450.55 13967.4
390759.00859351567 192838 34889.8 52362 21453.2 24856.9 23313.5 9841.64 32929
512736.51163529546 68312.2 41547.8 51627.1 23527.9 25766.5 28448.3 15105.9 57473.1
267721.84373972693 71167.3 62383.7 31474.1 15103.3 24873.8 22455.1 12921.3 44340
235723.65656452975 95043 64488.3 102439 38685.5 53365.6 56842.9 30403.6 66533.2
403099.8942346454 79893.3 24750.9 12172.4 10674.5 7292.51 7247.72 3491.18 20601.6
508719.39598584396 73394.7 26259.1 27006.7 9635.41 21750 13294.9 8938.19 30969.6
517631.0340810291 59048 66086.7 41044.2 33738.6 27099.3 25184.9 20359.5 58717.4
495881.005522484 130617 38327.7 50525.9 66777.9 33844.9 41535.6 18409.3 39997.9
448542.78357619775 65472.4 24440.6 25847.9 17557.1 18511.1 9820.92 4628.35 21531.2
378849.97133091965 164431 43042.7 62887.4 16655.1 25043.4 21950.2 12478.2 35532.4
345340.56858356856 46506.7 42961.7 23607.4 17918.5 21081.9 19302.9 15598.8 36112.4
563372.1783146673 44679.1 17628 22231.1 21390.3 17933 15947.4 7114.37 31913.4
519619.3152429727 136551 97099.1 115569 45953.4 49300.3 39044.1 32584 54598.4
239562.86333378754 78817.9 34884.7 50072.8 14225.3 14911.4 11779.2 6719.11 21801.8
428689.4057942427 94219.9 46472 47331.2 14590.1 27759.9 31924.8 14433.1 55309.1
326669.8116210258 110382 28575 29016.4 25551.3 22675.6 27950.3 16440.2 51195.6
464065.40769327316 91108.4 19150.6 28940 13126.1 15488.7 10116.8 7772.38 27740.6
566554.2590475435 111348 67082.1 60622.5 24375.1 25057.7 24638.4 11962.6 34239.4
492902.6269927717 61546 39020.3 46945.6 18739.2 26945.2 23085.2 15385 42791.4
508636.4252784596 37863.4 20864.7 108895 50538.4 50810.3 49890.4 29588.3 89840.6
628211.5282760997 110321 42054 48635.6 18596.3 38000.1 39629.9 23027.4 67071.7
316763.6279802852 77489.9 69906.3 73333.8 25900.7 29241.8 37647.2 14543.5 53859.4
339281.59298718837 82960.2 90332.7 43299.2 32625.7 18284.7 19640 9969.25 21071.6
519476.19755221944 241544 25036.8 38520.1 16987.1 17374.2 17975.8 11146.8 34263.1
377491.99723070016 29646.7 16145.4 35057.2 11068.1 13483.2 17607.1 9962.77 35126.2
561749.5845236223 227068 55657.1 60978.6 37769 54071.1 36601.6 25591.6 60191.5
451412.1744772325 109529 30450 66497.4 18595.6 21306.9 16963 10046.7 36789.4
532267.3086699917 97243.8 65590.2 25207.9 21367.6 18722.6 15036.5 6937.05 24849.7
544001.7173428085 102879 27445.4 39551.4 12570.1 16578.5 19019.1 13662.7 40737.8
491511.3309054205 108677 36028.6 35271.5 69643.5 51924.4 37843.6 25772 76576.4
514810.945416907 162884 62926.3 108294 46788.5 46004.5 49121 33136.9 65424.6
495774.1966322603 70832.9 50887.6 35958.9 43960.5 18365.8 27387.5 17969.7 29896.1
267778.33362087497 39556.8 61458.8 44165.2 36521.6 41285.1 30856.4 15004.8 39067.5
376631.132747858 192145 25016.1 27909.2 16552.8 18502.1 18201.3 10355.1 36420
465676.71496003616 144307 75142 34917.6 41217.6 69654.3 51486.3 29321.7 88585.8
493128.7636344202 58030.9 35630.5 23394.3 12213.5 12379.3 16094.3 6843.2 23264.1
451751.4532600225 113131 121663 50450.7 30150.1 55276.5 47296.1 20537 47353.9
499270.906800823 81484.3 52863.1 41331.2 20725.8 28310.8 26986.8 13903.7 51024.5
336862.3406749479 53565.1 53585.8 24236.3 19863.4 20284.1 16914.8 8612.03 24998.8
349966.8746849477 51866.6 32574.8 33747.1 28918.8 33589.9 29516.4 14043.9 48641.3
264895.0680079115 36455.9 60410.6 42897.3 34267 21006.9 11450.2 9044.74 22959.6
425600.37725262565 108870 33397.6 24599.9 16295.3 23360.5 33722.1 13073.7 60129.2
530123.99802611 142830 70714.1 54049.5 22300.7 45500.7 28648.1 31813.5 88987.9
589029.1204722377 47308.4 90105.9 34998.5 19250.5 17751.8 12835.9 8090.74 20733.7
513626.9814524457 227848 34503.8 46125.7 28871.3 35821.5 58541.2 29622.1 106312
472159.4942220737 16670.9 20200.7 47996.5 44124.2 20343.8 31929.4 16897.3 49778.7
557930.5682834528 138963 41282.4 36225.1 25014.3 33896.6 24635.9 13583.7 50519
559627.0709111847 43476.5 39397 30179 21790.5 31549.3 28302.4 14066.5 43962.4
501463.355734347 190266 73515.7 47186.7 14502.7 17965.4 16897.1 7282.06 30572.5
605140.5526552774 127505 82197.7 96142 47148.8 66207.1 80552.1 21557.1 70026.5
445079.1647045808 194207 80702.8 92815 29068 46169.5 31173.7 16712.8 54693.1
433732.97903834755 275045 71322.7 55773.5 15500 23567.9 28218.3 12514.6 49249.4
339779.6844974689 64864.9 55776.7 50978.1 20515.5 51171.1 37774.7 24013.5 62946.2
530661.7215635593 143109 84133.2 106001 65269.9 52462.4 42399.9 14574.1 65655.2
371465.4578911202 103797 35675.3 45645.1 32805.2 28339.7 27311.7 11742.6 43910.4
486446.54267967935 160624 53897.1 35793.8 17647.7 27305 17300.5 7573.37 32746.2
456297.27774548397 115853 68108.3 33425.2 28646.7 18395 24822.6 11952 42744.3
484526.9713322599 87646.7 8119.11 21055.9 7256.85 8490.22 7822.73 5492.44 19375.7
477429.72398062376 296821 89196.2 109450 53547.4 57004.5 23597.7 16789.3 44482
505695.9499995551 200797 42705.2 35050.9 33945.7 29375.7 33912.2 16559.3 57075.1
628758.8848554272 98439.3 18385.4 24812.4 14168.5 16925.1 21268.3 12642.5 41875.7
371351.4534758341 226573 33544.5 59207.2 25476.5 37293.2 37532.8 16338.5 37301.3
764710.4524939216 83169.4 112039 99221.4 59653.4 37792 34351.6 17096.4 59266.3
650025.3135094815 112180 79968.4 38621 23445.6 34779.9 17099.8 10867.6 35793.8
545460.7007381341 54402.4 20632.8 100375 39987.5 50524.4 32124.9 17598.8 39433.1
518822.7289988477 224014 66984.3 33396.5 21718.7 19520 36605.7 13729.2 34492.7
566924.7802757259 230841 49916.9 60262.2 32890.6 22840.5 19142.3 15044.8 40666.9
583556.5265781031 146848 40763.4 37912.4 18628.3 18151.8 19921.7 10381 28410.6
540147.8514891531 216811 31637.9 52560.3 15993.4 24843.9 21325.7 12515.4 46687.1
603126.9130930533 75833.2 55062 61695.6 37423 40006.4 48533.9 29147.2 85634.8
276980.5864017544 32553.9 14852.8 34607.3 17388.4 19598.7 15560.4 9534.82 29269.1
415478.53272399923 272417 68064.4 43552.7 17148.7 20841.7 21563.1 13843.8 36778.3
481594.004344214 158431 79758.4 49586.7 47018.3 53826.5 48971.7 32140.1 69450.7
405387.9666932123 92217.4 22309.6 31904.6 14137.8 16698.3 15167 8383.29 16978.8
531322.1232364245 298334 40565.3 64806.4 49088.1 57582.9 36631.2 24884.7 76400.6
344716.0200695674 20989.3 40432.9 30226 16837.6 21897.1 23850.7 9951.42 37086.4
652008.2192854868 122339 93373.1 70096.4 22128 35614.9 25435.8 12497.5 42195.1
536501.8654127661 112887 49760.9 24595.2 54444.5 30025.5 29983 13720.3 40214.4
624362.2550125966 159571 83561.3 96295.5 60291.1 59242.1 43159.5 32782.4 74181.5
351549.6310954254 40161.1 52236.5 23138.5 13257.5 16647.2 19077.4 7877.65 16639.4
394379.8095958506 70887.5 25921.5 37411.4 27907.1 27845.4 35572.9 21589.8 48092.4
445667.67351757636 66476.5 48379.8 58965.6 22499.9 24053.7 33649.6 15128.5 51016.1
468307.1228903021 100530 16061.9 21871.9 8024.14 15657.8 13051 6388.09 25424.4
489834.00663982774 64666.8 30206.6 41324.7 28996.5 34993.2 33893.2 16742.7 44135.4
535163.8193990112 334015 222763 77471.4 37203.3 48801 44484.6 29258.6 60184.4
569912.1898106663 112030 14560.7 14528 8537.66 12483.1 9622.45 6812.56 24479
402962.9664777497 58896.2 49460 46167.5 45567.4 50169.8 39152.8 25060.8 49563
405621.02150796476 77639.9 20207.2 29967.6 25140.6 22932 27268.8 13917.3 31914.6
429237.1903030181 236330 107623 65085.3 81526.5 63343 61305.2 35595.3 107856
462380.03050437086 80785.6 25153.9 13695.6 5549.58 10083.8 6750.54 5526.07 22637.5
488446.6840077875 241888 35279.2 44434.7 28633.8 32745.1 33115.3 16935.4 41755
322887.94790886133 201598 32379.2 58600.6 25152.5 28155.5 23021.4 12157.5 40430.4
546255.1757439004 89956.7 10741.1 18585 19382.9 18559.1 21277.4 15278.6 32729.3
462292.819318259 204009 72510.6 46756.4 23294.7 25835.4 38113.1 13917.2 42368.4
495774.1966322603 70832.9 50887.6 35958.9 43960.5 18365.8 27387.5 17969.7 29896.1
355167.9171807945 164313 55795.4 66666.9 21761.8 25093.7 30175 14987.5 30526.7
574522.3975023484 44277.1 33163.1 61602 34736.6 71627.6 46391.8 22725.8 65055.1
443065.2909717007 168815 22181.7 27674 16029.1 17829.4 15909.5 10291.3 34076
520382.41844802076 121243 103781 79002.7 20867.3 49964.6 53907.6 32243.8 77810.7
509539.4566852828 45362 72238.2 102348 34450.9 19768.6 18969.3 9730.65 44231.5
546249.8997606159 97643.5 28115.6 23811.9 14203.3 11010.6 19552.5 7860.55 32355.9
462392.11663399957 154654 62323.3 25315 41025.2 25916.9 26741.1 13809.4 40583.4
526742.470358694 59667.3 31365.5 35565.5 15302.6 10759.2 11166.4 5286.21 21821.6
595676.7858555362 138219 26320.2 31846.7 11962.6 13607.2 14270 7036.07 23157.7
389547.15497861645 67016.1 39187.6 37321.4 27826.1 17100.5 10382.7 5023.02 8236.42
498920.8620507369 298149 100207 44439.6 44238.9 66108.7 33809 14210.7 61754.1
522126.9556533615 152603 33804.4 40819.5 29574 35975.5 25016.1 13522.5 48505.2
472469.99528090854 63721.2 36261.8 58301.3 20702.1 26983 15343.6 10742.5 27056.8
217060.1877910565 32411.5 54538.8 67576.9 36589.4 20707.6 28417.5 18442.1 53674.1
389547.15497861645 67016.1 39187.6 37321.4 27826.1 17100.5 10382.7 5023.02 8236.42
370265.5627686387 96290.3 32567.4 64679.5 35626.5 35003.2 33833.9 22122.7 48253.6
439896.53685795533 83521.6 57670.1 33062 7195.62 16303.4 17681 7684.4 33784.5
195878.5739826192 104328 104761 62814.7 44626 43000.5 30999.6 11807.7 54709.6
516017.30025876785 101268 129633 88097 34109.7 53738.8 40540.2 31702 69033.7
418289.9795063179 99421.9 47919.2 40677.7 11297.5 19462.8 26775.3 13993.5 46786.6
456751.9227043918 219874 31533 17704.9 8883.13 8500.83 7512.61 4356.21 17360.1
528922.0895798357 144643 54068.6 34257 29431.1 32088.2 48057.9 27800.6 75438.3
466290.24541602255 63611.3 118e3 53236.6 27474.2 35622.6 41620.5 18611.1 66641.9
451297.40988353064 267687 64304.6 63426.9 46048.9 36673.7 26268.1 23939 46469.6
306013.0042029798 167371 59826.3 29140.8 27231.1 19725.3 22945.4 11322.3 40361.8
450622.06328050734 131825 90294.1 44356.3 57961.7 50646.3 49517.4 30866.6 118602
494370.3669127718 36752.8 52676.1 69494.7 25416.4 20502 19956.3 10666.6 30257.2
489195.88470417756 242660 77150.8 47856.9 42767.6 26112.5 24675.4 19518.4 49636.3
354039.3051676224 82274.8 47054.7 38888.4 42500.7 26466.9 24904.5 16743.8 56554.5
261826.45513617937 28260.4 61104 32738.2 42423.4 32315.2 27545.6 18972 54047.9
401825.32236021373 63385.8 22238.9 34727.9 13429.4 15714.7 16969.2 9531.29 19015.8
460722.1980679031 188864 52121.1 50786.3 15831.7 22109.3 18411.7 13931.1 37512.1
441753.30870050634 266526 43955.2 69601.1 31941.6 28495.5 43220.8 19390.8 47435
337292.64602358587 55141.9 48180.3 39867.6 17472.1 35312.9 18435.7 12548.7 36688.5
529465.4891342175 157245 26085.4 55813.9 48140.8 37844.7 54924.2 25559.1 69268.8
468530.7381513111 83378.8 9410.22 30131 26046.7 22371.4 29323 12564.1 28983.5
246021.0980186758 35288.7 33809.2 26604 12770.5 13845.9 22332.3 11690.6 43261
329658.301281502 34909.2 16623.2 13608.8 11253.1 12883 10281.3 5433.17 24126.7
270048.7626527202 190843 45009.1 67125.2 31888 41465 38723.5 22973.5 57169.4
349966.8746849477 51866.6 32574.8 33747.1 28918.8 33589.9 29516.4 14043.9 48641.3
506837.5373694695 67622.9 42161.2 12658.5 3801.54 8992.4 6480.92 2848.73 16403.3
533741.7668535461 224341 73096.8 61893.5 54878.6 38513.9 26932.8 22660.1 58377.6
414781.6357493321 373935 57216.8 90267.5 82860.9 67226.9 51162.4 44192.4 88191
417866.4851170036 74028.3 28726.1 22851.6 14767.4 9687.63 11966.3 6971.47 27742
494355.6632711057 109339 41002.6 44165 31989.1 24662 20761.5 16968 43373.9
510676.1999722805 111338 31072.1 25727.9 24296.1 18517.5 18698.4 13212.2 25270.9
434367.3643290896 39043.7 49941.6 42904.2 32318.7 18232.7 23899.2 12782.6 31360.6
601765.8788355043 99966.4 18629.6 15977.8 11258.3 13568.6 14451.9 7103.6 31991
439677.9243592148 28081.2 38504.1 20722.6 18238.2 16394.3 17141.4 6805.82 16330.6
285775.0265823284 103439 17715.7 13941.4 9289.95 23283.7 17541.7 13412.3 37819.6
563488.0436378262 71798.8 58888.7 52673.2 40746 36911.7 29697 13000.3 37320.9
604917.271730465 99222.3 77708.1 77176 39205.1 52434.7 31974.5 18203.6 62961.3
427904.58923329064 55825.4 79280.4 46722.4 19105.3 15321.1 15524.7 8457.57 19665.8
546367.390549457 102203 35590.5 25534.8 25159 24028.7 20127.8 9652.62 39868.9
538642.155169003 139201 50179.5 71850.4 40063.2 39372.7 32022.9 15940.9 41838.1
481279.6627385351 100190 75312.9 42452.4 15562.1 18451.5 16532 9782.17 27364.6
533354.9948858996 45419.2 30029 20047.5 20640.3 23288.5 17210.9 7816.39 26258.1
575423.5549850671 78445.7 36529.6 34727 14560.9 19914.1 13287 10715.6 38368
545308.2701362573 51122 53747 50968.2 32090.1 40316.7 28487.6 17057.9 62070.5
832866.1067446109 28154.4 29025.7 42818.2 23391.8 32975.5 34438.4 27119.5 61595.9
400521.9375733015 167512 73174.4 64468.7 28853 31098.3 23428.2 12677.9 38995.3
318454.2586457234 48768.1 29225.8 44123.9 28722.5 24789 29358 17977.3 47143
469917.11243766994 111720 51965.4 42694.8 36959.1 33684 27806.5 11927.2 33975
442989.2591483381 97772.3 56803 19371.9 24114 30991.1 31468.4 26719.8 66411.5
603170.0139188849 106566 44958.6 81928.7 39285.4 53937.6 52971.4 23662.1 52024
430287.1800813974 58094.3 62796 59077.5 27971.3 41873.2 27784.2 15843.4 54699.3
510232.3920678231 85452.8 22225.2 26838.6 18282.5 14459.9 20104.9 6994.1 27147.1
287814.19257825974 157857 45571.8 68239.3 39627.7 31731.7 39717.5 24406.5 59759.8
381327.611335312 93632.9 32732.1 77924.3 35298.4 33251.5 33192.3 15901 51868.3
524117.297931971 215229 104079 42775.2 24810.8 23582.2 37663.7 19605.4 65152.8
428618.58007686376 179827 33881.8 32566.3 28251.4 38250.8 30289.9 17642.9 62536
354691.49087559787 311131 41229.7 116351 36545.1 65118.5 50201.7 30584 79688
478017.81291545735 294147 36781.1 50475 27597.1 33212.7 26258.2 11813.2 38218.1
554898.5488582678 110122 42318.4 25870.7 10084.2 16156.7 14870 6521.41 27047.8
491151.2817712694 75100.6 56914.8 44006.9 21681.8 17535.9 16056.6 13080.7 32276.8
555040.5497357444 87630.3 56793.5 39266.6 27716.2 37107.3 40955.8 17735.3 53653.5
486031.33394732315 43049.8 57158.2 81152.9 52912.1 40025.5 41589.3 18884.8 61217.2
323456.72485346714 232996 42806.6 39557.3 42081 26547.7 21954 9584.99 29056.1
383943.68845845707 168980 29990.2 52160.6 22621.8 23684.6 23915 18648.2 67977.6
533676.3871481493 63573.8 68756.6 21997.7 17453.7 21563.6 17815.9 8933.62 31134.8
452561.38045379077 115522 9221.15 23695.6 15756.2 12398 13467.2 8092.14 16756
464293.29031712114 104729 115642 44636.5 31180.4 21886.7 26000.7 15501.5 45252.8
513135.5930518512 101730 53713.2 59432.1 48309.7 35617.7 38250.6 19902.9 41373.3
390540.14260841906 84303.3 35568 17513.2 15954.4 16579.3 17723.4 8858.76 34379.2
499284.3179663258 75841.2 46289.2 21388.5 19090.5 15958.3 19231.6 7431.4 35666
460758.7519464904 103458 33529.5 20618.1 7780.89 12168.3 10023 7552.11 19883.4
576993.3716776753 39420.3 48866.4 41703.8 27318.6 29957 33948.7 17285.1 58605
497311.6651268881 93950.7 36804.9 19854.4 17302.7 19892.9 17103.8 9338.19 37857.5
406881.02395419247 73803.3 71699.9 37416.3 15121.6 13980.9 17630.9 9288.71 33587.2
354312.26018350717 124018 124743 94827.5 36510.7 71234.5 44847 32148.2 101218
272259.55225072335 48008.9 74187.2 28168.6 15923.3 22581.9 20455.8 8153.22 37194.6
449468.7271000623 29285.9 35484.6 24650.9 21122.6 21896 25005.9 8091.68 24844.5
494763.62726755807 145255 40214.6 55134.2 15819.6 14789.3 16287.2 10200 39152
692785.098152314 122656 50361.3 50266.2 38881.2 29111 21138.6 14061.6 49207.2
510968.6028477196 135702 67117.2 31125.6 26930.5 35459.4 37503.4 19707.5 56567.4
248849.5251967382 106498 66180.5 28588 17435.4 23555.8 15504 7865.34 16027.3
279220.235031282 271049 69462.7 76934.4 41982 45193 31389.3 19037.2 41597.3
503495.8527783697 55379.7 33832.7 33890.1 24420.9 20422.1 20491.3 13606.9 40241.1
517458.30995995837 139213 30349.1 60334.4 14985.8 15570.9 12697.1 7438.58 26479.7
432187.83145574556 67403.4 68910.7 32761.1 36714.2 24024.7 27274.2 10782.8 38968.8
448662.0209394768 102663 31478.7 41109.8 11836.7 10560.6 12074.4 6133.88 13589.1
352491.8027040063 89098.8 44339.9 47008 12302.8 19527.8 13601.4 8483.62 25974.7
514381.37051403895 286129 91547.2 49757.5 42871.3 33888.1 43549.7 32523.5 83538
598742.3291499467 211771 81483.7 35607.5 13586.4 21364.7 22269.9 22064.9 55430.5
469780.3477341537 122634 50430.7 18679.2 19591.1 10076.7 19394.7 7197.49 28480.3
511170.23241274606 112932 16114.8 32001.3 13704.5 14537.8 10986.7 7356.6 23152.1
462898.3083151927 98456 64804.7 110791 41179.7 51134.3 57516.3 19110.1 53255.8
239283.48567172475 178684 71393.7 102343 52208.6 52882.5 43497.3 16892 49738.1
461339.4279625637 42425.7 60773.9 28667.5 26282.4 24059.7 23842.3 12197.3 36116.1
406364.89349405415 98422.6 41564.8 39177.3 17610.1 13632.6 17242.5 6204.99 23571
419704.9682520904 113887 34504.4 51663.1 19784 18941.7 23219.1 8263.36 31206.8
484325.56429968047 351148 49306.4 74002.7 34760.7 39345.9 29896.2 11886.9 40395.7
467956.65687900933 81866.6 54936.7 35312 12818.1 27479.3 17669.2 8930.94 24979.1
576433.067825747 193770 49765.9 80839.6 28588.9 48053.8 24545.3 16528.6 45566.6
506787.75856920914 48638.3 58840.5 42710.8 19578.5 13466.2 12877.3 7562.12 20334.2
336359.21032496233 212876 49524 39114.4 30292.5 23849.8 35917.3 18576.1 55790.8
464756.5767692264 245010 43014.8 41154.4 30128.6 56111.7 31720.4 16958 36724.5
532430.919150377 128792 28314.4 33362.8 30207.4 29048.2 30456.2 20089.1 41350.3
459040.34794298286 108905 59724.8 27198.8 32326.3 26575.9 25564.5 12135.6 38584.4
509523.1206147026 41340.6 15228.4 56871.9 24524.5 19460.2 18143.6 10910.2 38573.7
547058.3961937643 82418.1 67619.3 61592.9 24662.2 18221 16898.1 7032.8 22570.4
533822.9360313172 83180.2 33909.3 18592.1 9968.75 10682.8 10050 6505.09 23511
432599.39248669916 89663.5 40020.1 26650.2 10851 26098.3 20830.6 7861.39 26605.3
432785.6879893822 189639 43227.7 28450.3 13983.8 13995.8 12764.3 6625.74 17638.4
274578.44499231636 266853 28098.6 75589.8 13845.4 26643.5 19205.8 13634.4 39282.1
769433.8220263928 69374.9 101001 43354.2 57196.2 34405 38286.4 19148.3 50549.5
492401.36391016026 90578.5 105006 62028.5 19952.4 28000.8 28663.3 15003.7 48850.4
533893.2149357036 221885 21191.4 20057.4 30625.9 42456.4 25129.7 17206.3 40207.5
491630.4885666782 67279.3 43938.5 49265.4 9231.62 20973.1 19137.7 12791.6 39450.8
213770.8425331137 140431 64976.4 86348.8 16967.7 29452.9 35123.5 13015.9 25319.7
292075.06592409266 264318 106236 62370.8 37567.4 41161.8 26507.5 15785.8 44160.8
429310.23284070013 91252.3 80002.7 39826.5 37814.3 43601.2 33870.1 18067.1 61633.5
552833.4800011216 161222 61974.3 109517 25898.9 30772.4 19841.9 12213.9 33486.5
443760.41143419157 141573 55695.8 23991.1 24077.1 46022.4 36007.4 17460.2 61510.9
293172.9475334405 129930 54720.5 38019.9 8958.57 11627.4 14113.8 7972.2 21364.9
452085.88136363804 26745.6 111931 81470.9 66335.7 37592.1 49859.4 19948.6 69736
452214.4094430356 35413.4 31170 32735.4 26375.4 29595.3 24280 13308.1 34041.7
448936.5095400839 295234 62230.9 37638.2 55225.9 46096.4 35402.5 23999.4 66932.8
455264.1000693388 258953 64641.2 65297.8 53135.5 49382.5 42674.7 21656.6 64156.6
494321.12196545175 180157 33188 37771.5 39600.5 28674 23834.9 14852.4 37365.8
230895.2335173992 149358 42352 25805.9 16333.2 13593.8 12390.1 4994.71 18383.4
319369.36411311134 160033 58557 56285.9 40590.8 46973.2 37248.8 20881.6 67339.7
495303.1206407881 120893 40993.6 70618.9 21567.1 28006.5 28874.8 17090 42666
451113.33851857367 68206.9 37556.2 46657.1 19917.5 18776.4 20598.4 11652.8 32670.5
515345.3081253609 175022 76422.7 50340 28199.3 38033.7 34821.6 20273.7 64323.9
614290.3326244471 160603 46454.9 38570.4 40593.3 36987.8 43369.6 23781.5 82440.8
389547.15497861645 67016.1 39187.6 37321.4 27826.1 17100.5 10382.7 5023.02 8236.42
493862.43872926105 54969 26244.8 18946.3 10377.6 15890.9 17425.1 7814.85 21250.3
525228.3032715699 52729.9 29337.9 41171.2 17124.9 40986.9 29195.3 19560.3 48189.3
407209.10229329707 89384.6 18150.7 41534.6 14589.7 31730.8 21120.5 12770 44812.3
420009.31387004076 189709 28771.4 32211.1 12639.4 17194.8 13363.2 9536.97 27558.1
471057.81024238095 87013.7 77430.5 46470.7 17857.6 21319.8 21071.2 10306.5 34978.1
528465.3084400884 93298.5 21195.1 94300.9 42255.4 49493.7 44593.9 41745.9 92213.9
484661.311182732 41988 35274 31812.1 19640.8 21491.1 19338.4 8292.11 37355.3
508759.58885376714 98675.2 20052.7 41799 22460 30129.9 16709.2 10323.4 38726.8
833378.7208383521 114100 60496.7 30266.3 26856.5 19271.7 21651.1 9508.09 28033.4
539431.0483942868 68181.5 55335.8 51864.6 34918.9 34401.4 28405.1 13941 38809.7
418017.7885710003 66860.2 22068.9 29292.5 18961.4 21004.3 13769.9 6696.23 20632
502168.5519981762 130988 33721.6 21576.9 10466.2 19190 14131.5 6311.09 32181.7
532883.2482536533 110623 29537.5 47525.3 20714.5 18510.7 16047 9613.09 43385.2
330676.1872512184 286436 37167.5 36859.1 26578.2 26955.2 19328.6 16113.1 46638.6
559853.3014503178 127358 59886.6 68410.3 44219.9 41982.7 42203.7 24411.5 56440.7
503881.37302597414 208125 28015.7 32393.2 15905.4 16793.7 18775.6 7993.4 16574.1
584042.6489082898 106102 76999.3 61358.3 32383 45244.4 62323.7 26559.7 66426.5
528098.9964453012 89484.3 43419.4 31289.7 32704.8 20432.3 27270 12284.3 47974.2
578795.8632748019 140185 27222 33541 20705 10387.2 12527 7397.89 31437.6
549233.592249013 428305 59336.7 88917.2 35752.6 43931.5 36173.3 21734.6 54096.6
579604.5069364593 86055.2 68799.9 56930.4 43237.6 44561.2 42034.4 21872.2 55702
455702.75949746737 124646 32695.5 31299.3 17815.2 20612.3 25182.1 13626 39246.4
508610.7235632473 92485.7 75532.4 25576.9 26713.8 25729.6 20760.4 11408 34724.5
278767.5652510579 134126 26365.3 11927.2 9069.94 9365.15 8545.37 4659.82 21607
488333.39737467776 111993 76663.2 44793.3 22376.9 25274.5 20941.8 12580.5 42888.1
294964.04762913473 90986.9 45480 95332.3 70570.8 33750.1 60075.6 32954 73098.1
450342.31594036723 164001 67774 33823.7 19477.5 33110.3 29413.8 13100.7 48862
564349.4729374892 140198 50448.6 29298.2 20639 34751.9 20443.9 10562.7 43423.6
454344.50252461317 213738 75750.3 93773.7 92021.9 75763.3 115749 52057.6 115270
551708.3676554678 46556.9 83381.9 68445 32576.5 36811.3 28866 25598.9 54032.6
263790.5544458194 83350.7 29624 31603.9 18928.7 17549.8 16416.5 9056.79 31505
592046.7349155577 51886.9 77159.6 36242.8 15878.1 25345.8 24484.4 22176.5 49579.6
384271.24022612936 74551.4 23882.7 16973.1 14946.3 16536.3 14860.9 8328.34 27580.2
340428.66999069677 31180.9 90304 47613.2 23074.2 38897.9 24470.7 18761.2 43373.6
571948.5046078166 326141 82442.5 70552.8 31162.7 35897.7 29596.3 15310.6 37426.5
573006.2632130157 147912 58295 43035.5 21643.2 20035.9 27890.8 13846.7 53205.3
517044.75808591914 145015 25213.5 33107.4 31821 17208.2 19134.8 10413.3 43803.5
487984.8897266954 88096.3 29554.1 19844.6 15068.8 13990.7 14868.4 8173.29 37765
453743.7539619668 87321 53591.3 73736.5 34128.9 51433 35377.1 23675.6 36970.5
310879.6269573147 81005.7 64031.9 58070.6 26231.7 15667.3 15207.6 10894.4 29883.8
609763.9785201186 68423.6 44541.1 34764.3 18241.6 14396.5 14570.6 8720.58 36823.8
287462.2836212485 37431.5 39833.4 17816.2 17960.6 21064.1 18448.2 11443.5 29621.9
604730.5629880924 150160 30956.5 99611.7 46994.5 35543.2 49339.7 23100.4 58365.3
407209.10229329707 89384.6 18150.7 41534.6 14589.7 31730.8 21120.5 12770 44812.3
472259.2376310994 103104 19123.3 26262.1 13583.9 20948.8 20105.6 11840.1 36585.8
573021.7769957475 38729.9 132669 78972.2 53848 73441.3 70640.3 39689.2 96370
316463.10924786795 140581 48038.2 112708 72452.1 57044.2 48503.3 24539.8 62297
518889.29471201834 84646 87985.7 38494.2 20654.4 22240.4 24153.2 9356.78 31897.8
506235.655612533 216735 57154 57861.5 27022 40345.2 25828.5 12373.6 32083.2
531037.1559530753 108943 30863.3 21145.8 10701.7 22886.2 13592.6 7782.97 22691.1
460129.27252714144 30194.5 37858.6 49824.8 23307.7 18464.8 18603.8 11880.8 29541.2
547164.8693955311 109386 41739 46197.3 21500.6 11130.5 16125.6 6245.13 23583.3
467602.3831713725 37793.6 44910 21173.6 17921.7 33138.5 25061.2 17812.6 36604.1
471223.4933787883 266414 57008.4 79865.4 33850.5 41815.9 38867.2 26761.4 70354
264832.00652803667 66193.5 86044.6 60870.8 29959.1 42594.2 44561.7 16856.3 46219.9
438261.61880053487 123581 71278.4 42100.8 26094 29893.3 28200.8 11133 34251.1
575234.3670531391 208157 44098.5 69422.4 57802.7 70316.2 77611.4 31977.7 62279.2
287462.2836212485 37431.5 39833.4 17816.2 17960.6 21064.1 18448.2 11443.5 29621.9
415564.8658698881 120399 68808.7 77509.4 24236 25149.6 18936.1 12886.7 29324.4
408772.9720651041 56599.1 27062.4 24186.6 7346.36 11672.1 14074.3 4761.47 16227.2
575423.5549850671 78445.7 36529.6 34727 14560.9 19914.1 13287 10715.6 38368
517300.82491477934 68009.5 112473 115586 43547.6 37146.5 43545.9 22507.5 57015.6
534449.1671562954 78313.6 13089.6 50802.5 14676.2 26883.4 26327.5 8446.36 33605.1
466706.46195278433 128570 28033.9 28040.7 14562.1 24287.6 16421.7 10471.4 34253.8
384480.0818454629 109050 40558.4 67518.8 19586.7 37022.3 27217.6 13013.6 49039.3
429015.8760671607 164752 41273.8 52681.9 35183.3 31887.2 36146.9 19865.7 50503.7
575365.9105501778 180449 41054.4 23843.9 16974.7 17939.1 13922.7 8556.71 38798.7
502013.5882072636 94456.5 53902.2 64858.6 22735.4 18766 27153.5 13421.6 36873.2
606618.2951791254 285569 50202 41081.9 14095.5 37830.7 36550.2 21553.3 52344.4
544370.806292722 303866 74576.6 88710.3 19729 26696.8 46486.3 25822.8 50681.3
572914.4410131053 117376 97775.8 34043.3 20913.6 11384.6 18308.1 7533.4 27793.7
726261.4527625891 112675 19579.6 65628.7 28821 35555.2 40861.2 18528.1 69685.3
631461.4351123285 209013 65645.1 55634.6 30266.1 34304.3 24561.7 16709.3 43963.5
604493.1758907537 92812.8 101533 35562.4 24287.3 25489.4 28388.1 16497.4 48857.9
333541.324766686 35167.9 62770.1 31562.6 26070.1 24438.7 23395.3 12696.4 48321.9
398716.6619317464 226879 16489.9 20016.2 17111.2 22162.8 16936.3 10765.4 33984.7
482317.63068369974 121246 43953.4 50651.9 30689.6 29169.4 35461.5 16222.3 62468
539966.3868881849 92550.1 43963.5 21408.2 8569.94 7597.75 7319.46 3222.34 17468.1
405422.90965610615 223355 59407.8 64847.5 34574.6 24246.4 28974.1 16385.1 36858.9
377907.6541209214 108466 22275 41540.7 45558.9 31141 35173.2 19764.5 62000.6
339160.05580705503 68617.9 56167.6 28339.8 16921.5 14898.1 15988.6 9794.4 28664
402962.9664777497 58896.2 49460 46167.5 45567.4 50169.8 39152.8 25060.8 49563
461263.1357001535 106006 23629.9 14618.6 9925.14 7359.14 6383.2 3740.8 15841.8
473518.68063800316 122567 37284.6 32926.8 17422.6 27753.6 23012.5 14364.3 39924.3
466053.36176116805 119457 20662.1 26059.6 10782.2 12507.6 15314.3 8500.39 33383.2
394675.003256581 51327.5 19947.4 42376.3 30168.9 28174.5 26771.4 15938.4 42656.7
492359.10333008587 30782.3 21572.1 24110.6 13690.3 20270 16375.7 8384.63 26952.7
482309.46288243023 172513 223657 148079 64827.6 63141.8 76710.7 29853.8 84090.6
405545.6773680118 173458 26989.7 53207 30134.5 29807.9 39559.1 16884.4 29273.4
410064.75864057266 28325.7 38503.7 60442.7 24801.1 28126.9 27352.5 14702.7 26981.2
560816.1691472196 53935.9 21945 48978.7 17218.1 14950 16265 8855.14 31279.5
524069.21693770366 145662 34598.8 75498.1 32388 35135.9 34655.4 10354 46953.5
523232.77777457825 39957.6 29133.8 76569.6 15163.1 29440.1 31671 20209.6 41984.8
474916.15905386186 143442 39898.7 16861.1 10146.8 19692.1 13939.2 8164.03 15801.2
626058.3751251663 96783.1 53032.2 64125.3 18851.2 42507.3 25844.4 15222.1 37525
466053.36176116805 119457 20662.1 26059.6 10782.2 12507.6 15314.3 8500.39 33383.2
474571.8686030412 197643 92781.2 80202.4 36867.4 52757.1 40700.4 29262.5 91671.6
631461.4351123285 209013 65645.1 55634.6 30266.1 34304.3 24561.7 16709.3 43963.5
493235.12324080145 125671 36931.5 33351.6 33305 18821.8 17951.5 10738 30026.1
386568.6363992764 105367 45135.1 45250.2 18225.2 15867.9 15055.5 12460.5 28533.8
439421.8234466629 54781.6 78900.8 60550.5 26343.2 31421.2 28304.2 18804.8 50380.6
628956.2011822835 56435.2 24394.5 40482.9 21893.5 12756.7 15185.9 8216.53 23986.2
497761.0987676131 89914.1 92993.2 72085.5 38292.9 58810.1 52104.5 24582.4 76945.1
533121.5995454399 131878 43670.5 53782.6 22317.7 24761.1 19432.6 13350 31781.2
560813.3459536441 156852 56109.5 30975.9 29378.4 17650.3 24336.3 14662.7 32401.6
567722.8718593677 84332.1 29901.5 34813.6 7280.17 17485.5 9565.45 6075.93 23367.1
444845.0937484935 64499.3 27990.3 41524.8 19793.1 28178.3 20717.1 16100.2 37871.4
320887.2782455554 308309 54059 23043.6 32654.8 30587.7 34511.6 19396.1 63923.5
624472.0803440099 56889.4 34154.2 38381.8 21509 17362.6 21612 8839.95 30217.3
342659.2737268106 37678.6 26816.7 35774.7 21712.6 23073.2 18713.9 11161.9 45580.6
371183.09512182215 223683 55537.8 40563.5 18819.7 16590.7 20176.8 10361.1 29189.1
576215.0884348276 34596.3 22295.7 41931.3 31300.4 69244.6 48016.1 23778.4 73663.4
476317.0232873919 288721 94677 60418.9 39566.7 55784.8 48805.6 27294.7 65900.2
278611.18581531476 174972 52946.2 72475.1 36161.8 17308 17817.4 11147.8 33301.9
318279.7347384133 194101 46479.6 34684.1 13612 23474 22274.1 9864.65 42501.8
565165.4561757382 128552 37801.6 84275.7 38065.5 36807.7 37179.1 15113.3 32933.4
620097.1537281753 275807 86854 119733 33030.8 29776.9 45898.6 22204 57177.1
544447.7419723464 590711 54015.1 64181.2 34269 37915.4 32311.9 20828.6 53140
503755.89362764225 166538 34935.1 61277.5 32099.1 25070.1 17766.1 18173 45813.4
230895.2335173992 149358 42352 25805.9 16333.2 13593.8 12390.1 4994.71 18383.4
472597.21125081537 68781.2 30757.5 37161 18909.1 25122.1 18460.9 10984.7 57920.6
487984.8897266954 88096.3 29554.1 19844.6 15068.8 13990.7 14868.4 8173.29 37765
325056.0604288872 45283.4 28220.5 24006.5 20114.7 17135.5 16321.7 8565.24 29316
340606.3555010008 59967.7 62203.3 20446.9 14657.4 28163.1 28302.9 17769.1 43206.9
507383.8392195969 89281.5 47290.3 86570.3 46336.7 52333.6 43724.3 27637.1 79079.4
524718.9092550308 86105.4 26324.9 31368.8 8677.26 7707.27 6777.3 3979.55 5512.79
275409.9729865703 216834 28875.1 50492.9 24674.6 23269.3 21930.5 10666.3 33450.3
485756.1309617923 39333.8 16516.8 35191.4 23383.3 14897.5 18448.4 11314.6 37975.7
498998.2433630155 97471 53998.8 61408.2 51625 30855.4 26253.4 15296.2 31362
490757.8713452309 61651.6 28812.2 55738.3 27657.2 33168.6 21356.7 10249.1 38334.6
520532.7645993084 25786.2 54073.1 61897.9 24820.4 25123.9 27697.9 14287.4 33076.5
546228.7013593387 219588 26009.2 65817.3 33910.6 15717.4 21808.4 16938.1 40959.8
593935.3071940584 575298 62079.2 44293.5 31883.5 41105.3 40594.5 28065.9 68462
457025.18688180647 62772.3 51356.3 16007 18446.3 16883.7 8540.55 4273.03 19679.6
894131.5541583126 340077 201860 81677.9 83701.2 51397.4 59349.4 43103.8 100992
572706.0396910594 274110 56449.5 57348.9 42676.5 26315.3 33191.9 11955.5 28991.4
442536.55545560713 156076 42860.2 58752.5 25921 31394.4 23135 11383.5 33364.7
374746.25496810605 78970.7 46904.1 56546.9 27745.4 27090.9 21488.7 11839.9 32676.9
572914.4410131053 117376 97775.8 34043.3 20913.6 11384.6 18308.1 7533.4 27793.7
483607.800210416 35678.1 23984.9 34452 16111.5 27241.5 25119.8 17128.5 36715.9
331486.07958992734 179795 93555.9 59373.5 26670 25608.3 29680.4 17164.6 49960.8
413560.948435817 76047.6 48340.9 33736.2 26501.9 19286 25351 18658.1 41589.2
395821.5342188526 63171.9 32206.1 26910.2 5996.83 18711.3 11230.8 6269 32709
514999.869983644 120641 47538.5 50880.8 42032 34105.1 40327.1 16350.5 51393.9
539237.1048766496 57152.4 28195.9 26822.8 19643.5 24807.6 22079.8 14410.1 36409.1
509525.64008136827 219863 22454.8 46738 37850.7 38848.8 42998.8 19314.4 57679.6
532297.8326251106 364401 69977.3 117815 56776.3 58225.2 58991.6 40478.6 107904
456426.17117054894 153889 25746.4 31944.7 22733.1 18526.6 14485.1 5810.95 25767.1
256069.41222789214 112749 17515.2 23110.5 18085.8 21665.3 14827.3 11369.3 42322.9
474636.028176382 39757.9 43108.5 28855.9 21530.1 19745 14556.6 8038.09 21933.2
409304.1277701276 206626 101487 55393.1 24534 27385.6 27903.8 16358.8 47875.5
305524.1334849657 41005.5 40813.6 29483.1 37072.1 24760.7 18329.3 9262.2 30654.5
621170.3155864179 76615 60858.3 43865.3 21508.4 30684.3 20537.5 11305.5 40524.6
328617.85437307716 509578 70677.2 57439.4 34978.7 43138.2 42833 27473.3 64239.9
505096.88343130966 338311 28680.7 30450.9 29287.3 43253.6 41303.3 24462.2 52748.7
535768.7968484141 219835 37459.8 39724.4 11323.7 28473.3 19207.2 11129.4 41285.8
497947.5138423485 70017.3 53864.3 44275.7 22161.2 21141.1 21874.8 11267.3 36326.1
294118.21234610013 44319.4 58508 55549.1 38735.7 34562.5 39800.1 18303.2 56717.8
347047.2330813394 225740 41206.2 82986.8 49125.4 47865.4 50088.9 25877.5 64803.8
522583.2165480952 97481.6 39317 39840.2 45061.5 18739.7 16227.2 9509.41 35869.9
543332.4369313837 120396 114643 84957 66547.6 54206.8 56335.4 33279.9 82754.2
257577.1755788273 72556.8 34165.2 23855.7 9600.28 14508.9 11187.5 7305.67 21595.9
454470.7777487047 222167 115375 73252.8 82858.7 40988.9 57716.7 26851.5 58519.5
585569.0557899603 78787.6 52609.6 52790.4 26815 35711.4 24425.6 14505.4 39203.6
524902.2316319251 102351 28581 72423.9 29517.3 21371.3 22691.8 13440.8 41844.4
478520.72155852657 119471 60561.8 47128.1 26042.2 44296.7 37005.8 17425.6 84021.1
316402.3958466603 134080 91809.8 62616.6 20792.9 21474.2 22827 10107.2 33373.3
327659.30485589214 200964 49575.9 48199.7 43924.8 25350.4 22485.5 13247.1 56239.9
517999.91991138284 53246.9 42993.4 36872.4 18091.9 26945.7 25503.1 13112.7 34713.1
501204.1107550738 221799 194861 51323.3 39398 50946.8 56959.5 31518.6 70604.4
448936.5095400839 295234 62230.9 37638.2 55225.9 46096.4 35402.5 23999.4 66932.8
553726.384579378 134989 133222 62558.6 48307.9 73464.5 82497.4 48511 85666.2
509833.1907338032 105991 19215.5 24268.6 14825.1 18317 17127.8 9401.36 26716.8
461872.7589097201 130425 87341.4 35041.6 30167 33756.7 29029.8 12375.8 46014.6
403764.5463372896 144195 73011.8 35952.7 24178.6 30225.1 23730.6 17921.8 38469.9
249737.15502116378 115755 27604 30055 11395.5 14552.2 19360.2 10904.4 30059.7
504279.7600832903 114931 65899.4 68372.7 45982.6 41773.6 50024.4 26727.1 61371.1
562104.794466812 91322.9 37973.6 43442 45086.3 43318.4 43057.2 30671 70375
511299.0306233802 152162 71615.2 101477 36479.3 25805.1 38503.9 21487.1 67848.1
534608.730847266 52235 24448 24074.2 14261.5 10404.8 16474.9 10729.9 45985.8
465677.0801394071 332866 76437.1 48162.5 36962.9 27752.7 33381.6 14425.5 45080.8
479972.5772322799 99681.6 49717.3 39104.1 48021.7 48561 36619.4 19470 61664.9
389547.15497861645 67016.1 39187.6 37321.4 27826.1 17100.5 10382.7 5023.02 8236.42
491555.92743503925 99729.2 11704.8 21670.6 15766.1 11626.4 11118.7 6087 30257.5
573255.6260752096 63215.7 24170.9 48978.8 16327.3 22305.4 27465.2 10582.4 37193.5
479997.0822126491 99805.2 50190.3 35352.8 18651.4 23648.8 19449.2 13466.7 43314.5
459809.55941446143 31175.1 83672.4 42526.2 23375.2 25124.8 20115.3 9718.25 37204.8
418289.9795063179 99421.9 47919.2 40677.7 11297.5 19462.8 26775.3 13993.5 46786.6
528193.211679283 58464.1 48663.4 25821.4 27736.9 42801.9 38609.2 17243.6 50051.8
396063.2049061648 87321.1 75587.9 43268.5 14354.8 19785.8 27307.8 14623.1 32167.2
580330.097312935 56865.1 51800.6 35203.9 31389.1 25548.7 24316.7 16204.7 49407.7
366402.57529010315 122306 30615.1 32260.6 22120.9 28177.4 18087.6 11582.6 32391.9
506442.1658137283 196938 64044.4 46791.4 37902.7 30333.1 24236.6 17500.9 43196.5
363877.4948247749 131273 51531.1 47943.5 24143.4 17849.9 26098.3 12515.1 33082.1
417167.79963552655 102035 24356.2 47985.2 17890.9 11840.7 14271 7415.31 17961.6
504195.02255011885 42961.3 24106.2 32917 23445.7 24715 24618.7 14495.8 40276.4
529642.9975144697 100686 18162.8 28404.9 28776.6 24423 22628.2 10611.7 27555.6
505054.101110768 125241 53083.4 43007.9 30300.7 42381.8 44857.3 27347.8 56468.6
362788.2545263127 57169.6 24717.4 26275 12382.5 11953.9 17268.4 7569.25 38210.7
442025.9911027316 255651 131332 104621 26438.1 29840.5 30796.3 21381.3 61483
236284.55304100626 122343 34112.2 35318.5 31902.4 26734.5 31151.8 8749.68 34122.9
464081.95317957207 62132.8 30476.4 19540.8 8484.73 8448.07 7974.84 3730.18 15432.9
503668.628775828 36112.7 60452.8 46123.9 30699.4 23793.1 22718.5 8402.44 22172.1
548560.9392365457 759877 100108 124515 42486.5 30465.6 28601.6 21061.6 55614.3
613903.8866442649 129823 66706 32440.8 16144.7 11195.7 15359 6537.35 23204.1
494445.7137792036 51092.9 25855.2 23391.4 18127.6 15736 11056.1 8130.89 19939
500432.282878085 293139 66159.5 53627.4 70001.3 58543.8 47746.6 22598 84690.5
420009.31387004076 189709 28771.4 32211.1 12639.4 17194.8 13363.2 9536.97 27558.1
555538.307440941 50053.1 9905.83 32181.3 17950.6 24025.7 13940.3 7735.55 40706.8
610960.2548833914 119603 53771.8 66926.6 32668.5 24928.4 28275.5 10698 28018.6
444160.67492169066 255730 63942.3 39284 40139.8 47382.3 36458.1 23029.8 55618.2
311337.02229544235 113063 76052.3 81964 47229.7 51903.1 45919.4 27533.2 59712.8
526714.0984500056 69333.6 25317.6 41695 30963.5 21225.1 17151.8 11980.7 32959.4
562004.6266751348 136977 30087.2 17680.9 8139.16 8685.74 7660.85 3472.5 9770.96
531863.259711219 106693 50117 33078.7 24637.2 37871.7 17496.9 15013.9 29774.2
442536.55545560713 156076 42860.2 58752.5 25921 31394.4 23135 11383.5 33364.7
577186.2596795526 96525 34857 48395.8 51893.9 67298.4 49954.8 34907.9 94307.8
560154.0557429794 70807.4 47194.9 40646.9 20068.8 18576.4 15325.9 9768.19 31113.7
535801.8053166742 87233.1 75222.5 40731.3 18285.3 27925.6 29028.7 16191.5 37104.9
471933.61334943096 79061.9 39484 32814.9 15506.1 20762.3 15879.2 8848.76 25073.3
401177.87823980936 243488 100051 100489 44127.8 38814 38275 24345 42767.4
488342.18072021374 166961 40379.3 35181.1 20744.7 18852 22495.7 9994.5 35571.9
522850.14301207237 109231 44456.5 47993.9 15600.1 21343.9 19877.8 14543.5 40404.6
604495.5343255533 61980.9 35341.1 64071 32164.1 42551.5 58071.2 33462.6 69117.3
363348.424913502 219012 148501 110284 48806.9 49622.2 53617 25139.6 64545.8
301581.3849066503 44819.5 23927.1 15321.5 11249.4 13573.9 12724.6 6977.73 26829.8
469547.3342824054 55880.3 67126.3 24101.8 20584.4 30316.6 25843 19167.7 54009.1
492359.10333008587 30782.3 21572.1 24110.6 13690.3 20270 16375.7 8384.63 26952.7
468307.1228903021 100530 16061.9 21871.9 8024.14 15657.8 13051 6388.09 25424.4
454087.181882115 108822 37530.1 27777.6 12761.5 15703.1 11369.5 7855.72 36866.1
452490.82580232574 164110 52255.5 57463.7 50075.4 46778.6 51102.4 29210.7 81057.2
463627.82290931203 167457 60376 29986.3 24665 12142.7 18851.6 8046.88 31194.9
514157.04911384865 126728 27686.8 18407.9 18677.9 20971.3 18091 9652.54 27129
461867.6328388962 65354.4 25575.9 38819.6 49086.2 56991.5 64156.6 18535.2 83343
338251.43612271437 57518.5 73162.7 25361.4 38619.4 51203.7 32304.3 24788.6 63016
368393.67045238096 174879 93118.8 52291.9 23627.7 24541.7 27538.2 15719.8 36026.2
560157.1605534902 52432 68062.6 41653.1 41756.3 47152.1 36069.4 19622.6 63663.7
393387.2252354735 29051.8 16097 23678.7 6724.2 8054.73 8486.2 4819.45 16425.5
496862.8092862166 60630 16760.9 20919.5 11737.3 20405.3 14861.4 11813.1 34978.5
492359.10333008587 30782.3 21572.1 24110.6 13690.3 20270 16375.7 8384.63 26952.7
441870.85391007597 147826 41127.6 87657.4 88013.1 83201 73510 32386.5 74247
320808.6593938969 43728.3 60121.2 69558.4 45326.4 47073.6 56792 31568.6 80964.5
302545.13573179743 72703.9 32523.4 36724.5 12222.6 12826.5 17504.2 9198.53 41977.5
317415.0520412648 116771 13901.1 22146.8 9423.7 16562.7 9988.28 6261.67 21436.4
481248.49962782435 178529 67866 98453.7 95068.2 54134.3 61866.9 24976.1 99148.8
388467.58660992666 148092 35243.1 39554.8 16324 17953.2 18629.8 8041.62 28897.5
442989.2591483381 97772.3 56803 19371.9 24114 30991.1 31468.4 26719.8 66411.5
615309.1145826568 28804.4 46711.2 53136.6 37738.8 23848.9 18253.6 12754.5 31224.1
262137.5263167441 75538.1 25543.2 24003 14459.1 13169.8 10235.5 6904.19 29968.2
485508.309417492 200234 32432.8 42378.7 20399.5 30354.1 26776.9 10715.6 31145.5
579831.6461262408 76066.7 45454.4 70024.1 40800.5 44721.6 50164.2 29073.6 79007.4
463291.85416644305 93939.9 52877.3 36038 20889.9 19560.8 29281.4 9686.74 41019.7
536104.0015603055 353500 80068 36755.2 55874.7 41442.4 40652.1 21288 42532.1
504498.3552061853 71666.8 58317.7 29120.1 33313.6 38152.7 35217.1 26519.2 84881.2
510096.67770073505 172566 63827.5 45723 34484 28470.8 26968.3 21735.2 65946.1
423104.53807670786 143587 44068.4 44488.5 23323.2 27436.4 31005.6 9673.51 34598.9
325889.429864517 36427.3 107353 39970.6 23297.8 23691.2 19757.5 14454.8 38740
511675.23927499796 130815 30796.2 112153 96493.5 85836.6 97461.6 33028.9 124753
469185.2338061756 45926.7 40885.5 52237 24374.4 30479 20318.5 10346.7 35578.2
365369.4967837653 76447.6 56287.1 41158.9 41583.9 31072.8 43351.3 15072.3 51464.3
485318.58938388777 225588 44482.5 49300.7 22312.6 27979.9 18888.1 14091 42988.6
564619.6223299798 181254 71653.3 77310.3 37877.2 51612.9 37321.7 18787 51873.4
458058.75451842364 170462 48666.2 33103.6 23216.6 20471.7 17486.5 14895.1 34107
208595.73643512788 38587.1 26745 36983.5 23000.8 18687.6 19874.1 6638.6 23581.2
529427.6497243143 61597.6 61329 91621.6 32341 31327.4 27439.6 13810.9 41290.8
369913.2038796872 141904 79511.7 46539 18388.7 22707.7 18427.3 11722.7 28306.1
482203.7934305772 120839 33436.2 11716.7 15476.1 20343.3 14503.8 8715.12 21678.4
504772.3132673958 166151 42618.1 43976.6 25561.4 31528 35160.7 23208.4 70200.5
510056.6057266119 110335 52446.3 41136.1 10049.7 14288.3 10254.3 5922.61 21337.7
433084.85571323376 48823.9 43440.1 16300.8 8130.22 9693.08 8950.06 4347.88 18910.4
451414.8296477718 40699.9 51456.6 33311.1 10693.4 12144.6 12287.8 6079.38 21734.9
293279.58553678676 114686 30199.4 43289.1 26606.8 34814.6 47416.4 20464.4 71884.6
615196.1781901262 253427 51294.4 20964.9 14321.5 11199.4 12097.5 6908.75 25675.7
467985.22403120244 116950 32180.8 49912.9 16180.6 17236.9 13385.9 9598.57 37957
496810.953943385 179922 64203.2 47896.2 42324.2 31688.5 19802.1 8768.49 37123.5
579173.7386695779 280752 88620.7 78193.2 53113.4 38240.9 44731 15875.9 40597
394024.3909233359 113531 50350.7 35917.8 11332.2 15413.2 16010.6 8052.54 25796.8
475501.30980675406 35551.2 31402.5 10220.6 9270.96 12044 12004.7 9417.29 31731.6
346458.67443314055 68230 12576.5 28471.6 27885.2 20493.9 13621.8 6410.12 18784.9
354296.6476884659 85115.9 14134.9 49042.3 42390.9 40773 34659.3 22641.5 43545.7
450342.31594036723 164001 67774 33823.7 19477.5 33110.3 29413.8 13100.7 48862
370875.0569188322 127973 55965.2 28884.5 32529.6 37066.9 24192.9 11705.4 40417.5
470023.7044181711 81334 22144.6 83748.4 22034.9 35683.5 30081.2 10432.7 33641.4
498547.736552232 102493 26167.6 44056.5 47036.5 32805.5 41639.3 23220.7 81953.9
371379.16194727866 106480 69667.9 38301.6 23424.5 24745.1 24659.6 14694 31968
527827.3793740489 103906 46370.6 42762.4 24211.4 31585.8 41731.2 25839.6 79228.1
463348.92431052675 130199 116339 104311 79694.7 90960.2 89681 40982.6 115003
372552.20743656566 141884 76314.5 58449.9 67921.5 55858 84748.4 37740.5 94115.4
495047.49798253394 14273.1 28269.5 13554.8 22765.6 16934.3 17335.3 9614.79 38473.6
428809.64838271675 130888 23442.3 49378.3 19103.4 25593.8 23998 12118 24851
347493.74381719943 58587.8 17615.5 68229.5 26916.6 31709.1 26230.3 18411.3 43871.9
493266.37978880905 32846.5 23793.3 9961.19 10164.1 12131.7 11573.5 6226.57 23481.2
441209.4935989739 96559.6 73666.8 58227.3 43987.3 32651.9 51131.5 29958 76284.1
469262.2784560108 71555.3 34626.9 31456.3 14852.5 29630.5 13431.8 6335.01 27043.4
532345.6726114056 72629.4 65800.6 81343.7 44307 28195.3 31046.2 18621.6 38339.1
352491.8027040063 89098.8 44339.9 47008 12302.8 19527.8 13601.4 8483.62 25974.7
459715.1978747806 78647 104911 48458.1 24841 37152.7 26364.9 18560.2 41295.7
481260.5681278587 132105 43118.3 21015.4 23564.2 31658.6 24966.3 14020.3 40762.8
472301.09674838645 145214 28479.8 34393.1 21319.4 23237.8 20051.8 9621.18 30381.4
574072.7611700066 533126 63566 65100.1 42719.6 47884.5 49808 32460.9 97596
527827.3793740489 103906 46370.6 42762.4 24211.4 31585.8 41731.2 25839.6 79228.1
414258.26696751895 191196 81448.3 52022.8 20056.8 17045.9 23036.1 14796.4 41703
299636.0968802728 287590 95054.9 92536.3 21230.4 38705.8 39548.1 22088.5 47565.4
559612.3926540158 101747 27088.7 31782.8 21532.8 19681.5 17672.3 13564.2 27421
371351.4534758341 226573 33544.5 59207.2 25476.5 37293.2 37532.8 16338.5 37301.3
525930.7116287153 144543 41008.3 27352.8 22819.3 23099.8 18286.9 8223.78 25297.3
470138.66233589593 86371 29971.5 29614.1 13102.1 19157.3 24453.8 9535.66 52416
326935.6778217475 161565 29428.4 34743.8 33888.6 30530.5 27538.6 14951.9 45713.3
590852.6920691455 110264 75770.9 81677.7 41756.8 41455.4 66225.1 34117.9 92168.5
608495.7741549102 97096 41165.7 48726.9 33246.1 51997.6 36130.9 17715.5 42458.6
606163.4510875681 110252 49511.2 68667.8 30092 33552.4 34883.6 16850.3 48910.9
492495.82054941554 96381.6 49902.9 28316 27077.4 19641.8 19222.4 10804 42392.5
336785.4350776855 46308.4 30464.5 23316.7 15585.7 19145.6 16234.7 10268.8 25020.6
543383.8775963993 107829 48289.8 130022 27000.4 26122.7 30924.2 17901.7 59141.7
500740.80450586753 196032 87362 60956.4 39519.8 38908.9 31962.4 13408.1 39602.1
586017.6177852139 42361.7 45267.8 32067.8 31726.8 39466.4 42178.9 24082.8 47736.4
477142.73907132476 289259 49747.8 12961.1 11891.3 15443.4 21408.7 8326.57 41506.3
324406.3358021083 38276.9 22968.2 40168.7 24335.6 29691.7 26967.6 9611.25 37600.5
509951.69782466034 155526 96038.5 49709.5 22529.2 44287.2 31543.1 19498.5 56359.8
525843.871420085 218343 66496.9 44687.6 41409.8 38196.1 25086.6 13416.9 30771.8
375930.253455207 53589.2 28527.1 17705.1 10445 12130.6 13094.9 7589.22 15941.9
538879.9935628235 118054 107244 55757.4 19714.5 41594.9 49639.3 27492.6 81163.7
548356.9238299784 112023 20647.6 27139.2 12208.3 19161.3 11660 7644.47 26271.8
394599.38866949885 249353 20995 40319.8 29421 25288.5 29518.9 17258.1 38595.7
606157.5433872084 52146.7 34459.9 97035.4 23670.5 39212.8 32598 13079.4 45037.9
623535.1635784762 170085 18956.4 25767.8 26106.7 29100.8 29333.9 15379.9 50850.5
445556.00196166604 65816.6 24817 62608.1 15396.7 22899.7 18816.9 12702.2 31461.6
497945.2229674675 110917 20650.7 30845.5 18898.6 14033.6 14958.1 8648.63 38275.5
539289.0079041306 48538.9 64275.3 38470.8 27073.4 26872.8 17345.3 9569.12 30264.6
233826.49974376892 153297 49103.6 38458 31260.5 23089.7 32776.1 13648.8 47374.5
436158.1408214999 125999 55023.8 99780.2 64382.6 55656 39533 28980.9 75213.7
493862.43872926105 54969 26244.8 18946.3 10377.6 15890.9 17425.1 7814.85 21250.3
562694.4690839088 71254.4 36730 91484.9 45372.6 60950.4 32001.1 16649.3 39593.5
451862.64940308285 146801 32672.9 49214.2 31334.4 25279.3 36169 17283.8 41164.5
563372.1783146673 44679.1 17628 22231.1 21390.3 17933 15947.4 7114.37 31913.4
309655.449987693 78340.3 90572.2 62349 42084.4 44888.9 45293.1 25075.5 43548.6
551167.9423045185 189687 26890.8 50993.7 24804.1 13063.9 12652.8 9865.65 27425.5
481260.5681278587 132105 43118.3 21015.4 23564.2 31658.6 24966.3 14020.3 40762.8
553472.0514778842 100198 102849 79913.2 29025.6 55927.8 62110.3 35477.4 96137
523232.77777457825 39957.6 29133.8 76569.6 15163.1 29440.1 31671 20209.6 41984.8
319764.378002074 173604 122839 150041 71414.8 50511.3 83022.9 43288.2 93727.8
478225.8479476499 133478 12941.3 51827 16463.4 30926.1 38423.7 17688.3 90314.7
473525.2917805938 25324.9 34531.2 49448 35537.1 38793.6 39087.7 19219.4 48654.4
441905.94309300027 210310 92882.4 45986.7 34802.3 53474 38703.5 20087.9 48369.1
293111.9883825216 41417.7 38159.8 20999.5 12794.5 21795.8 18551.2 11131.5 25247.8
448542.78357619775 65472.4 24440.6 25847.9 17557.1 18511.1 9820.92 4628.35 21531.2
483483.4949042326 115834 41318.2 35373.2 38385.4 43338.3 38170.8 14131.5 47399
596464.8377271573 91400.5 19465.9 18390.5 17534.2 13790.1 15622.1 5718.55 27100.2
511430.98095086706 54864.4 68061.8 47508.8 28891.5 46451.9 59477.4 24939.8 80168.2
460444.1913763523 83843.7 61308.4 34474.2 33907 32350 26212.7 13517.8 46062.3
314987.77287442586 75980.8 77063 58805.6 17403.6 23632.4 28823 17940 41968.1
481760.3445419649 69374.5 51097.6 81562.3 35015.1 58508.4 28245.4 18438.7 58676.4
454153.7640128489 107837 66055.4 21841.2 27573.2 12319.5 24940.6 11025.2 21946
568212.89704066 126798 42177.3 38215.3 28313.7 22828.3 24666.2 11465.8 26268.9
525121.7221812799 190880 108283 56911.1 50701.6 44809.9 36818.7 22175.4 61602.8
285484.0341306761 54533 94108.1 25973.1 35404.8 33091 35016.5 16264.1 60169.6
460778.51060335303 48780.1 102506 33800.7 31702.7 27326.4 28757.8 21877.9 61828.9
411223.86971816863 309836 31090.2 107324 75093.5 54931.6 42359.8 21428.3 44071.2
374746.25496810605 78970.7 46904.1 56546.9 27745.4 27090.9 21488.7 11839.9 32676.9
429852.2755002679 109941 38526.4 45835.3 12345.7 15875.2 12416.2 5149.3 15116.6
401267.4196377996 163358 43876.6 44839.4 26353.1 25634 23764.4 10428.7 32934.6
455147.4056765862 51494.6 44956.1 41610.5 22172.2 25317.8 39863.2 19281.2 48251.8
403099.8942346454 79893.3 24750.9 12172.4 10674.5 7292.51 7247.72 3491.18 20601.6
317514.1864485525 100112 14947.6 17007.5 21011.6 16391 12881.1 5475.59 14828.8
435454.0634526231 200404 46347.7 41660.2 44322.9 40469 43925.4 27231.9 72911.9
535768.7968484141 219835 37459.8 39724.4 11323.7 28473.3 19207.2 11129.4 41285.8
373841.334001596 82248.5 56463.4 51522.6 27232.3 24920.1 19075.4 12396.7 40905.6
471256.12560739537 75227.3 16722.2 21628.9 8235.76 11021.7 9710.69 4429.36 28388.2
252432.21368607698 103314 21041.2 30299.4 16187.5 14151.1 14989 8964.39 30723.2
423836.1482180643 85093 61061.7 105492 35771.7 44827.1 33535.2 17800.7 37050.8
507605.8116403807 63884.1 41084.3 15371.4 18448.7 25618.2 17420.7 11261.8 40050.7
474640.31845053507 72731.2 64546.3 32938.7 28744 52625.8 43435.1 24286.8 79568.2
527190.7143138611 93437.5 24119.4 21886.4 15379 19553.8 17511.4 9438.08 26409.9
261001.2406236735 61492.4 69851.6 44529 25204.4 34562.2 28615.6 14371 31121.8
486068.7769260981 87345.2 15244.9 30315.4 18300.1 25734.3 31426.9 12348.1 42272.4
455790.3130435802 211717 44546.5 48012.3 29951.9 20388.3 18102.9 12803 40222.8
547470.560415481 90905 36734.3 35493.6 29016.6 33508.7 34829.5 19259.2 45204.8
239562.86333378754 78817.9 34884.7 50072.8 14225.3 14911.4 11779.2 6719.11 21801.8
476495.77537146886 63807.8 22805.1 101454 72809.5 67057.2 94481.2 46028.3 112897
234122.5438517386 79972.9 64253.5 43696.1 22052.4 18995.9 20134.6 13865.9 40203.2
590241.645899582 143945 59093.1 60833.3 38694.6 29651.7 26475.8 13814.1 33671.2
552138.6000532954 39551.2 69986 26199.1 16151.5 27736.5 28008.4 13051.5 38264.9
441111.09976498777 103322 42423 85672.8 38882.3 39346.8 49751.2 23848.6 86157.5
544983.0732790031 276005 24786.6 59185.4 27577.8 30262.9 27600 18336.6 48941.9
515208.63030957436 49915.6 61165.3 51932.2 30178.7 32998.7 43770 19324.3 77423.6
292075.06592409266 264318 106236 62370.8 37567.4 41161.8 26507.5 15785.8 44160.8
360482.0762305062 69507.8 50317.8 32415.3 22353.6 22248 31295.7 15508.2 46486.9
441681.37816621765 64981.1 78819.4 54177.1 32450.5 38963.4 36023.7 21066.2 52186.7
497905.9137771478 49012.3 58382.2 32909.5 16879.5 19821.9 16535.3 9193.13 27870.9
474300.2670280681 123106 96684.1 112549 38676.9 63310.3 54920.6 19505.5 63654.9
493817.7702821498 146914 52150.9 34169.7 14951.7 18993.4 18348.7 11712.1 31989.5
468504.9673635667 256860 14258.6 101503 34671.1 40736.4 37132.2 20670.4 78707.9
481663.8455369594 119460 48242.3 40702.5 28514.2 28551.9 23649.6 12423.8 28741.3
534073.0846948251 50908.3 37285.5 25448.3 10426.5 8680.28 8568.87 3463.48 21289
488097.0420900934 79295.7 45738.7 24658.1 23081.4 20459.3 17530.3 10006.1 26457.9
485097.43564316846 164544 63062.1 41841.1 36321.2 51978.5 35431.1 31355.8 65671.5
227529.5302779174 148665 33185.5 44125.3 8189.21 11726.3 9186.84 5513.43 24580.3
293279.58553678676 114686 30199.4 43289.1 26606.8 34814.6 47416.4 20464.4 71884.6
428956.60657377634 101051 52661.8 24366.1 20445.2 19078.6 26935.8 17465.9 47694.1
522850.14301207237 109231 44456.5 47993.9 15600.1 21343.9 19877.8 14543.5 40404.6
