323025 79394.2 116117 86057 49084.4 48139.9 43252.3 24796.8 66097.1
602505 96607.8 43215.1 89779.6 42277.4 29210.3 29623.1 17272.4 44265.3
235721 120842 60565.5 47359.7 37264.9 30895.6 24915.4 15157.2 34575
212768 275232 69556.7 57709.6 35517.5 35344.2 37301.8 28581.1 63076.8
151294 61076.5 41053.9 40766.8 41145.8 34215.9 27824.2 21290.8 48918.1
966420 193966 35719.3 55407.4 25061 21382.3 34750.1 24375.2 83338.7
359936 47486.2 35163 36664.4 38079.1 24563.8 17816 7980.95 26306.6
598231 148110 32318.7 38714 30699.6 18262.5 18248.4 7735.82 28919.9
189548 136029 34465.3 34086.5 24587.4 19884.7 24654.6 10541.2 40034.2
265435 167963 68483.6 49473.2 24044.9 16596.8 18234 8907.47 25829.6
651620 119406 45631.6 41662.3 25616.3 28639.3 18995.8 10919.4 36843.6
392897 171082 87004.7 70373.5 50435.4 69056 89897 40625.3 100107
271728 127404 50941.2 98380.6 28114.1 34058.4 29535.7 13865.2 40086.1
430228 275297 38411.1 69364.9 53449.4 38594.4 57057.3 25474.4 89870.3
181759 122047 38733.1 71688.4 70188.2 38925.6 37035.3 23058.4 72091.8
565507 114608 60964.4 37617.6 31326.3 40286 42046.6 22876.5 55566.4
171636 91852.5 56259 54501.1 11848.5 16065.8 14166 8927.77 30521.4
632716 167516 34347 71567.7 23638.9 22358.4 35187.4 20571.1 44455.3
239766 205118 93248.5 24819.2 37849.9 34378.5 31709.7 13359.4 27454.4
163191 60709 38357 38222.7 10018.1 21396.1 18402.6 7823.19 35127.4
123010 56211.2 22344 25836.2 15816.7 16416.2 12850.5 7424.27 17405.4
383314 98595 54013.1 49903.5 17228.1 25936.3 26674.4 14667 45268.2
270105 138702 112858 80702.2 51900 46568.3 27865.4 17940.1 51628.8
122588 170456 32707 70982.2 21919 25996.9 19200 11823.6 31397.9
600200 90815 18274.7 13615.4 14620.7 16975 18521.9 9097.41 20463.4
380040 152911 43305.3 42058 19469.9 21684.6 20723.7 12577 36669.6
562983 181014 51712.5 77613.4 52271.5 67285.9 76937.1 34894.9 82561.5
695035 95683 59379.3 35827.3 50771.6 47258 42160.9 17043 45407.9
170778 253598 71567.5 65201.1 23565.7 36417.1 41948.4 20243.1 43536.4
758715 132026 16408.1 41375 19301.7 16211.6 17038.4 7555.1 31015.2
206551 145300 68257.1 69755.5 73682.8 62887 40963.6 24670.7 89163.5
416791 86172 90340.8 82940.6 46877.9 62630.7 44171.5 29569.9 57466.2
147317 97070.6 60274.5 42949.6 26272.9 27640.7 24239.5 13931.4 31619
90787.5 86676.2 42523.1 20809.6 36667.9 28283 22552.1 15856.8 47323.1
179857 28472.4 77286.3 26810.8 31619.2 29502.4 26917.6 14559.2 41579
210317 75015.6 27059.5 23679.9 19288.5 10731.8 15526.5 8517.03 22287.7
294748 36641.8 46585.1 32538.6 29913 30986.4 32826.7 21771.7 48209.6
662436 123507 38765.4 56477.8 26916.5 29562.6 28233 12962.6 46716.2
476807 101405 34956.2 27409 22686.9 19100.8 23703.4 14343.2 44174.5
579930 82227.3 13530.4 15753.1 10432.7 7804.19 12042.1 6050.32 23265.5
743657 130730 37021.9 62315.6 32158.9 44539.3 48061.8 20594.4 44642.2
533018 193696 51838.1 34448.6 20383.5 21397.9 20804.7 13933.6 36355
553149 64290.3 39389 32580.7 22826.2 26666.7 25562 14885.4 52301.6
440074 38467.2 51354.7 67097.5 43531.1 57052.8 55198.4 28456.6 68771.6
298832 172523 62537.7 51862.2 28458.6 23068.5 31149.1 15297.7 41243.6
251885 133238 97718.3 64593 44010.3 28497 24792.6 18464.1 46946.4
99801.7 478360 121771 57998.3 68963 51648.7 46910.6 38923 85548.2
265643 111425 63172.6 37476.5 30722.8 22988.2 16012.5 8363.48 40046.4
256898 103420 76592.1 74439.9 58675.6 63680.3 66410.6 37203.1 59741.9
224743 59730.3 23285.6 21692.5 21563.9 19214.4 18039.7 8180.94 22789.8
781950 53494.4 35669.7 44406.5 38854.5 28732.4 26783.3 17658.7 35036.2
176871 158811 42094.3 36944.7 22324.7 29564.6 25786.6 10564 28335.9
368753 150184 16540 26481.7 23026.3 23130.2 21007.7 10820.1 37418.4
295185 142838 50917 50848.3 58151.5 30752.6 23612.3 15913.1 45466.8
690681 78159.7 58269.7 80313.3 32665 40387.7 30217.3 18141.8 37709.2
243435 32550.9 23542.8 22773.3 17399.5 17857 15006.8 9540.04 31978.4
326424 54120.3 12042 19524.1 10813.9 14499.9 14159.8 7865.25 18831.5
284957 194709 63367.9 54767.9 38534.8 60233.7 54761.4 21060.1 57201.5
359607 473563 69142 67932 27414.5 30027.9 26760.1 14814.7 36895.3
108628 60323.2 56073.2 24121.5 11518.5 8473.9 19561.2 9650.34 36500.7
654363 124360 51795.7 54211 28438.6 34093.3 34286.8 17386.4 68269.3
1364780 130254 24989 41002 25048.4 37761.2 27565 23040.3 67349.5
288344 34512.7 26839.8 23308.5 10616.3 18983.8 16094.5 6430.06 23836.6
289790 132066 104071 116372 89681.7 69255.6 37021.5 24085.4 54904.1
768394 63233.6 38748.4 41294.4 30584.9 27711.5 33488.3 17226 34589.2
371520 67997.6 26417.5 41015.7 24421 16886.9 15734.3 7781.55 17390
187151 97844.6 94051.3 45368.5 33113.9 25196.7 34566.2 17013.9 57001.3
436996 190291 14370 16249.9 23691 8585.31 15013.6 5381.53 19520.7
482915 90854.5 101864 44236.9 66200.9 52329.8 45987.9 31368 70757.6
701200 138051 40807.8 55531 10755.2 22843.7 18763.7 7955.43 27027
532311 135124 29004.8 51641.7 24748.4 19113.4 14865.5 9660.28 32993.3
307901 66312.8 104612 71454.5 30386.2 38292.4 57065.7 28777.5 77449.9
626760 45896.8 29231.6 29999.4 42690.8 28891.2 33044.1 15528.5 40047.8
493969 31185.5 35298.3 17618.2 8638.88 16726.8 15055.1 7605.76 27585.3
262288 106391 35523.1 42377.3 25846.9 25333.6 18549.2 9974.82 38465.9
231688 131792 29422.5 56048.3 24709.9 20116.9 19941.7 8100.45 19793.9
606342 136741 22897.6 31250.9 26853.6 31669.3 23625.6 8606.58 23764.1
276950 109216 21885.2 30699.3 20879 28916.5 12782.6 7879.78 22966.3
234433 186313 33557.4 21937.4 19918 19020.9 15371.3 9101.73 39507.8
382190 92956.5 67318.8 37740.2 45625.3 72589.5 51402.6 25381.6 98531.6
117206 137950 16864.5 28945.6 9632.6 13707.3 15145.1 8264.06 21883.4
119780 35492.1 42766.5 27762.3 6670.01 13033.4 10558.1 6743.25 23078.6
491733 69019.6 48587.8 29879 20874.3 24547.4 22134.2 8885.19 38663.4
91481.4 407326 30653.2 82393.4 41157.3 57838.9 36168.1 20169.5 64774.5
365147 140681 33438 85864.3 27562.3 35221.7 35621.2 17606.3 57749
301438 102924 105682 111495 54371 37374.6 37461.9 15556.5 43850.4
152242 98097.6 66606.8 45264.8 34794.2 21534.9 26663.7 12460.9 37763.9
289226 219906 86935.4 42960.6 47212 54013.9 44075.5 22085.5 81037.2
249397 53096.3 131760 46741.7 45168.7 41940 41090.5 19637.5 65968.5
468408 50230.2 17928.7 12690.6 19346.2 15482 19053.8 7855.11 22450.2
139077 137074 37304.6 60680.4 39923.7 54845.9 38659.8 16735.2 47041.4
445172 43375.4 25551 48504.6 34395.3 31704.5 26008.9 20309.3 56598.5
68549.2 147031 72969.7 99767.2 32199.4 54767.5 55607.4 37526.5 95155.6
550660 17793.5 59908.8 40572.2 14336.4 23401.4 19891.5 15399.8 52029
409175 183778 43322 49514.1 20398 26315.6 22788.6 14965.7 42172.8
308814 58001.9 98405.1 42995.9 30112 15546.7 20206.2 12257.8 26809.3
723395 218803 34197.6 76531.9 41964.2 35012.4 29858.9 17654 55612.1
898980 55494.2 35555.6 35807.4 18337.9 13880.4 23681.8 11048.9 19975.5
264232 168300 45906.8 70044.2 28548.3 37380.1 37341.2 17434.8 43455.4
874058 278540 52779.7 35635.5 11622.1 24893.5 23940.7 13820.4 41411.2
575766 117961 73516.6 51778.8 80430.9 65521.8 55116.1 40105.1 96720
475713 143011 132654 82397.8 31743.2 51443 48201.4 24799.1 50684.4
1359450 54505.5 75175.1 64355.9 30723.4 24154.6 21500.9 10146.2 22197.4
148519 251482 49713.2 56018.9 33686.9 39860.2 28406.2 13216.5 48630.9
718216 106292 116991 51700.5 25196.6 17701 29555.3 19484.9 60138.7
499858 53877.9 53701.5 22262.7 21276.4 12782.7 11069.9 6381.6 22745.8
714885 22855.6 21393.2 31200.2 10724.5 5909.39 4816.57 2541.18 16626.3
64068.4 39344.7 20200.6 23748.8 16155.2 34970.7 22066.8 17248.3 40540.7
317605 80669.4 17617.9 27289.5 33063.5 31946 35010.5 16199.5 61279.3
483473 243655 25710.6 35970 18438.1 16026.4 17719.8 7733.88 24243.7
204171 216461 38400.2 35382 16283.6 19531.1 12442.4 10711.6 32051
256102 120599 15540.5 19911.5 9233.58 8870.3 9743.85 6180.7 25538.7
259896 93976 15158.1 25323.8 17350.6 16835.9 10981.4 6345.29 26650.4
442390 53817.6 31144.7 31043.4 18006.8 21513.6 16275.4 10025.6 22724.9
437120 57341.6 69246.5 31528.9 31277.2 22383.3 26914.4 17936.8 37604.1
332404 48930.2 56928.3 50125.9 27107.7 42086.4 35545.2 18372.6 49724
533909 315669 51011.5 45337.5 25688.9 25080.6 16247.7 10276.1 29407.4
555785 95886.3 42008.8 65349.9 25618.7 48355.4 39410.1 12081.9 38279
102493 205777 11711.6 25603.7 18048.1 16741.9 14477.6 10364.8 28197.8
153190 125388 42580.5 132347 97551.5 87137.4 80246.8 30319.1 88817.5
308533 31248.5 24572.9 43537.2 21001.9 19108.5 24055.2 11009.4 24155.3
340779 101204 53041.8 48386.1 27722.3 30941 33889.1 16353.6 41431
633698 80358.9 49852.5 54385 31214.7 24122.8 33031.9 13389.2 51887.8
225084 71856.9 43340.9 54194.5 31852.8 35060.5 22761.2 11633 31404.9
373260 73730.6 27177.3 26986.2 18221.6 23473.8 26437.8 11283.8 28671.6
212411 394752 39385.2 45869.8 22893.2 16226.9 14924.5 7577.67 17469.8
587316 164e3 17500.5 39254.9 21494.4 25105.3 18708.5 15152.9 42533.5
544999 171215 46155.9 50658.7 42669.4 32658.4 29410.8 13705.9 54979.7
496210 135679 50153.4 49072.7 20647.3 24549.8 27894.1 11062.5 31396
786218 43343.3 35897.8 30890.6 23060 22755.1 19769.3 12688.6 39506.8
380644 445019 45793.1 51482.7 40680.2 31661 28825.7 16866.4 70879.6
287645 55498.4 36206 45430.2 19229.8 13669.6 27350.1 13591.9 38074.7
886012 75665.8 27674.7 21637.2 14254 10324.7 13152 9511.98 31499.1
644142 62043.4 32476.1 41165.9 15009.1 28340 19292.6 11924.5 33086.9
222090 69310.8 23473.2 21020.1 16738.1 12926.6 10138.3 5149.81 13839.3
358295 254068 67358.4 69947.9 34480.3 46076.1 30985.6 24146.8 58541.1
284765 157678 44154.2 68398.5 39040.7 41374.3 44257.7 22006.5 46725.8
214807 49990.9 40788.5 40845.1 24886.8 25150.9 25413.9 14035.6 54907.1
131370 64080.8 32041.3 26976.5 17158.4 16286.1 17068.6 6555.15 20408.6
320540 97851.2 18342.2 20565.8 9837.14 13125.7 11357.3 5760.88 29993.6
257792 50750.9 36100.1 22410.4 27942.6 20282.5 16475.1 11324.7 36594.6
458766 315524 104878 93030.9 25310.3 48463.8 38117.7 22954.1 58150.5
72274.7 83956.1 67710 28775.3 23407.4 19735.5 22641.8 11762.8 33779.4
273196 99114.5 30454.8 20807.2 22995.2 18376.4 18102.3 11122 33119.2
113955 97713.3 38933.7 57702.3 26673.5 20255.6 34253.2 18485.4 58536
175330 73357 80911.5 49919.5 28144.4 44956.4 33063.7 20941.9 76351.3
287714 87831.6 67767.9 34191.5 20703.6 17443.8 18648.5 11478.9 32466.3
374990 47480.1 20740.6 29312.3 28304.1 19237.9 19848.5 11116.5 29182.6
635119 337973 65551.4 132672 54958.5 69498.7 70304.2 31408.6 69096.1
279478 48746.9 30282.3 19600.3 9545.22 16109.6 15358.9 7247.64 36965
260626 69387.5 54328.4 35920.7 23916.7 22289.1 28197.4 10892.6 52470.9
231189 54069.2 46736.2 79238 39194.4 58154.4 37095.4 19391.6 54555.4
247718 71253.4 61989.2 34696.8 29008.1 36266.1 43978.9 24464.8 95187.6
129646 86441 50252.7 38804.1 33716.8 24717.6 23629.7 10394.4 33988.3
542976 259405 82664.4 49001 29714.2 36231.1 46807.2 20007.7 65540.9
1179680 66902.8 87125.7 28271.9 48679.4 48570.4 56477.7 45273.3 110500
583e3 185169 19830.1 31288.5 26933.1 18657.7 18460.7 13916.1 38881.8
284885 170159 48211.2 36100.3 21933.3 27960.9 24029.1 11360.4 36326
320694 185167 31494.3 17062.5 10805.1 7857.13 7399.7 3097.58 11221.5
748405 185084 68625 40644.5 39743.6 44984.6 39917.4 24325 70441.6
178266 291124 115883 55752 44285.1 38751.1 73949.3 37700.7 88560.5
174854 128509 52058.1 41942.9 17498.2 32911.8 18338.6 12723.6 38705.4
66137.6 79813 28714 28181.3 20729.7 22578.4 16122.4 8009.18 29157.1
312657 181445 28101.4 35100.4 35316.4 27555.7 38762.5 19963.1 70571
138160 68595.3 26624.2 15331 15785.8 21295.1 21611.3 10870 30826.9
81945.9 224240 41403 41500.1 37288.5 49772.5 43794.1 24214 73025.3
1138720 301235 106459 45631.9 67134.4 54349.6 47030.7 34371.1 81623.5
91666.4 38528.3 10820 32891.1 17568.2 21067.6 22263.9 12971.9 33748.5
784217 166931 50153.3 21980.8 23355.7 21816.1 11683.7 8417.19 26047.9
268156 201127 99978.4 40319.2 17325.4 23938 25569.3 15601.5 41105.5
82420.9 63530.4 69690.8 39527.4 29283.3 25685 26273.6 12686.4 31944.9
199979 68117.4 40180.9 66932 18598.5 43348.4 31030.4 18934.7 60507.8
169532 38457.2 62829.2 89339.8 47847.6 41324.3 53163.6 21121.7 62769.3
147813 285304 54305.6 30841.1 38962.5 34487.3 45454.7 21625.8 86090.8
896748 208965 78141.2 66538.8 48295.8 55855.5 65795.3 21564.5 69672.6
121665 56110.3 34636.8 31323.7 17234.6 16778.1 8682.75 6380.65 20509.7
88576 45402.4 57354.6 43682.7 45287.3 59664.9 44608.5 28250.2 68872.4
533909 315669 51011.5 45337.5 25688.9 25080.6 16247.7 10276.1 29407.4
142474 138275 42024.9 25519.5 28949.7 25662.9 37595.7 20314.7 50047.5
393081 60847.6 28950.3 31153.9 13989.5 29204 21147.2 14882.7 37213.7
290160 79053.8 24363.7 13458.8 9289.24 11511.4 12381.7 5671.7 13270.8
116237 145277 26250.4 22546.5 17506.8 21276.7 19217.8 11236.2 49710.6
796203 195575 44688.2 33654.8 40105.6 44226.5 40734.1 24017.1 71929.6
563369 157389 30714.2 51943.9 17383.1 20034.1 18280.4 10843.5 38724.1
739809 63046.5 39458.4 118733 22226 32378.1 26743.7 12627.2 30549.3
148978 96862.6 56925.9 77033.5 38994.8 40036.1 36218.1 24657.6 61557.6
213758 177457 22097.4 7828.09 8726.99 12065.2 9312.19 5188.28 16971.4
492297 119604 47470.8 40798 24382.6 33809.2 31307.3 24418.6 50795.8
271705 142470 60611.4 35870.3 49641.5 33757.6 33853.5 15147.1 52537.3
583590 52704 52379.3 42385.8 43900.5 73361.5 67880.1 38539.6 78095.9
622694 111316 53306.1 39001.2 22181.1 27503.4 22263.1 12290.5 40421
460618 181955 15530.8 27533.5 17885.9 19675 20332 9922.83 34334.3
357364 107363 49660.1 36895.6 25168.4 35025.6 29411.9 16785.8 46138.7
160202 52982.1 44154.6 71231.5 27383.9 27780.4 22809.4 13883.8 35290.1
472869 107340 31113.2 44141.5 29752.9 24058.3 17144.9 9706.04 26443.1
439845 63099.7 54230 27757.8 14583.7 17892.1 13528.7 7705.09 19030.7
284144 24968.3 37005.5 23074.8 17808 24868 20510.8 13418.4 35487.6
65312.4 198969 103544 57090.8 34441.7 34509.9 53284.3 2e4 66265.1
79372.8 85356.4 31977 26182.9 26153.1 25560.8 20605.2 11107.9 35813.7
396982 187566 66142.1 91170 28491.3 33725.6 33718 14959.5 34720.6
387026 105402 47036.8 38045.4 27674.6 24520.2 23733.7 17925.6 49955.8
504485 177153 33873 32017.9 30662.4 57629.8 55032.3 40701.5 79101.2
419632 111338 82381.9 50209.1 33915.3 26881.3 23409.3 15067.3 54320.6
484056 99084.4 138524 76625.7 36505.7 48498.4 53538.8 24980.8 57430.7
165112 22588.8 34520.2 31020 25758 19565.9 27976.7 15511.7 56685.8
463715 455061 63800.7 93454.6 52018.7 47631.3 48045.2 25817.3 57032.1
104682 225825 72530.9 56209.1 43508.6 37077 28365.7 17708.2 60038.5
348890 75584 36404.3 28282.7 12952.6 12457.5 13771.6 6031.23 17389
247664 126908 22679.7 52794.5 51318 40378.5 37410.6 14719.4 68988.3
377479 230764 35756.1 49579.5 62972.7 64202.2 48031.4 30192.1 96423.2
316118 193242 54194.1 73714.9 34431.8 45338 60462.9 30098.6 61187.7
197067 75127.8 18449.6 24783.5 10740.8 9582.93 11641.4 5500.81 23256.7
710213 231463 37944.4 61343.6 35214.9 35728.6 37386.1 14136.6 44418
361075 160065 65560.7 106564 56309.9 64900.7 36202.1 23791.4 53385.2
621993 283424 39663.8 68749.4 51360.9 52487.6 47088.7 26527 57479.5
305167 73062.8 55539.6 31387.9 26899.4 22250.7 26208.4 12342.3 44135.7
100237 161594 47607.8 69975.3 23985.1 25193.3 27854.1 11318.1 39948.7
447212 50823.8 22083.1 58518.5 24803.2 20764.7 15780.7 8224.31 25148
570356 127192 26803.9 60474.4 15296.9 24350.8 23437.1 10655.6 39578.9
169671 165282 41985.4 45877.8 27284.1 38799.1 25349.4 19539.4 60821.2
239268 52543.7 39267.9 92592 25712.6 33535.1 38536.2 22241.6 90056.8
285466 28968 50600.9 30079.4 16526.1 19540.4 25824.4 12581.3 25672.6
208487 175311 23133.3 57693.3 20558.6 25093.3 28788.5 13684.6 34831.2
314685 178266 78427.8 64848.9 68714.5 45436.7 36942.5 19503.7 51547.4
482571 98890 63307.4 71847.3 33133.5 31511.7 35824.6 11552.7 36539.5
664339 153886 60283.6 16930.2 14113.8 15205.5 14929.7 9393.15 50976.1
97492 59514.6 15260.7 27112.9 23267.2 26891.2 19053.7 11696.8 37380.8
330795 192256 24223.8 12269.4 7117.03 10064.6 8050.82 5032.8 27870.7
257160 73097.7 61002.4 28360.4 13059.9 21617.4 14129.6 8881.7 36055.7
200389 90916.5 15455.1 18979.7 8892.26 20249.4 14079.8 6381.48 31857
59736 332024 62000.4 47896.5 37652.1 39126.3 43717.1 27998.5 60790
629667 24526.8 62484.9 39463.6 34474.8 41901.8 34052.8 19376.7 44856.2
107341 132861 13157.7 21894.8 11959.9 17020.7 15542.3 7931.19 35136.7
170923 151719 53454.8 55854.4 37941.8 36071.8 32725.9 19739.2 50482.8
861970 196587 39903.1 65849.5 32592.8 36153.7 38536.9 26728.7 61088.4
384056 86062.1 46869.6 60965.5 28295.3 62341.9 39985.8 31245.5 66582.5
1176030 140641 56634.3 54383.6 37249.9 41696.8 52668.1 22396.8 49434.7
154943 56240.8 45055.2 64782.4 20379.7 13737.4 13417.8 8216.03 28501.8
117461 42856.9 44425.8 27797.6 22209.9 20750.5 25781.1 11730.1 40896
617692 125625 47778.5 45255.4 45493.8 54430.1 35640 21344.7 46585.4
954448 58318.9 31259.7 25945.4 16211.1 22940.7 14334.2 8797.6 25290.1
361574 52234.8 44046.5 26694.2 24838.6 15617.5 11360 8242.54 36103.4
464531 85288.2 84795 40048.5 28723.6 44324 52992.7 26021.8 81159.5
634421 80736.6 46043.8 29504.7 34235.6 27773.3 29565.7 14669.3 41732.6
101256 61173.9 27030.2 78507.7 23872.9 29326 23705.7 14828 40972
374231 104053 51316.3 41554.2 26991.4 31303.2 17141.8 10838.6 29347.8
150370 117452 67794.6 92654.9 49978.5 47735.4 34589.5 20573.9 51061.5
805537 172305 41515.1 50114.6 37498.5 32206.9 52101.2 25879.3 69523.3
174382 224413 19921.9 34883.1 20626.4 23904.2 18994.6 11076.7 26752.1
551311 107390 51359 161140 87058.5 62429.6 44402 34947.7 56209.8
455603 110159 24424 18413.6 7764.91 6680.72 9327.62 4558.85 15370.5
569395 71885.8 52839.8 44242.9 40770.8 37003.1 31487.4 29524.9 64957.3
121072 233027 71859.3 69791.3 75853.6 67278.8 68832.4 42247.7 101455
220229 72739.6 35889.7 37458.2 15019.5 14852.6 14211.9 8534.3 22106.3
142111 158208 81188.5 50386.9 27730.5 44408.2 34946.2 23873 63394.8
113396 124456 101743 74165.4 31497 35192.9 29345 19442.5 62978.7
123408 61208.2 37178.4 19088.3 11222.7 15360.7 11854.2 7089.04 27945.2
690549 313754 51596.2 44077.1 30679.9 27095.3 17574.2 12937.8 27963.3
347743 84016.8 47123 46260.1 36459.9 30912.8 25537.8 12187.4 41697.4
255865 153079 126534 52117.8 67951 86803.6 64587.6 40663.9 81854.2
276505 74237.9 44845.3 55609.1 15528.2 19949.5 20343.4 10713.1 48492.4
933116 72537.8 59897 37656.2 18401.2 36581.7 38876.9 16000.4 31763.2
386758 74620.5 59071.2 35738 20547.7 19924.2 14344.9 14010 32000.2
339632 37240.3 44375 55726.2 15826.5 18701.9 17798.1 7941.87 30711.5
1039140 101778 69707.9 30685 15984.7 24793.7 22495.2 9495.82 23290.5
156419 96894.3 49403.9 21662.7 20671.9 30361 29070 16703.7 42277.3
34432.7 171310 21412.7 24024.5 15840.1 16837.3 11360.8 5900.26 14209
568019 145473 77791.2 71274.7 38777.5 59701.7 61617.9 27013.2 68049.1
752981 75783.8 57919.5 57602.3 29194.5 29782.5 23355 11481 31840.3
279997 39682.5 39357.1 56909.4 22453.6 27403.6 18605.9 12467.1 49165.5
1131080 90301.8 64241.8 47573.4 79130.8 57238.3 44244.1 38025.9 108279
390147 156153 37804.8 45565 21226.9 35322.6 28121.8 13293.6 38859.1
439372 107037 131189 49806.6 55170.7 40198.7 38948 22859.7 61514.9
304359 57121.4 23594.4 21374.1 13826.4 16865.1 15128.1 10082.4 38357.7
157603 145816 23380.4 36544.7 10534.6 23328.8 23934.9 13364 45219.7
508471 168842 93799 59811.4 53041.9 36392.5 47417.5 33002.3 94164.3
144041 121927 32129.8 20540.3 23143.5 19968.2 18305.9 7772.28 34307.8
759656 86049.7 50296 37410.3 18564.6 19754.9 16606.5 13289.2 35302.9
216212 154177 59669.2 45592.7 17733.3 14926.8 14491.7 7840.39 28585.1
966999 63545.3 68862.2 46115.4 20995.2 16760.9 14384.1 9592.02 34944.4
136941 91567.8 42322.4 44014.5 35384.9 29692.2 23720.9 12287.5 45077.6
264414 40720.6 20962.4 43114.8 20019.3 24633.6 14449.6 7866.39 30512.9
514426 129523 52100.2 40342.9 28161.8 35274.3 40932.3 23169.3 74642
217334 111577 51563.4 37465 40459.7 31459.8 27621.5 12527.5 34697.4
331365 126526 94974.3 23356.8 22434.1 25616.1 24168.6 11273.5 26880.3
763535 75524.7 53269.3 51265.9 17385.7 27091.1 25146.3 10488.9 37652.1
75076.5 336287 70906.5 64792.6 26186.1 34812.9 21954.4 11581.3 37121.5
181496 387575 122019 60311.1 88572.5 45934.8 49447.2 29915.7 55505.5
386330 45563.9 25465.2 57354.6 28161.4 21271.6 18993.3 12042.5 33747.3
1523070 64282.7 36612.7 31455.6 53004.4 31742 36362.4 14545.2 62227.2
174225 135506 75547.7 101204 66706.2 66604.6 53087.1 32244.4 94263.8
552523 56707.8 59991.4 111907 52840.8 90716.9 68881 41624.2 84531.4
104910 178263 83604.6 78870 29758.5 36816.3 30238.7 19226.3 53956.2
1067700 131825 65852.9 37856 38858.4 37099.7 36087.1 11523 34944.2
1010230 218371 66388.5 57273.4 55638.8 63966.9 52427.8 24103.1 50501.7
692695 86491 72736.3 82944.8 54250.3 56508.7 50296.4 30177.6 83826.3
601459 47653.6 70704.5 35324.2 14494.1 23359.5 18441.8 12546.9 29329.2
576540 124439 67173.2 45676 29292.4 34848.2 29616.1 10564.6 35040.7
532368 140289 47402.5 44399 25801.8 21943.7 15515.9 14500.4 51184.2
275379 163798 67230.1 91737.3 34144.3 52551.6 52402.7 20278.3 63684
506948 138865 93991.7 32068.8 16305.9 17356.1 10251 7125.89 21248.5
311217 69176.3 35605.8 21002.5 17499.6 18198 13584.4 8993.93 30516.9
1188190 168299 73157.4 30556.3 13771.3 12228 15387 7948.73 12348.2
319136 181145 27609.3 37060.1 17837.7 29113.1 19852.3 12438.8 37910
490939 113513 20268.8 36002.6 25850.6 27142 25381.5 12351.5 35890.7
226076 135446 28894.2 22492 18951.5 26923.8 18036.6 10958.7 20447.6
387845 129418 61272.7 56100.7 22882.2 35341.6 42523.6 13048.7 60044.1
483290 384454 214046 166359 54835 38284.5 48693 18038.2 67526.9
478111 101228 66913.1 32817.7 18147.4 32865.8 37380.8 15788 38312.2
369445 114912 36083.4 24498.5 19279.2 19227.9 17989.3 10662.2 34473
229694 172470 45647.5 82865.5 24051.8 36395.3 46047.2 14686.2 42280.5
263881 25874.1 31980.6 31019.1 12774.5 13240.7 15610.1 12684.3 41766.1
593919 151076 28177.6 65749.2 28897 34184.2 23881.5 15077.8 50474.2
436232 419611 50706.7 42728.2 31501.1 28494.8 39719 17930.7 46460.6
413606 89656.9 30808 16350.8 17149.4 14221.7 16531.7 8934.13 31093.3
188296 122969 27306.6 42843 40389.5 20621.1 24511.6 11830.2 34096.5
514903 120417 15849.2 13637.7 5150.55 9251.1 7855.61 2841.1 14933.2
309951 193418 91224.7 57019 27169.2 26632.2 24191 15604.6 46444.6
859124 271846 43094.1 103704 121048 59600.2 69443.9 30670.7 85730.8
569308 151399 35385 22466.2 20043.3 17448 12828.6 13526.7 44688.3
154695 51540.4 56142.6 23826.5 18575.4 14520 14319.6 8168.89 39697.3
117081 41227.6 60152.8 8794.6 9110.35 11686.1 10053.7 5093.33 15233
591019 147182 119886 107280 30178.6 36081.2 24243.6 15207.1 31782.9
364973 140486 57853.6 29594.5 18533.3 17406.1 18993 12435.9 28135.9
425838 133493 49744.2 48313.4 37981.7 35196.4 24551.9 12541.5 42529
87832.2 85418.8 23135.9 43693.9 22916.8 19850.2 21899.9 13272.5 37507.7
621647 86178.6 29906.1 36278.4 18969.3 21564.7 18723.1 9258.44 28890.5
429997 113489 127969 41917.9 39679.3 30930.4 35077 13162.3 39803
593315 106986 51503.9 31904.9 15648.4 19542.4 18231.9 12679.2 28973.2
331309 87957.6 19071.7 31192.9 12949.2 31089.8 20992.7 15883.7 40058.1
175487 64923.2 25152.9 13271.8 9636.36 11058.9 8897.86 4955.27 22248.8
210841 140290 20562 42268.3 8701.63 22083.4 15592.3 8192.49 27450.8
126676 150258 68173.5 31935.9 20476.2 21433.1 14672.9 8104.62 36387.1
270714 236846 65044.4 23406.9 22113.9 24840 18132.2 10961.2 27145.4
348313 122646 33215.5 46400.3 32812.2 30227.2 30397.4 16962 44148.3
412997 41101 94935.3 32881.2 28928.1 36653.4 34521.2 16248.8 47677.9
780475 157182 49687.9 69310 42970.1 40492.9 45199.8 22983 72091.6
148774 65325.5 51844.7 63821 30624.1 28048.1 31816.9 18651.7 42959
324456 75301.4 42465.3 28994.3 21508.9 27910.1 21931.5 14523.7 32003.4
437495 46120.1 122279 39384.7 25607.8 24463.6 23823.6 11026.9 35951.4
92258.4 69898.8 25022.1 49266.8 15838.3 14715.1 11904.4 6287.3 19735.8
335338 150614 63654.4 127724 108682 59273.3 68161.6 41683.5 80197.1
256151 102580 47629.5 20422.9 17026.3 21091.7 14875.1 10627 33283.7
886168 95049.8 51495 59373.3 34038.6 53977.7 48203.9 26306.2 68946
1564940 196822 144592 83843.9 51069.2 66179.9 48080.1 24045.6 62826.4
689140 141307 54096.1 33593.4 29742.1 24910.2 21271 13930.2 27369.2
256315 245535 40479.1 19006 8680.38 9328.14 9013.52 4957.19 27157
445447 113417 40441.5 41433.6 23967.4 23195.7 21266.4 12643.8 30308.7
1068080 152341 51490.8 43758.9 24305.2 27093.2 27103.9 14382 37239.1
266743 45823.5 37008.2 26750.6 35717.8 17552.8 20700.8 9957.96 31068.6
1480670 160515 61666.8 52517.6 34078 43906.7 25389.9 16479.3 37078.7
275366 71825.9 15758.7 44471 22082.5 28879 24160.6 15296.1 41753.9
731325 181401 27271.8 22067.5 8471.34 15284 15397 8002.08 10645.2
802035 23874.8 51495.7 55369.2 22522.6 27651.1 22810.9 10189.3 29946.8
660762 43163.7 70932 81534.8 39570.5 43971.6 37397.3 22536.1 53059.2
321840 67861 45000.8 33385.5 12198.8 18087.5 19875.4 7487.65 23855.3
481307 78873.5 27675.5 92121.6 96373.7 76783 91597.2 48943.2 83360.7
330781 50395.6 22736.7 34809.4 9043.2 16936.3 18256.7 9368.48 20138.5
411876 144001 68693.8 73076.5 30280.7 35436.1 39102.7 20689.4 46680.3
1244310 126768 54138.8 70226.2 18845.9 33137.2 36249.6 14376.5 57098.6
263624 284113 58558.8 107620 52897.2 47018.7 37971.8 22482.7 70118.2
220725 148095 114614 50190.2 18804.6 27657.2 18042.3 8941.15 48565
281055 320900 19480.7 22950 23244.7 27002.6 21171.8 13836.3 44204.5
404382 282625 123533 38858.4 48475.3 35433.3 55114.1 27751.9 87885.2
601210 97525.8 42060.9 59650.6 39953.7 35741.8 30141.4 22865.7 54322.1
330018 63290 17102.5 38753.2 30400.1 22443.8 19938 13419.4 40296.9
109914 94624.2 55130.8 39853.9 25441.2 13926.2 12423.1 5911.05 24028.2
268299 82173.7 63962.3 37289.6 25022.3 35767.8 21640.4 12940.1 25544.1
198241 57753.8 40821.4 36270.4 27369.9 12589.8 11522 8213.5 22846.7
365256 253933 145966 72306.3 67821.1 71886.5 64073.5 31284.2 93877.3
94220.2 182430 25896.8 32081.2 27200.5 22573.1 23414.9 19486.9 58956
328525 120208 27964.7 30966.9 25626.1 24923.3 15387.6 9352.1 37478.9
197067 75127.8 18449.6 24783.5 10740.8 9582.93 11641.4 5500.81 23256.7
904340 74961.3 38804 48069 30716.8 19181.1 23293.5 11558.3 40761.8
293586 110608 17497.4 40502.4 22922.3 20745.4 14629.5 6968.86 17375.6
216039 146964 27523.1 54484.9 36565.1 41679.4 37816.6 17807 63099.8
325091 140126 61058.3 77056.4 39141.5 64045.2 65395.8 24548.8 69105
491673 116565 41953.4 56648.9 30173.1 25989.6 21418.3 12918.8 28455.7
283125 163549 55550.1 43893.1 27828.2 22973.6 19927 11381.9 33574.1
457785 87334.7 26987.4 38255.7 25189.3 17785.6 13399.4 10145.3 25824
666279 247328 84031.2 48788.1 35628.5 40755.7 45384.5 22972.1 84566.4
403520 55572.2 37555.7 22867 16964.5 14953.9 16284.3 8754.99 30689.2
820696 104250 45366.9 57441.7 25813.2 38852.8 24777.5 13094.3 30164.9
272506 138701 69232.8 63709.9 69081 43919.3 38328.7 18089.2 36311.5
414220 121834 77852.3 41348.6 16410.5 17728.4 12181.6 7265.93 25027
49615.7 143047 12411.4 21224.1 13323.5 11924.8 9949.86 5699.73 26004.4
409420 147810 61478.3 55737 33392.5 35963.5 26481 12360.2 32907.9
447342 233447 22367.4 44772.5 31044.6 28821 23425.9 12781.4 37288.2
527763 37267.9 39067.5 37264.3 20805 24546.3 34701.3 19282 54049
327648 123848 63374.9 100958 37300.4 50553.9 29244.7 21203.6 46864.8
254839 210765 33181.6 35930.2 21968.5 34320.3 33383.4 19788.9 48154.7
510812 97739.4 26693 32324.5 13449.5 22084.6 12793.6 8808.53 14539
495999 79063.1 37556.4 29509.3 22416 21464.8 18532.7 9091.21 33769.8
221756 73973.7 44930.4 31763.9 21537.6 19030.4 16706.2 9491.47 45262.2
236787 72240 56625.6 39729.4 26217.6 18720 12210.4 6492.53 11751.7
192860 83160.9 23736.6 37118.6 28266.9 40918.1 27776 14885.9 50365.4
276377 133421 29129.1 50401.5 29487.7 44890.8 41102.6 26703.6 61490.6
392233 380715 57643.6 31926.5 20736.6 12567.1 16351.2 7841.8 28517.6
441472 19863.7 25434.4 17031.7 9197.95 12635.1 10006 6827.27 20079.9
188168 71001.8 28584.5 22199.8 31222.2 20612.7 25857 10846.9 36523.2
80018.8 29488.8 36349.2 18747.3 12859.8 12902.2 9963.48 7392.78 24243.3
63704.7 60250.6 32318.4 20082.5 14095.6 10792.2 7856.8 4877.38 13466.7
166304 187562 32077.6 44467.7 29147 32489.4 35153.3 22305 56401.3
271153 124665 33184.1 43535.2 33333 32240 44850.2 14231.8 37220.6
866435 97994.3 54755.2 88668.5 35810.4 25453 37290.5 21785.2 63562.1
1953360 135029 78629.5 76088.4 53352 62579.3 46953.6 28400.6 70982.8
231986 125447 21408.6 19948.3 8178.86 6407.72 6724.76 5228.8 11616
136369 65796.5 50090.7 49107.8 33348.8 32880.6 28227.5 16885.7 56605.7
188218 152495 26356 23077 20675.3 16851 16230.4 8162.96 23846.4
1007260 190439 27033.3 93824.2 31996.7 28428.4 26458.8 16037.9 37745.7
379467 146965 31788.3 34478.5 21551.6 27126.6 34668.5 14362 56304.2
271728 127404 50941.2 98380.6 28114.1 34058.4 29535.7 13865.2 40086.1
560262 169338 40438 37825.2 7814.76 17542.8 12176.8 7553.79 28631.1
312667 30978.9 144033 62814.8 65145.4 57495.4 46292.8 25711.5 56043.8
171758 57107.3 36732.4 60173.7 28220.1 34552.1 38641.6 15117.7 46172.1
904943 389574 66956.5 74056.9 49118.5 43129.2 34027.9 24231.7 58847.4
331492 144951 40425.5 54732.4 30184.2 17558.5 22766.9 20965.4 52939.3
63600.3 203122 37259.9 21589.1 20626.2 17502.5 17623.7 10379.6 21935.9
228662 27434.6 33456.4 38826.5 22898.5 19889.7 23726.3 10195.2 28795.6
52927.6 164759 20196.2 46187.9 15321.7 20602.9 17729.3 10693.4 39489.5
463238 65819.1 53638 64827.1 38836.4 30756 47989.7 17645.5 60740.3
147583 137079 35153.2 23239.5 7126.58 5175.87 6198.56 3258.04 5568.87
345423 62265.4 96879.8 36391.8 45150 35955.8 34279.8 23030.9 70841.6
304572 129411 43614.6 31043.5 21798.1 10717.9 10224.2 5828.41 25683.2
566857 96277.5 63608.6 33663.4 33066.2 41822.1 41093.7 24807 57636.9
383410 25350.9 47684.7 39216.2 26949.2 29034.6 32199.9 17846.7 54450.5
718495 196655 31802.4 27118.4 19154.4 12666.6 16557.8 8606.45 37839.6
217967 225798 70605.8 51063.8 48221.5 56785.3 47588.5 15698.1 79110.8
193096 78815.1 50351.6 39676.9 25764.9 30284.4 28317.8 11594.6 39289.9
296383 93871.7 52717.9 20841.8 5104.68 8394.79 7824.52 4351.76 30832.2
278153 122979 38849 43404.9 26315.8 19762.3 17230.3 10322.6 40944.8
1203140 41286.7 29932.4 41216.3 23506 28935.7 33247.1 16664.9 44978.1
1266580 82636.6 36547.5 53164.2 23134 44111.1 25414.1 16409 63445
872341 111231 51563 31931.1 16271.6 14895.8 13268.4 5685.64 29710.4
262852 173197 127262 50473.9 27880.7 22311.5 23534.9 17188.6 29069.6
134820 108724 57763.8 49342.4 35371.6 30419.1 35004.8 17059.3 52212.6
23597.6 68395.4 62316.2 51062.9 21542.3 23550.2 35764 12066.9 34288.7
659654 164769 22675.5 36102.6 19396.6 17128.9 20086.4 9126.49 29890.5
102421 503782 152080 77996.4 82417.1 77813.4 63368.4 27839.8 106628
230752 120629 47813.8 51196.5 30974.9 51192.4 36820.1 22340.4 61853.2
690249 166404 49038.5 69348.4 23285.3 35450.7 28201.6 22498.6 45671.6
111062 354394 61861.6 56247.9 37995.5 33740.3 33614.8 18142.4 62775.8
186001 207245 78359.9 99102.5 76482.7 64022 49553.8 30949.8 87140.8
465625 179228 36141.2 53050.9 23186.2 31274.7 21025.6 15602.9 48220.8
142387 57707.8 48274.3 48011.7 33178.8 36147.4 37997.7 18782.2 72913.6
524210 285059 39797.8 43929.8 45209.3 19969.6 19735.9 10977 22843.4
111666 126585 106907 37707 13172.2 11727.6 11652.6 5989.26 26677.9
851940 46985.1 82603.5 84549.9 56538.7 56677.8 72260.9 34728.1 92739.3
238385 228721 86304.3 45475.4 31306.6 36646.3 23536.5 14415.1 48007.1
552091 229140 19124.7 27504.5 11908.4 9308.31 11215.1 4599.8 20936.1
387902 76709.8 43532.7 118713 31437.7 28197.7 23088.3 14806.2 35110.6
147886 18867.1 28324 38895.9 19512 11259.6 9870.53 5341.42 18707.7
288195 103006 100901 37431.9 22857.8 24986.1 25743.2 7940.32 25777.4
1026780 134003 42412.1 57561.5 21569.4 25159.9 24901.6 9292.23 41252.9
850541 230933 21512.6 26665.4 14947 30886.8 21944.8 11076.3 35058.8
222104 100894 61612.5 22381 19126.9 22452.1 28132.3 13449.1 41107.5
111215 46550.3 24331.8 35003.2 13122.6 12274.2 13740.6 4840.26 24779.4
824365 543561 54451.1 58934.1 40862.2 46923.8 35908.8 24644.5 50239.4
237881 69182.9 65941.5 52692.8 28283.7 30378.2 23025.3 12765.1 50601.1
471979 79615.1 63812.5 82848.7 45951.3 20005.9 26634.8 8269.45 35292.2
649833 68494.4 95576.5 45063 42038.4 34377.4 42157.6 23562.3 56412.8
413011 33396.6 68497.1 62263 34293.7 37684.7 39050.3 18080 50597.4
210210 33137.1 31287.6 65267.4 34996.4 42023.7 33485.5 23749.9 54283.6
513601 94412.1 28983 36427.3 19873.5 29992.2 22817.8 10338.9 43439.5
526066 111791 39088.7 50122.9 18679.8 24375.7 25336.6 9742.71 32416.6
781696 64691.9 75687.1 29355.6 30324.6 26856.9 29110.9 9533.11 28741.5
283994 342524 60918.3 69412.8 44993.6 30757.7 31072.6 15462.2 42555.6
163183 155476 63728.5 41611.8 38224.3 36428.1 29320.6 15986.9 39805
512700 138827 75836.8 46659.8 20986.3 20119.6 27141.5 18335.2 59193.2
236398 59538.7 39626.8 30105.3 14760.5 15361.6 13447.5 7832.94 29802.9
327561 85249.5 10672.1 28402.5 13647.9 18129 14879 7370.58 27039.5
760706 224751 118357 41729.4 56530 46208.8 42314.8 30977.8 91126.1
1396910 58776.1 32133.6 27312.4 17516 27427 24574 12543.5 37341.2
523911 102120 33946.6 47716.6 30527 30062.2 25548.6 11358.4 37070.3
406564 77693.4 95048.2 38093.9 53651.5 48094 40377.3 25632.9 48345.6
352422 113543 64220.8 56689.5 24062.9 28235.1 36480.2 18525.9 67551.4
271242 111604 59325.9 39184.6 16475.8 12669 17527.2 7066.68 29275.3
213973 92017.8 52680.7 18937.2 11665.5 7684.31 12217 6180.21 19866.2
704555 182547 107716 81469.8 55698.9 64836.7 67576.5 44673.5 96309
308543 127745 38002.9 36839.7 34493.8 23645.7 25565.7 14657.4 37892.3
1224060 78940.7 47837.9 51231 34534.1 42625.2 30848.7 16001.6 45302.4
158967 69160.3 97208.8 82887.2 40107.7 71495.7 45355.1 25415.7 59983.2
325711 97737.3 23363.1 20764.3 33071.9 28518.9 29485.4 11138.9 48641.8
215991 127724 55388.7 84008.9 14653.1 40383.8 28469.4 18989.8 37666.8
69673.7 41231.1 60919.1 39753 24062.5 25829.5 20564.3 10561.7 29742.6
208500 60377 61566.7 47980.5 25830.9 30284.3 31599.3 15984.6 44825.3
426430 45753 42438 31572.9 19431.9 14415.1 15517.1 8540.66 33817.9
252170 105033 67335.1 36841.3 14066.7 13860.5 26227.6 16238.8 54231
395677 202064 70266.8 41239.3 19504.7 30222.5 31599 11601 56677.6
414834 151129 33798.4 51320.3 39605.6 29554.7 35729.5 15211.8 40648.3
110015 102690 33564 21615.5 13563.6 13047 14594.8 8724.48 29718.9
247091 136035 89901.3 49512.6 6978.36 9954.61 18151.4 9620.69 28461.6
380838 201400 22986.6 24478.7 32746.7 23107.3 21829.6 8709.57 41914.2
358953 52232.4 35537.1 23357.8 16860.4 15907.6 19947.6 9971.4 38300.1
318327 73072.9 54837.6 55840.8 21017.6 20708.3 23766.1 8467.57 28197.6
297312 65039.6 34030.1 25238.8 26315.7 20876.7 31890.8 14642.4 35916.8
693254 121912 29110.8 38515.8 25115.8 20347.9 17269 6918.11 23185.4
446089 48168.6 90961.9 29063.8 24554.2 20823.4 19157.3 10018.9 27030.4
155965 100306 44200 65318.5 65121.7 64089.7 75851.8 44168.5 115777
153646 80532.9 38265.1 32278.5 21231.1 23365.9 18615.8 8181.38 36019.7
865740 115120 51945.8 39316.8 44007.8 63551.5 56081.9 26925.9 93604.3
98880.7 110180 19762.9 29673.4 11639.3 25452 15049.5 9987.37 50380.7
438418 109808 58558.8 94648.1 39580.9 38194.5 33301 14836.7 42271.8
432675 202026 53038.4 39234.2 20224 32602.8 28197.7 17029.6 55137
190165 68707.5 66687.5 68508.2 23379.2 34039.4 35206.7 21828.6 57598.4
124169 264502 65573.6 71135.5 59382.3 73719.6 82763.8 50434.4 96811.3
850956 97256.9 33950.9 27471.5 25521.5 28483.1 17121.4 12949.2 32747
528706 92899.6 34398 51563.1 30511 29190.1 17948.8 9325.17 30777.3
103734 97138.8 80506.6 106133 70827.8 41703.4 39525.5 18500.7 51551.8
534009 128014 33953.9 32232.1 12867.7 13673 14441.6 8344.78 42181.9
152275 73465.9 121871 45505.5 43516.8 39059.3 43676.5 18680.7 43431.8
304264 59474.2 21749.1 49213.8 21939.3 38328.7 19647.3 14802.8 50552
360391 290880 63134.4 76728.1 59404.9 50092.2 43620 22968.1 90511.1
296252 71234.9 35536.4 74209.8 45068.2 30937.9 42136.3 22176.3 54345.7
328515 206744 148129 70534.3 34175.9 20942.5 24933.2 11449.7 23642.1
399169 92636.1 72813.5 76143.1 35479.2 29358.4 31193.4 15703.7 49541.8
124386 378880 30423.8 49236.4 17760.4 23168.7 27146.4 12662.9 46161.4
664945 63121.3 17511.9 36821.2 16934.9 22093.2 22875.1 15116.7 42138.9
377059 45723.8 45541.2 37784.4 33149.6 24131.8 19197 13015 34150.2
111164 47187.3 73941.4 48453.7 32641.6 33458 24249.2 10749 28383
139041 191696 106317 88775.2 79665.6 52896.4 71257.3 38201.7 70618.1
220978 111025 80596.6 47736.3 23737.6 17980.6 19429 10082.8 22551.8
2987880 62320.4 55377.2 59939.9 37292.5 22286 36960.8 17888.2 40488.6
273191 53615.9 72962 25337.2 28761.2 23992 22303.5 13873.3 41383
178034 81640.6 36476.2 17546 18026.9 15490 22731.3 8700.8 27320.6
258758 110740 51262.5 43961 27571.2 35136.9 34401.6 17806 63515.8
952067 71046.2 34832.4 61354.1 36573 30986.1 22221.6 16832.5 46954.8
643415 127279 84620.4 47915.2 17479.7 16756.7 20780.3 15175.3 37648.5
131247 74496.6 29605 18141.6 26961.1 23071.3 26963.1 15954.5 38389
535261 234377 59463.9 16629.7 24851.3 27234.9 16166.4 9975.23 33065.2
110639 71374.7 49175.4 45840.3 27479.9 30620 23312 11284.2 32942.6
172477 119547 67719.1 37021.6 20729.1 20743.7 26454.9 18731.6 45478
1058060 115838 94236.4 61639 40679.6 27583.7 42601.3 19040.5 61275.5
171044 175677 74188.3 67645.1 38395.1 38848 48372 20839.3 59135.8
169626 59137.2 54847.7 30636.9 18609.3 12690 14010.7 6515.45 29347.1
94439.7 90757 64128.4 45152.4 33153.1 38104.8 33817.5 22453.6 71373.3
725593 86833.2 35765.2 88569.2 29987.3 33281 44710 19081 74203.2
639859 67592 93168.4 42026.8 21430.8 38905.2 26652.9 14719.5 49634
150276 54194.5 27033.6 24609 25074.8 16639.4 18490.8 7941.17 39363.6
418948 118470 43272.2 52084.8 22626.1 36062.5 36807.7 14810.5 50583.4
340525 43388.6 28938.4 23313.7 21111.6 17852.6 18951.6 10098.2 24442.4
319444 119640 50801.4 50076.9 25009.3 27019.2 25159.8 13666.7 39478.4
210474 65081.2 25388.9 16385.6 21951.1 12995.2 18008.8 9620.1 40679
441625 127043 22582.1 37786.4 32259.5 48749.9 33818.8 21735.2 55283.3
709371 230507 115225 109835 52787.2 49041.1 69308.7 33479.6 86077
338026 100687 65423.2 58435.5 16685.2 20215.2 28362.6 10894.2 36939.3
284158 272124 86653.4 104063 71181 68357.7 83185.8 39401.4 108268
566093 84201.8 102209 80666.2 34318.9 31218.6 39698 30999.2 63338.2
445567 62127.6 14544.4 11474.4 11694 11116.3 11506.5 4239.49 21596
323072 171037 18426.1 46160.4 20635.4 17270 14838.6 6314.13 18292.8
337110 66162.6 93381 60772.9 30698.1 26042 25413.3 19443.2 51645.9
76750 66155.4 29640 33634.7 14190.3 20837.6 17937.6 7424.79 24925.4
1455870 210990 94301.5 66207 36035.5 53801.9 46667.2 21263.6 63447.4
376498 42122.3 28200.6 26385.6 19811.9 17847.7 15011.4 8703.16 25025.2
134719 209047 48693.8 41043.9 15266.7 19534.5 13798.3 10321 42212
406650 56044.8 39965.4 42097.7 13447.7 10795.7 12162.4 6784.93 25937
856013 91244.4 10599.7 21813.9 12196.3 7283.13 8181.11 4271.78 16767
78965.7 56942.9 57082.3 55397.5 18086.2 18579.2 19428.9 11458.5 40890.8
500467 528105 211080 109803 43334.3 48158.2 71275.5 45833.3 96013.9
745848 626022 137492 79473.6 41458.9 70130.5 58202.7 48147 88205.2
398633 108312 57390.3 39660.8 27916.9 22033.1 26106.1 11086.9 37369.4
322158 164679 10603.7 24983.3 7890.08 11905.8 10180.1 6798.54 27770.5
1596370 275099 14787 30737.6 16746.3 22443.1 13741.2 8795.33 22078.3
181749 103767 29713.2 33538.3 27653.6 21237.4 18233 8187.19 32873.6
157539 78377.6 41011.3 50845.1 17244.2 24358.4 19194.7 11159.7 27793.9
316200 88280.1 35956.8 53502.9 28757.8 23292.3 21086.3 8650.99 32820.4
269306 167501 65203.6 51710.1 20583 37267.7 25496.2 19926.6 45763.4
414981 94812.6 61787 44818 19540.4 28281.8 24930.6 15261.2 32046.8
534746 268168 44434.2 72987.3 42993.1 41862.1 29122.9 18169 60233.4
125377 86754.6 87404.6 74021.5 45239.2 34587 57348.8 20051.5 50724.1
397802 247123 161787 130034 98241.6 69194 61117.3 31726.6 78155.5
200483 141397 33809 36750.2 24847.7 27526 25113.4 20313.3 26759
549958 185157 44026.4 56066.2 81353.8 81446.6 90457.1 38827.6 132451
218061 422043 73910.6 44429.5 52480.3 55072.7 43842.8 27405.7 74104.5
646831 80208.3 28941.6 84679 49294.6 48678.4 44121.2 22508.1 68675.5
239825 28822.3 15299 26582.1 25998.2 14596.7 16585.4 9638.35 29852.5
227395 85788.4 46715.3 31738.8 14540.2 17486.7 20689.7 9993.42 31263.5
224954 123128 44427.2 25468.1 15562.8 8001.12 9151.92 4383.37 13387.8
231688 131792 29422.5 56048.3 24709.9 20116.9 19941.7 8100.45 19793.9
123131 136492 12214.3 26329.3 20784.9 24387.7 27493.5 10679.4 31090.9
263643 142718 28154.8 17378.4 6136.43 6146.46 4477.61 3674.02 14849.2
389287 32426.2 40645.7 51133.6 23587.5 31785.6 26852.6 14755.8 53765.5
445532 150695 30518.7 29778.2 29001 28754.9 32056.2 13633.3 62159.6
119674 138899 31994.8 25944.9 14854.4 16754.4 12654.5 6141.96 22494
491936 87186.8 30220.3 21242.9 11110.1 21798.5 16605.3 13311.5 47385.4
140023 54788.9 33713.4 39361.4 27241.9 26643.2 21491.1 9405.48 24719.6
251400 115369 13087.7 27561.3 14054.5 18758.5 13777 8645.44 37642.6
230737 96856.3 24982.9 43785.7 27169.8 50874.8 27472.3 22382.5 60029.9
355874 127042 59478.5 39707.3 26879.1 13860.6 10824.6 5667.29 11382.2
125318 132091 21124.9 54152 46678.5 52626 47018.5 26395.1 81554.1
337696 109850 43305 22853 9967.64 12395.8 13462.2 3913.3 13696
94465.9 180074 77916.7 69889.1 26200.8 27721.5 32194.6 17457.2 43008.6
235834 389762 61499.6 31898.5 32164.8 51398.8 52092.6 20270.6 69279.7
181496 387575 122019 60311.1 88572.5 45934.8 49447.2 29915.7 55505.5
225937 55695.2 25993.6 14965.4 13007 18213 15999.4 9344.37 26349.8
324519 117686 61536.9 55044.8 40690.7 31438.4 30216 16624.1 45686.2
203334 121809 62050.2 83293.7 25408.3 46252.3 39149.2 29771.8 75936.9
120534 71155.9 25035.3 25456.8 38091.3 26008.6 20592.9 8036.72 34646.3
214260 86306.7 60013.7 37847 32721.2 47716.4 31637.1 15825 40954.2
155039 60511.4 21465.8 28265.1 32586.9 25295.9 25826.4 18275.5 48311.6
322966 175999 92754.5 58451.7 64993.8 93221.3 91303.3 30422.3 102398
140070 33009.5 15418.3 18582.9 12057.6 11544.3 10786.3 5532.86 23862.8
160007 341089 88926.8 49464.8 45051.7 36436.3 39492 23735.5 59489.5
379431 193861 72321.1 55829.9 40255.6 34952.6 49770.1 25335.9 79547.5
166153 168574 41035.8 55746 22048.2 24747.5 23772.5 12723.3 35080.8
378932 44758.2 85770.9 48422.3 28408.4 51145.2 40791.6 24213.5 96217.9
268609 26949.5 102703 78603.9 45349.9 51804.9 45784.5 19348.4 72787.5
498290 73164.5 88314.1 35170.2 31528.4 31341.9 28714.7 13277.9 45375.9
143151 75027.6 96929.2 42294 29199.3 37191.2 24538.5 14429 40825.5
705786 83061.2 112240 85572.6 60728.2 52285.9 41069.4 22991.2 38722.7
512952 65480.9 94587.9 48601.9 52281.6 61551 44988.3 22374.5 76713.7
417931 71939 44486.8 47378.5 23793.5 28121.5 25395.5 10265.2 29507.5
348509 166984 16003.3 22639 17274.1 14728.2 13600 5436.35 33909.7
154994 111245 46499 24112.3 20508.5 31060.6 22046.6 11428.9 32451.4
319652 111434 28499.9 31919.7 21320.2 16256.7 23158.8 12679.9 36201.5
250034 84379.4 34456.1 15769.1 10953.3 16385.3 12709.5 7725.6 14073.4
1017370 50098.7 25363.2 16843.8 12794.1 9885.23 9704.6 6753.72 23050
645482 79921.1 38718.9 46619.9 30713.3 26385.5 36064.9 15751 39204
137122 253230 28859.8 38190.5 24669.1 31942.6 37049 17081.4 52629.1
402779 108652 66151.2 48992 14357 22275.5 13529 8441.41 26530.8
353688 106529 15991.1 11291.2 9219.83 14708 9170.1 10195.5 40321.6
125247 172804 43236.8 47696.1 45018.1 58989 50466.3 31244 82250.3
353328 171480 43555.6 48241.9 19075.7 22804.3 25029.9 13141.3 52139.6
225885 70823.2 58096.8 43577.5 22305 30701.7 34980.9 18689 52250.8
387111 328594 32880 46857.5 30413.4 30630.9 22345.8 8035.56 23889.7
390164 93013.8 31987.2 39863.8 23437.4 21646.1 26725.8 9788.51 38780.7
55119.6 69576.7 14741.6 34091 15966.8 13985.6 13329.3 8717.82 30513.8
288332 195663 102181 113385 65549.1 51260.8 54519 28004.8 66415.4
366340 50966.5 34407.8 28870.6 11497 11958.9 15457.3 7359.26 22019.6
269382 208975 92466.7 31942.3 26565.6 18864.1 14483.3 7497.88 24456.6
243383 62981 126751 64488.7 60563.7 70961.2 60467.2 35263.2 88900.2
263203 89297.9 76401.3 42805.5 30581.9 22073.6 27801.1 14122 32459.8
189353 74656.8 49837.8 29998.6 17040.1 17426.5 14127.7 8640.53 22632.9
239221 176412 72359.8 21252.5 27448.9 18228.2 21351.8 11578.9 46306.7
1339220 82231.2 54361.3 23451.7 27448.3 21737.3 17648.9 8389.43 34469.1
655794 86031 77869.4 32175.6 16560.8 21447.5 22314.5 13178 36328.1
264078 46121.1 62463 38120.2 33374.5 33950.2 28642.9 15114.6 47639.1
473496 78090 22397.6 31136 19209.1 14894.7 16088.7 9298.47 38717.9
188209 179398 27910.7 45423.3 18184 23895.7 22109.4 13431.4 32832.9
180964 98065.3 126742 56751 29883.2 26959.7 31246.2 25938.2 59601
195967 93615.1 39878.8 43085.7 20991.8 13992.2 20082.2 14050.2 46011.7
349782 58190.2 36637.6 35048.7 8814.82 14735.5 9083 6652.43 22603.1
58660.3 141554 64142.8 32641.4 18709.3 16689.3 21413 6508.92 35736.4
55879.5 124908 24807.5 31721 17014.1 22487.3 20746.4 9743.85 28407.5
283269 128170 125292 35105.8 42186 30318.1 31474.2 18032.4 43965.1
115004 44808.9 97175.3 26882.8 22645 39326.2 48549.5 25114.1 68583
505042 155430 63701.4 48152.7 31070.8 27209.1 22091.2 14514.3 41919.1
653187 130140 44211.7 41198.1 15530.3 22712.4 21079.6 14003.4 54762.4
461060 23789.5 71757.1 107594 28444.9 60951.6 29733.5 17236.3 72682
324958 97222.4 34084.9 28639.7 15015.7 16101.9 21365.7 10585.2 21262.1
1336700 181300 66890.5 100797 33671.3 40093.1 26905 13461 37460.6
520811 95477.9 75455.6 47110.1 42356.4 27058.1 28600 13976.2 48936.2
354243 144218 53432.7 48905.3 29299.4 65860.1 49445.5 26633.2 61740
117553 84961.1 38384.4 68228 30445 57954.7 40511.8 22194.7 54601.5
75876.2 73716.9 45530.6 50080 15192.8 13544.1 10510.1 7343 20458.6
1855910 106638 36026.4 80719.3 29364.9 26635.1 39565.9 20145.1 59432.2
262492 67052 34430.3 39190.9 18823.2 29425.9 26126.4 15819.1 39964.6
283407 117242 61077.5 29600.1 12759 15008.8 15590.2 14963.9 63748.5
182645 52246.4 54197.8 57735.3 12370.1 19578.6 16289.5 8408.52 24147.5
74437.6 85042 33653.4 19010.8 22160.4 22909.3 24237.3 12839.8 51421.8
272342 33398.5 40702.3 33315.3 17490.1 23101.6 20991.1 12856.6 32862.6
561200 228999 61186.6 21825.7 18234.5 21799.9 15253.3 11463.3 26724.5
219545 190391 29573.5 50753.5 20909.5 34084.4 28005.3 17134.6 58623.6
289211 111480 91288.8 40018 15883 23739.4 15665.8 9365.51 22741.4
431669 64300.4 54483.2 70837.8 43300.4 53204.8 44607.3 21778.1 52153.9
520294 87072.4 22155.9 44664.8 36913.2 24891.1 25259.1 17863.7 45690.7
280415 60779.8 23662.7 47792.7 19720.9 26288.2 21657.7 12914.5 36051.3
267303 243896 54979.6 53894.5 29022.9 38172.9 32015.9 19533.6 71939
179415 169774 54527.1 51862.4 26889.6 32286.2 37936.4 25101.9 66451.2
559214 82328.5 27173.9 25075 15684.5 16146 13105.5 8689.98 17159.4
141566 136202 62550 38735.4 22989.2 26299.8 25361.8 8165.58 32808.1
507118 43795.7 18430.9 19549.1 10821.2 10220.1 10414.1 6331.87 20910
126038 177884 35992 21001.7 13309.8 20530.5 16950.9 8652.42 22232.1
445460 75407.2 64349.9 73356.6 41655.6 49899.4 39174 16689.2 57792.7
166273 134964 34276.5 26590.9 15040.6 17126.4 18964.4 11919.6 47882
375272 50572.7 21706.9 33287.4 38585.5 35938.9 21928.9 14175.8 45511.9
444506 202406 32776.6 41431.8 24060.7 26953.5 20559.9 11115.8 28461.5
281593 193356 86073.9 67843.9 33001.9 34803.1 59678 28071.2 77621.2
332401 78966.2 63439.7 76862.6 33020.3 43008.4 26605.1 18281.8 35907.4
367940 121389 15901.8 39913 18869.5 14342.8 12365.5 4184.23 16220.9
113372 103043 31590.4 29886.5 23913.6 24906.1 23076.1 9675.4 20038.1
160171 61717.6 23331.6 49683.7 49240.1 34000.7 30588.2 17043.7 53296.9
318875 264161 46839.9 52526.3 27886.1 32798.9 37153.9 15350.8 29004
764921 107984 41618.9 36137.2 13918.4 21952.1 24950.7 6551.85 22969
203286 56078.5 68451.5 55839.1 31878.6 26137.9 20442.7 14972.8 46545
385652 221975 31248.1 20064.4 19023.9 12158.5 12403.9 6527.71 16813.4
441037 60788.5 43548.8 29353 23406.5 35445.4 21850.2 12747.9 31224.3
1246100 17775.8 58102.1 61263.1 48173.7 59631.3 42038.3 24702.3 55132.1
204775 80430.5 46707.2 32083.8 27672.6 24483.5 30838.9 20620.5 59107
108062 47687.1 20483.6 28431.1 10178.5 10754.8 14464.8 13486.9 31754
1015120 77421.6 44582.3 25895.8 18302.3 21855.7 16056 9429.5 40253.2
140011 123708 69851.6 34871.5 47200.7 36431.4 37838.8 16998.3 64000.3
319302 146516 176792 47010.7 44358.3 76012.3 58505.4 29833.8 94435.5
530086 42913.3 23643 40349.9 27886.5 27817.7 32696.5 15905.6 31016.1
660898 211898 91170.6 42095.9 60387.4 53902 64724.5 35512.4 80994.9
415789 101260 53929 55274.8 33973.8 37402.3 26376.6 13973.5 40056.5
309843 39568.7 68824.5 46514.8 19865.1 27813.9 20691.7 14088.5 43220.8
881415 63809.6 86107.4 61586.1 52230.9 52076.7 28910.5 15835 61851.5
413724 107505 46682.9 39881 20046.5 25657.5 28880.8 22043.3 55782.3
477119 80361.7 71851.8 39641.9 24006.6 27997.7 30661.4 18309.1 44890.3
1481010 80519.8 83948.3 59903.1 42321 40296.8 29182.9 17958.7 50267.1
370961 131262 58053 29717.8 32902.6 30434.2 39605 15821.4 43581.9
441116 88962 19665.5 32515.9 32054.7 20188.6 26475.9 11133.4 27182.3
388681 128215 50412.6 33693.6 25732.9 17318 18257.6 8870.65 27565.5
319393 65041 45311.9 80571.3 51461.9 57967.2 49819.1 25058.5 71865
401095 99303.2 147565 82747.8 28799.5 28848.2 38405.1 23946.2 67702
533535 33080.2 18040.5 40579.9 16258.6 11862.4 12230.1 5287.83 20273
249437 108933 59169.5 94925.7 78857.9 81693.8 65508 30346.1 95230.5
360803 73203.1 22400.9 27949.2 20189.3 24348.9 18889.2 14350.4 68105.1
482413 396231 55509.5 34014.9 33374.9 40679.8 35349.7 19904.6 56082.7
224003 88561.9 45272.4 22105.2 15755.9 9990.6 10919.7 6169.89 19106.9
322086 114099 122267 39070.5 24105.1 17703.8 18335.9 6259.55 27732.9
226520 248178 48910.8 63743.3 33438 46562.4 47361.2 19984.1 55827.2
889021 74366.4 55950 51415.1 27230.5 32870 32562.2 23101.3 64827.4
798526 446157 34552.5 73717.4 32157.5 45306.3 43348.9 34311.8 88552
173364 93624.6 29084 82345.2 42016.4 32070.2 26399.4 12803.2 31217.7
461552 162407 49030.5 58262.1 40679.3 32483.9 23118.7 14110 35250.4
292144 46826.6 25580 28207.1 35873.6 42947.8 34905.6 17584.1 45462.7
191712 137287 45746.2 25254.1 21320.4 11360.3 9080.85 6172.51 16338.8
317029 205967 61233.3 42500.5 31359.8 47568.7 33316.5 20173.8 74387
379165 68391.3 62759.8 21924 30286.1 15247 20361 10731.9 40655.5
371187 198223 75718 80496.9 33591.3 41085 43871 18782.6 57127.2
219495 218385 44244.8 37238.4 14979.4 19670.2 17791.6 8584.56 25574.7
766509 250368 29764.9 50017.9 25644.7 31214.9 22025.3 14253.6 39130.7
85262.6 80843.4 33000.6 16791.6 21692.6 18073.7 16252.5 12356.3 43088
461492 64099.7 47209.8 36070.3 39721.3 35783.6 30742.5 9959.43 38295.1
279813 81678 39224.2 20445 17587 17857 12464.2 5741.4 17916.4
405975 25132.8 24230.4 18067.1 13436.9 15366.9 17868.1 17365.1 54282.1
347531 204380 58332.9 77191.4 30238.2 37913.6 30435.1 19739.5 60594.1
312543 90444.1 31856.2 43353.7 23647.1 14913.4 24614.1 9153.25 36255.1
48739.1 15484.6 32890.5 42183.3 18542.4 18682.2 16282.4 9361.47 31497
365278 210863 35322 53855.5 51017.4 43193.1 41270.1 22642.7 55863.4
213022 60657.4 24717.3 53962.7 14827.2 18617.4 25970 14789.5 47838.8
834571 492420 58512.6 32778.8 49971.3 24932.8 29979.9 20907.5 65596.8
85022 57148.7 41859 31783 29932.8 29453.6 21661.1 14948.9 32022.3
602313 145307 83802.4 88489.3 27195.7 43783.6 35613.2 11214.3 44925.1
103177 78005.4 63484.1 83980.4 64275.1 59319.2 75568.1 28011 56683
410909 74340.7 94433 140092 52783 70935 52312.1 37465.7 66747.8
446610 57423.8 22282.4 61470.5 31499.7 39249.6 33660.5 18539 36301.2
293019 59737.3 22007 26249.6 23710.1 13624.3 23965.2 9983.26 35445.1
446419 95454.4 46497.4 30174.2 25355.2 24560.7 24575.2 21542.4 54330.5
255088 673743 36157.4 73334.4 38278 44376.4 31900.7 25071.3 60977.2
332972 124051 47225.1 45736 28041.4 26581.1 27529.5 16222.2 43991.3
667067 36010.9 25708.3 20275.4 10795.1 10105.8 12217.5 5732.41 26629.5
154645 79932.6 59815.1 45726.7 33638.6 30511 25417.7 11511.2 39260.5
424398 80367.8 37972.4 36645.9 22905.8 20402.7 21769.9 16971.3 74479.3
1054980 84394.6 28166.1 13595.2 15746.1 13723.3 10655.4 7792.15 20291.2
169461 112689 49964.6 48565 28707.2 48824.7 25589.1 20396 66982.8
565004 288911 45304.8 36474 18048.6 28923.9 21458.4 10938.7 33117.7
231079 59178.8 28381.6 40605.7 24653.7 32791.8 30429.7 15705.4 35746.1
107961 45538.7 68197.6 67326.2 53308 41485 36388.6 16835.3 68965.8
186871 88735.8 20625.5 15494.7 16194.7 11892.8 10514.5 7017.87 25607.1
601429 61986.8 35323.4 24726.7 13288 15731.5 16899.2 12505.5 40190.6
216497 66666.4 36745.3 16497.4 15870.8 13096.7 11962.8 6224.45 24889.4
70423.1 193213 129230 66125.5 42778.3 61368.7 59377.7 23189.9 78256.4
376498 42122.3 28200.6 26385.6 19811.9 17847.7 15011.4 8703.16 25025.2
348197 56666.8 53748.8 69468.6 33592.4 27643.7 29513.4 18116.1 37737.8
150986 139075 147078 32488.4 23198.6 36461.9 43091 19168.1 44691.2
263349 112194 38707.6 36032.9 18843.3 15105.6 16705.2 8935.94 37240.1
826528 83345.4 47495.3 49280.6 38176.2 48477.5 33170.2 23343.8 65412.4
138065 89058.5 48923.5 19318.2 8264.99 10931.3 9799.96 4211.69 19584.6
137036 159640 75197 46295.6 52464 18318.9 26386.6 11289.8 47096.7
190688 88910.5 92287.2 74219.9 18448.1 34196.2 35358.3 18166.5 55667.8
841280 259842 75828.1 84329.2 45097.5 31556 25315.8 15503.5 35480.1
107194 71418.2 58140.8 31320.6 15618 14672.9 17181.4 6863.56 30415.9
276993 38380.7 58162.3 56476.9 26342.4 29421.6 32081.1 18936.6 36057.4
277838 99638.7 89825.5 38170.1 47203.2 54585.3 53686.2 23003.4 60598.2
160993 66287.3 63458.1 29001 12617.1 15825 12946.1 8657.06 22257.6
831847 134192 90644.3 129726 56004.6 57282.3 50681 36651.1 67980.8
632547 197969 164028 136933 69380.5 62159.6 39073.5 33606 99933.3
338605 172723 58958 39441.3 29813.4 32978.5 41429.6 23603 81815.5
196848 22306.7 48618.4 21118.3 24288.7 22470.9 21206.6 12605.2 42704.7
240760 99852.1 50937.9 32183.2 13985.8 19036.4 15177.4 12472.3 44861.2
529866 60734 43523 62496.6 55388.8 66834.4 65975.1 24757.8 69637.7
342676 69770.2 47507.2 62148.2 26629.4 34408.4 26438.4 19926.3 60866.7
383867 80401.3 16292.5 10022.8 7890.08 10852 9008.11 7386.9 30443.2
705061 144539 59478.9 49589.9 30288.8 28658 33095 15479.9 48587.8
266754 83213.7 56074.1 88599.3 31878.2 38299 43715.3 22896.9 64998.6
80119.3 40876.6 15156.6 15194.7 12798.8 12257.1 12547.9 9620.9 31955.6
317167 306530 57999.5 48008.3 15163.7 26946.4 23691.8 13044.7 38117.2
166896 178027 25508.7 27142.1 9618.85 10828.5 9411.71 3787.99 17166.1
262989 112375 28966.7 25913.4 39000.4 35481.7 26166 14926.7 43051.2
442515 103890 52817.5 49680.5 21332.4 18860.4 21333.1 17335.8 48352.4
118761 187680 72774.1 50479.7 26861.2 33880.8 25475.9 16707.7 48822.5
988985 104082 10152 63822.1 18929.9 24480.4 32262.6 16122.8 38825.8
293012 84557.8 18145.3 37737.2 26031.1 31325.4 45059.5 29908.8 78165.8
34008.4 51290.9 13492.5 20449.2 16349.9 15986 15646.2 8699.85 30110.1
71426.4 191071 54243.1 46199.2 26433.1 32326.7 26481.3 14604.2 38720.3
260612 75046.8 46171.8 70103.3 34903.8 33940.5 38831.3 24115.1 62984.1
101091 91911.4 55220.4 50362.8 42741.1 58710.8 42672.1 26225.8 60219.1
828409 128343 52136.4 71831.1 37476.2 33669.8 32242.8 19073.2 49236.7
147317 97070.6 60274.5 42949.6 26272.9 27640.7 24239.5 13931.4 31619
73484.7 191803 25714.9 41505.7 20528.8 23878.4 21698.7 11972.9 26979.1
427576 74815.1 56132.3 44640 36080.3 32012.6 24430.7 18842.6 47551
1149700 151688 63391.7 95372.6 51838.5 34875.1 50145.4 21848 59684.1
181314 261597 90856.7 86224 66753.1 65760.9 77538.3 37178.4 99521.5
1347610 126854 75629.8 30886.2 17235.2 24030.4 17113.3 5786.07 24391.3
256102 120599 15540.5 19911.5 9233.58 8870.3 9743.85 6180.7 25538.7
160202 52982.1 44154.6 71231.5 27383.9 27780.4 22809.4 13883.8 35290.1
201851 95037.6 29635.2 35519.2 23816.3 22258.4 25767.3 14618.9 31514.9
261392 236144 62421.7 79012.2 26473.7 35553.5 39174.2 21889.6 51785.1
349670 170585 64348.3 78159.4 32098.3 48555.6 35511.6 29766.8 67346.6
285848 174030 31139.2 39500.4 22473.6 17613.2 14893.9 10136.1 31177.1
125257 152865 22619.2 32008.8 12019.7 16387.7 7313.67 4469.64 19370.2
522703 98419.1 18614.2 35016 24559.1 33631.8 19778.7 12028.6 30957.9
597584 314055 147393 81324.6 66509.3 96418.3 75133.8 52897.1 98066.1
422877 86542 22406.3 56914 23619.3 20871.7 17978 12132.8 32019.1
332059 93949.6 60398.2 20243.9 18731.8 21376.3 15973.6 9420.31 37942.9
627057 33504.7 57092.1 63563.3 27682.3 27258.5 17189.9 11376.4 26861.9
243285 278417 32254.3 62084.5 47396.7 40220.8 48287.7 25764.4 70921.8
135416 68770.7 34150 35029.7 15080.8 11577.1 12657.4 5406.2 21495
337009 22716.7 59922.7 44591.7 24860 35971.7 41622.1 16837.2 57018.3
1077120 275708 56055.1 79446.4 51055.3 48931.1 60209.4 39062.1 125372
753189 205601 103945 112210 35979.2 40489.1 34676.2 26131.8 57030.2
255182 81506.3 53674.3 65425.4 23095.8 50483.5 55810.3 27392.9 95751.7
224204 194063 26439.6 51601.1 25248.2 28166.7 40559.4 20976.5 57466.9
143116 132120 42478.9 45296.6 29487 43707.6 31020.1 12760.2 52095.3
90857.8 97619.4 52744.6 44539.5 29107.6 33905.5 22671.1 12884.6 34355.9
341910 77908.9 52022.1 55495.1 22887.1 29317 19619.4 15015.1 32713.8
119358 385655 35203.4 52250.5 35706.4 37046.9 23757.4 11107.4 37339.3
237566 85557 45357.2 18130.5 16146.8 10670.5 20389.9 8662.13 32766.2
400714 121223 38471.2 37509.5 33686 24856.5 24818.5 11428.6 33218.2
322778 104711 35509 32731.5 17251 22477.9 19055.6 15044.3 31315.2
247977 269351 66273.5 39539 50644.9 43185.8 48940.6 25034.2 57264.8
118334 62589.3 6615.07 21660.2 11377.1 9632.87 7465.85 4555.33 17607.6
308434 99128.2 20359.4 42806.4 14149.5 18329.9 19709.1 11011.6 29172.4
1803910 150671 52540 23718.3 19323.3 28447.9 51132.3 22771.5 63124.3
1136120 75934.7 31198.8 28560.5 38609.3 28160.3 30736.7 9222.25 28174.3
269971 172430 70498.4 23356.8 21645.9 22406.2 23656.7 9207.5 48329.4
410293 81194.2 39361.2 62742.5 39032.4 28636.1 23820.9 14969.2 53953.3
680407 44203.7 32715.4 63963 26774.4 29691.4 22682.9 13905.9 31637
579369 51735.3 62207.6 44494 24209.1 46734.3 21310.3 16786 37085.9
421777 44957.2 61613.1 66398.8 43295.8 63700.1 51301.1 25754.4 79121.2
222833 55653.3 29192.4 26575.3 15871.1 23484.5 16416.3 9213.91 29092.6
367236 330428 98553.5 69099.5 49059.6 36565.8 38645 27414.6 70784.9
108477 80913.6 35797.5 35306.4 15420.7 11920.2 10986.9 5388.82 31441.6
508729 39767 68823.7 26467.4 50822.8 56628.8 51392.3 23882.5 92679
247959 87883.1 81168.5 62888.2 26610.2 35141.4 20036.3 12895.6 34183
67361 122313 66991.3 49093.2 42842.8 45067.6 58144.5 30124.2 71960.2
148757 82831.4 32290.7 18686.9 8911.54 15027.1 12975.8 6606.13 30689.4
131855 87026.7 21953.8 55567.8 26195 38103.2 28946.4 17521.8 51945.9
312830 191685 34491.2 35874 19900.1 29976.9 17289.3 8934.23 23782.7
309539 138510 72186.8 52951.9 14294.5 22862.3 24654.6 10428.3 32214.8
72253.9 166450 74496.2 27524.6 19579.3 30912.7 25672 13899.2 33867.1
777226 184061 87995 59951 64651.6 66122.1 51963.1 23033 62730.3
150233 108996 25688.3 21231.4 11544.8 23501.5 12896.3 12614.1 40940.7
469779 182102 29438.5 52265.9 32795.8 36107 27500.4 15902.1 40058.6
679605 279159 42623.6 27927.4 22747.3 21502.5 26349 16275.2 42725.7
241289 35080.3 52031.5 43176.7 12109.8 15111.6 16041.5 9673.42 25175.6
432806 302606 73066.2 71152.6 32442.9 58087.9 68705.7 27187.9 89588.8
238098 42761.2 44478.5 24002.1 20743.3 16987.5 18379.6 9914.37 27469.8
258558 163673 47571.3 27041.8 26662.6 30849.5 19033.3 11095.6 41462
117479 78498.6 35608.3 75828.9 21251.6 40076.1 44431.6 23511.7 55546.7
559931 271640 32923.8 26742.3 26941.7 19537.8 14772.6 14122.1 45032.3
837302 550522 71484 54535.7 29704.2 27007.8 33574.4 15963.2 43019.9
233256 53687.6 50539.9 53200.8 24765 19022.7 20887.4 12574.1 38978.2
122674 44878.2 40801.3 46554.4 28958.3 23927.6 20606.6 17115.4 51401.8
221022 132223 39179 41205.2 30793.3 43643.3 40541.2 16270.1 50904.8
465779 54277.8 33631.5 33128.4 14164.5 17614.1 24278 13571 41299.7
949694 79296.1 44999.3 27654.2 15594.3 17816.6 19944.6 14183.3 47183
474709 455969 61323.7 65710.2 52817.2 49096.5 76900.8 36985.3 123138
356677 129693 28274.4 51745.4 22358.2 30930.4 19866.8 11305.7 34228.5
238205 91310.9 63251.4 18632.1 17780.9 11222.6 15870.8 6234.84 23174.8
464588 58743.2 60646.2 19466.6 21827 17873.2 16622.2 10625.7 31847.2
630936 82421.7 36438.8 13963.2 9075.11 9729.42 9172.72 7074.26 28948.3
382997 28052.1 33085.5 34543.3 11329.1 30054.4 21330.4 16318.3 61771.8
43106.1 110451 55344.6 31818 16404.2 19716.1 20561.1 10773.1 31378.6
753972 261704 254372 133033 75676.9 81998.9 86897.9 48865 129599
78162.1 118975 41789 27766.6 63537.3 37587.1 60379.2 25874 81178.9
138839 158607 77646.7 39117.8 23896.4 21016.5 18828.6 12515.9 34501.5
2069070 182667 96219.2 100119 24693.8 56550.4 52525.8 29663.2 49729.4
378282 47315.9 60193.8 25289.2 22664.7 12682 17133 8637.15 32229.8
466689 73486.3 81004 145950 50135.1 76340.2 69977.5 50485.5 84931.7
195854 39674 58613.8 24906.9 16010.8 22143.7 36565.1 10600.8 37029.4
373365 54091.2 28308.9 46790.5 21906.3 28580.9 18823.4 10415.8 31109.7
219068 81213 25864 31132.7 32837.3 45421.3 40987.7 15278.7 48637.4
220062 98068.4 91993.7 48353.6 46765.5 43739.5 47204.7 18959.4 52205.5
90567.3 112999 45289.4 36262 25478 31012.5 25429.5 14522.5 39002.5
677578 74470.1 60911.7 40031.8 24507.7 35199.3 46380.5 23880.1 76721.4
507298 138240 40413.3 84713 42569.8 34584.9 29542.7 16272.3 50549.3
635942 186891 52924.9 41734.2 17174.8 38435.5 47478.2 22071.7 69926.1
903327 151506 33378.9 82648.5 24756.8 36305.9 34032.5 15441.1 46968.3
307605 77698.6 38988.3 13105.1 7569.73 8376.22 7831.52 4501.62 26753
799751 120448 39787 46296.4 22150.8 24773.7 16190.2 9035.38 19732.9
285307 289009 31654.9 38701.6 18316 30813.3 18762.3 12693.9 33564.9
161406 111213 38841.6 57066.5 38713.6 35338.9 28774.6 18071.9 42944.4
446848 59226.2 44710.7 25325.8 21658.7 23260.1 22802.2 9917.66 28111.9
238908 208677 43709.8 60228.4 54763.6 45827.7 28748.1 17555.2 53214
256463 104751 19321.1 19277.2 26111.4 20449.9 21085.7 7713.79 27069.7
471339 66172 49211.3 39938.3 17442.3 17108.2 22681.4 10688.9 41286.4
251793 424134 115106 155196 74218.8 94675.1 90259.4 45733.7 94183.1
76918.5 68840.8 84053.2 43906.5 18874.1 18142.6 15340.6 7441.89 28422.9
955898 274205 92132.8 69466.5 36823.4 27750 48846.4 19677 80925.5
1137830 66759 14952.5 15539.1 6698.51 7259.12 7051.06 3713.92 7132.35
166872 32061.9 48193.5 27525.6 41533.7 39909.1 35905.2 23620.3 72769.1
1109670 128140 56003.5 16379.3 31645.7 28197.5 22069.7 15200.3 39818.8
356043 171592 36025.8 61494.7 23949.1 34420.1 22872.5 13408.3 42620.5
349782 58190.2 36637.6 35048.7 8814.82 14735.5 9083 6652.43 22603.1
141809 96434.9 35088 9689.29 10473 8816.05 6525.61 4924.93 23371.7
49615.7 143047 12411.4 21224.1 13323.5 11924.8 9949.86 5699.73 26004.4
485125 192820 84804.6 78490.1 32621.3 49654.1 29977.3 14831.3 46512.1
200389 90916.5 15455.1 18979.7 8892.26 20249.4 14079.8 6381.48 31857
682187 58179.1 31562.2 56367.5 22721.6 17035.5 26572.5 17511 55228
308258 130445 42549.4 65291.9 18226.6 20991.9 22842.8 10529.4 37313.3
492383 265598 61428.8 71042.1 47484.8 57981.7 46242.6 15391.1 54108.9
113610 91636.8 18813.6 50935.2 14753.2 33759.6 24498.6 13708 67615.5
470391 325536 121542 78190.6 40380.1 39048.6 51963.9 34363.7 77134.9
224877 52663.6 51242.2 50234.4 25872.5 32798.3 30392.3 17279.2 57957.3
595066 235880 29277.7 45778.4 34427 34014.4 37591.1 19401.3 39265.3
200141 49507.2 46879.4 37535.8 24763.8 16062.8 23151.5 11970.3 33851.6
612618 114570 74991.1 24305 39750.9 15537.9 17799 8306.76 31422.3
121107 112944 136733 107303 17035.8 60303.3 28119.5 18789.6 47158.6
305896 172446 78061.8 37555.9 45060.1 46635.9 33660 21561.2 60843.3
781021 134320 45366.5 32847.4 51697.5 36498.5 35801.4 18082.9 51248.2
337572 42271.3 53568.9 66354.7 31691.2 38591.6 31216 22267.7 57056.3
207815 195742 48812.7 29325.2 20977.6 21207.1 25268.5 15416.8 38655.3
44449.8 43473 147840 71861.9 19360.7 28202.2 21805.6 15411.5 44270
166872 268036 92916.5 92872.9 30220.5 67522.3 80537.9 29707.9 112401
1006310 42483.6 25323 27051.8 7720.77 10302.2 8056.69 4228.95 12318.9
450877 79957.8 106477 154051 42042 49519.4 42789.8 30229.1 55087.6
270551 138126 22482.3 42082.5 30816.5 31834.1 20948.2 7353.5 32009.8
631239 336106 25843.7 54101 31055.8 28237.5 22040.3 13075.3 30696.4
198509 184019 34685 18760.7 12176.6 13406.3 12710.3 7163.31 27627.6
399185 538001 23866 58939.1 46786.9 30079.7 33554.1 20741.8 47864.7
618197 232316 35759.4 109656 110249 104061 124711 78651.6 171751
93493 128715 42986.3 39801.1 35267.9 32271.9 35430.9 15950.9 40466.4
586926 87409.1 45917.8 33513.6 41542.1 18200.6 18886.6 9467.55 24383.3
51236 76959.1 64491.1 35845.3 18669.8 17943.5 20550.5 9321.26 29399.9
243027 184746 59838.5 22264.2 31296.9 44201.5 37307.4 20466.5 61901.7
366230 12532.7 31235.2 53267.5 8551.55 15379.4 11385.7 6232.37 18926.6
498099 67108.9 93567 99739.6 38640.7 32970.6 37887.5 26061.3 76342.5
166052 179338 20196.5 82653.4 49073.9 40674.3 35238 20477.6 43053
327338 108811 27184.5 16629.3 18113.2 24899.6 17769.1 11029.1 50721.2
240661 28009.6 30501.7 43415 33860.1 40878.5 40635.3 21409.1 80027.3
388085 103961 34653.2 48984.7 17663.1 21540.6 17414.7 7669.58 25450.5
643415 127279 84620.4 47915.2 17479.7 16756.7 20780.3 15175.3 37648.5
146620 80172.8 33643 34367.9 18833.4 24103.6 18288.7 12894.8 37094.3
539059 85690 35194.4 24096.3 10538.5 19579.4 16577.2 11845.2 37705.3
457900 105571 65944 84272.8 31624 58606.1 42160.9 18731.1 38986
226127 39574.4 49526.1 98436.8 45201.5 73543.4 67873.9 46139.9 99249.7
210779 205885 55959.4 88129.9 31834.6 31856.2 30694.9 18033.6 47188.8
309305 142755 80291.3 83426.1 60389.6 66390.1 49171.4 31000.7 84278.7
139178 111826 41895.2 60231.5 19779.8 25212.5 20015.2 13873.7 39110.2
246293 50713.7 28224.5 17854.4 17033.4 16231 19168.1 10875.7 39749.7
352856 187872 18863.6 16334.9 16884.5 15405.2 13685.2 8764.02 31077.1
431999 45807.9 38625.1 61383.8 39382.2 21315.6 29303.2 19144.7 62112.1
441625 117254 83626 72297.5 42523.9 58631.7 48775.6 30407.6 80759.2
231408 82623.4 33919.1 26384.1 31410.5 14019.9 18717.9 7420.52 21900.6
210532 180394 47282.1 43689 32771.2 47110.4 38445.7 24549.6 71974.3
234815 56977.4 77483.3 46905.3 27678.5 30492 26740.4 14528.2 28509.8
242739 60480.7 75005.4 43074.4 16290.3 51171.4 37097.4 26317.4 75257.3
104269 43498.5 63010.8 34895.7 20635.8 28232.2 25524.8 12363.1 35994.8
442596 50488.1 27292.3 39488.1 13680.6 18159.6 22886.4 11040.3 29063.3
809909 155427 71908.9 66452.6 48210.2 59246.4 45186.5 20803.4 59382.4
557745 96608.2 28993.3 60584.4 23659.6 36295 34828.4 18132.2 47082.8
232990 73403.4 20951 38421.9 20932.4 32577.2 21336.4 11899.3 32857.5
117154 188015 44109.6 43592.4 14434.8 20986.7 15585.7 14309.4 31029.3
542300 158889 51402.5 64250.1 37809.1 32008.7 34886.4 16809 46915.9
342030 154250 44992.9 37368.7 25886.6 32564.5 29952.9 12294.1 63396.1
237882 120253 72441.2 22716.9 18360.8 15236.4 22175 11094 31553.7
1699050 120638 41507.2 64495.4 14729.6 26369.7 21500.5 16077.2 27617.8
233280 114131 74604.3 65330.9 46123.8 91855.1 51974.4 35467 84224.5
124214 69661.2 47594.8 27736.5 12100.4 33328.2 41376.8 13537.1 46200.1
497930 206106 48399.5 35247.1 32890.3 41550.6 34962.2 18131.6 62198.7
363704 101698 61925.5 43176.4 43885.4 35166.9 39726.9 21038.2 43198.6
380100 123697 7271.56 15405.9 8904.74 7845.78 5446.91 2935.67 11468.3
344571 45188.6 27791.3 60366.3 15140.1 26786.7 25631.2 10115.9 30949.1
379191 97204.5 24043.2 86943.5 18909.3 26329.4 43408.9 26994.7 55589.9
277554 220112 139305 99898.3 79519 58156.3 48902.5 27232.6 80966.4
187652 162764 57304.4 52025.5 17148.3 20613 19250.3 8435.98 20041
1328110 165215 83342.2 111749 37391.5 51482.6 49631.6 32021.6 88170.4
138641 82162.4 37295.2 35544.3 21626.5 28095.4 23250.3 16468.2 48891.7
95258.3 51821.6 50729.3 57296 64419.7 41070.8 46257.3 17932 47611.6
270858 24172.3 9321.24 24315.2 15553.5 18869.2 13286.7 10701.6 23152.3
318060 144727 94398.4 61588.6 35416.1 46473.5 39163.9 26977.2 74009.7
1093980 76999.3 89693.1 21696.7 29369.2 32710.2 26165.6 15379.2 35798.7
461552 162407 49030.5 58262.1 40679.3 32483.9 23118.7 14110 35250.4
194163 98268.3 40886.3 55987.9 26780.7 20660.4 15309.3 5331.04 22639.1
294854 121268 99778.4 47592.1 45146 41149.2 43728.1 18350.9 42707.4
233838 111405 49179.6 33392.5 16616 22633.3 15195.4 10499.4 28939.6
328528 176475 41125.3 70376.6 27118.6 35756.8 43910.9 16479.6 38494.6
317669 51447.8 21764.4 23421.5 13695.5 16948.9 15130.3 7445.46 17635.2
317309 86667.2 8547.72 18535.2 8899.83 6138.87 8035.85 6104.82 18120.5
166129 45585 80789.7 47778.5 21958.3 25186.4 40744 22015.5 59928.5
644225 152077 57620.2 18045.8 14570.5 13488.3 13189.4 6079.58 36574
536687 109168 61871.5 51535.5 29014 33650.4 38065 16718.1 57841.2
357460 143762 63180.3 39816.2 13617.6 24764.4 24006.6 10086.4 22765.3
451493 73727 90480 72555.2 20034.1 29698.5 23911.7 13365.5 29044.9
428003 309661 83513.4 69286.1 44658.1 37977 39393.4 20226.3 59361.4
602942 239803 29371.3 17897.4 22181.1 21348.8 32783.3 15926.5 54509.7
618320 34534.7 69046.9 65660 40599 31935.8 33287.9 16346.9 53264.4
211736 90471.9 17004.6 40689.3 19722.4 28344.3 22864 16009.1 50058.3
268678 59201.6 32693 54545.5 39413.4 19176.7 23096.9 14222.9 51123.4
213499 151249 25861.2 32342.8 27433.2 19480.7 19098.3 8210.68 22484.9
642929 27789.8 50869.7 64046.2 24760.4 16704.4 20206.8 8372.36 28161.5
626860 166989 24035.9 11952.2 7956.97 9247.18 10724.9 5112.48 21764.1
798540 180711 49727.8 42468.6 43613.3 33269.2 46733.5 21694 64318.2
936722 165800 71134 35368.3 23307.6 20685.2 20488.9 11153.5 43966.8
250773 128109 25231.4 39362.7 11476.2 23671.5 17392.3 11237 34905
425546 96693.7 39800.1 60667.7 34454 30290.4 39812.9 21956.3 53485
