430725 73662.3 18963.3 36986.6 19270.5 18711.9 15986.8 7606.94 22275.2
395751 64538.5 30547.1 39302.8 19029.7 17952.4 15212.5 7694.88 16093.4
449068 76783 20811.7 23355 11839 17374.4 14305.9 9245.04 25543.7
526588 177066 158785 97651.3 78736.9 56492.9 48318.6 38569.5 75253.9
486223 180395 139735 43785.6 30132.3 41915.9 24891.1 23979.3 51298.6
386290 68667.9 9974.29 9659.26 5185.6 6141.24 5679.66 3126.45 5388.58
507025 285724 110359 71579 54816.5 61131.1 51778.9 36593.5 65295.5
430834 27667.9 42898.8 38576.2 42958.3 24078.6 20282.7 12106.7 32624
474558 82323.8 109094 65030.1 48660.1 39734.1 36562.7 15497.2 65925.5
462301 47944 88325.6 41172.2 45806.3 39425.3 40454 22755 53588.7
490931 282840 117697 111999 34806.5 30991.6 41306.1 21032.8 52065.2
468954 106771 59364.5 50047.2 23826.1 28609.3 40299.9 24694.5 32805.7
497861 102794 72157.4 73083.3 38807.8 35254.4 33041.4 23240.7 60299.2
479816 84396.8 73207.6 30811.9 20228 19460 19911 13208.9 32669.1
466223 169388 55677.6 74446.3 41672.1 54904.5 55850.4 21728.4 53012.4
435019 52997.1 26177.2 22951.7 17818.4 16415.3 19979.5 11504.7 23586.7
458973 313092 30611 50008.5 34740.1 44350.3 42637.6 23994.1 56172.1
474379 154795 21154.1 37312.4 39086.5 24086.6 25471.2 12276.4 41746.5
431615 83555.9 27858.7 28793.6 16722.1 22708.9 21847.6 10844.2 32366.5
465096 207624 19538.5 36779.2 12012.6 11433.1 12751.6 9794.16 26997.4
428787 48627.3 41007 23621.1 13085.7 13247.2 11814.5 5518.48 26150.8
433062 72572.3 20265.9 40513.7 15528.9 23292 15787.6 8953.96 30487.3
434391 22701.3 38185.3 14034.6 21135.3 15177 17025.7 10136.3 24615.5
444086 96748.7 43722.7 15883.4 16851.5 18936.3 18149.8 11225.9 30473.1
439544 115908 27205.3 43951.1 19380.1 14691.2 14306.5 7442.46 20571
471229 136826 36967 53467 41856.8 27824.9 31052 15715.4 44985.1
475548 80285.5 37947.9 49120.1 29284.5 18538.2 20892.4 13451.1 42131.2
454623 141741 35900.6 53978 24855.5 24077.7 47165.6 21253.4 42502.7
559659 81469.1 48483.2 65424.6 28807.1 36254.3 40098.2 27577 87899
421482 62268.2 58729.3 71014.7 43540.2 41663.5 37628.5 22915.2 45670
466489 357264 23709.3 56195.6 34905.8 25635.7 32161.7 10437.5 36087.5
433797 104302 32142.9 40754.6 15361.5 26640.3 21485 11121.9 32970.7
456471 49998.2 54511.5 47431 34817.7 29162.2 25419.7 12016.7 35087.1
473395 90483.4 53696.8 37038.9 45862.3 32685 37751.5 21714 53608.3
463910 137582 70815.9 43994 18986.8 17390 19419.9 11318.8 33443.5
579330 374830 76970.1 54911.8 55481.5 82244.1 102866 38102.6 129683
422103 18731.8 19705.6 26721.4 15163.2 14728.7 13531.3 6804.89 22837.5
499709 88910.5 54413.5 61379.5 31111.5 33423.6 40818.1 17849.5 62110.6
497238 181525 48689 89999.4 42846.3 41619.4 34409.1 24094.1 66465.6
448039 112304 25547 40684.9 28474.1 22144.7 16141.6 14673.1 38872.4
440626 126019 33612.4 32223.1 15526.8 18786.9 16678.7 9029.48 35017.1
475073 57677.9 43388.2 33325.4 21278.5 24721.7 26413.8 12059.4 41482.4
470193 97206 76208.1 98051.2 37510.4 50977.7 54411.4 16916.2 51202.2
443079 101475 46265.3 21251.4 7729.55 7109.35 4238.7 2960.16 11561.3
446560 73271.9 55284.3 37519.5 28041.7 26815.3 17089.5 12573.5 30972.1
505729 109443 45621.1 67759.2 28604.5 33865 39303.9 15664.2 59366.1
471417 88806.6 57667 50304.6 27652.6 35905.4 39897.5 18536.2 56349.1
463663 169566 39249.7 46213.9 28313.7 35537 23382.4 12191.9 25598.5
474398 212382 133868 78262.5 60847.7 50290.9 35672.5 28151.5 59157.9
487920 248551 64712.5 83163.3 62751.6 36312.4 48719.5 26535.3 60582.2
417143 229076 80080.8 24047.1 10866.5 10657.7 10133.4 4073.74 11068.1
450618 53630.4 23868.3 39037.8 19975.1 15206.1 19560 12291.7 36505.4
455702 152310 53122.5 54735 26464.8 27525.4 30109.3 16876.3 37458.5
436393 101080 109272 32155.3 43827.2 36314.5 33460.2 19573.9 42552.5
461585 104034 75836.3 22269.1 15093.6 18869 21548.7 15136.6 35664.3
470358 162528 18873.5 24192.1 17371 15965.1 17675.1 8820.54 33517
444643 73040.3 33056.7 15609.3 7642.07 13412.6 12048.2 6522.37 30410.2
462269 56967.5 49427.6 70821.1 41472.6 35459.4 33023 24205.4 42128
449219 286969 40846.3 51946.9 17844.2 18379.6 16242.8 9986.71 35362.6
486127 86923.1 95365.3 38255.4 19946.1 23813.8 31590.8 19593.5 50396.7
428243 78609 63245.3 45470.5 13570 15952.1 17709.4 10466 25538.1
524128 78490.5 76720.4 43293.6 37601.5 39532.2 48660.7 26842.9 74360.4
438217 28557.9 19235.6 23281.8 11057.4 12874.8 14156 11122.6 36838.9
449201 70223.3 106262 31912 18976.6 37862.6 27664.6 14714.7 36568.5
457040 57889.2 54596.8 34402.2 45832.5 28897 34237.5 12313.2 40034.8
409463 20344.7 30352.3 37051.5 15871 17951.3 17042.1 10740.5 27804.1
449541 78385.3 34312 40172 12076 15397.7 13868.9 6265.57 17118.2
431523 53616.3 79543.7 28166.7 9147.89 11207.2 12022.5 7810.73 22209.3
434374 67271.5 39275.2 30393.1 24111.3 19036.5 17140.2 10239 29496.6
399123 66317.6 21858.7 12868.5 14811.6 9353.57 8880.97 4028.97 12168.7
437006 49540.1 20598.4 22744.6 11609.2 19875.8 14606.7 6975.58 23552.3
422525 94975.8 17527.9 42822.4 15613.4 14943.9 17172.7 8242.64 20629.5
489036 104079 57342.9 46088.6 44453.5 44791.8 46731.6 29628 82212.3
417836 38758.1 33972.6 17340.7 20273.5 15359.1 13964.7 10897.7 25487.5
462239 49219.1 39819.2 43128.7 24996.5 23012.6 25531.7 12499.4 45359.2
425886 88107.1 20231.4 12228.7 9138.8 10983.4 7881.4 5284.49 13826.8
470741 52830.5 57300.6 34825.2 33635.5 23087.4 28460.5 19275.3 38471.3
483373 59240.4 45897.3 40836.8 18073.6 24123.3 31081.4 11930.7 43459.6
527836 189870 90632.6 80576.6 58555.3 46129.9 49677.8 24511.8 64456.1
409327 48289 29439.7 27795.8 11810 13895.1 9106.41 5686.02 13478.8
468241 108300 42614.8 63520 22799.4 31096.6 17982.8 16876.7 40079.5
481280 108394 79090.4 75505.4 34576.2 24704.2 18673.5 11535.6 38637.1
470456 100159 47654.1 24225.3 26871.9 35322.1 21830.8 14328.4 43816.6
487686 181094 42880.1 63072.6 28223.8 47675.5 39509.2 26860.5 63947.1
415684 67267.1 20368.7 29667.3 18551.9 15657 12069.6 9150.92 16272.8
442577 79108.7 72748.9 32305.4 25186.9 18684.7 19922.8 14657.5 30023.6
480850 36707.4 38418.1 82239 44989.1 42646 51734.7 22920.4 69089.6
486796 96686.5 75051.7 38166.6 38787.4 41427.5 19531.3 15171.1 48883.7
403758 71065.4 11667.1 17467.4 8504.45 13328.3 9709.06 6748.83 20154.2
435450 77904.1 36823.1 26643.6 20224.3 30985.7 21538.9 14173.3 46828.3
473219 75795 22255 23645.9 8804.35 10690.6 11560.1 5973.53 36015.7
486111 54262.4 39986.4 24698.1 14358.2 19840.4 21025.1 15670 48773.1
517737 61850.6 122275 82138.8 68788.8 48638.1 53325.2 20107.9 59089.6
438766 106212 29673.8 41668.4 24244.4 17942.5 18614.2 8851.66 31582
482428 49217 28335.5 33157.9 25392.4 35604.4 35239 17784.8 52201.2
502617 62105.6 83824.4 43977.9 34414.4 38369.2 27625 20128.8 56671.6
420969 39158.6 18875.4 26281.1 8452.29 10207 12108.9 6786.83 21011.1
476956 57866.3 54782.7 60762.5 34439.6 32658.4 26007.9 13289.6 53398.3
477871 85090.7 78371 67794.6 45923 45360.8 32918.7 14009.5 54394
417683 195485 37215.8 43391.7 25344.5 23080.5 24727.8 9177.69 28887.6
481607 96503.8 43635.8 33342.7 21778.1 13126 15589.2 7892.57 38993.2
457310 214473 37702.9 35877.6 11159.9 11614.9 12636.4 4930.42 14222.1
434389 175689 32126.6 35756.7 27028.4 22242.3 18316.4 8006.76 18272.6
502964 91027.4 43380.8 69464.7 31288.7 25390.1 26116.9 17887.6 56871.8
529820 71679.2 98457.4 79125.3 43136.4 57231.3 48461.4 31794.3 94925.3
589559 140820 57890.2 118760 63096.4 67877.7 87340.7 51082 141070
479820 98503.8 90745.2 39176.7 27407.3 21919.2 26570.1 9143.77 37570.2
440034 104234 40608.8 23599.5 15664.4 26203 23072.4 14688.1 28582.5
455211 141155 18601.4 36443.1 7813.09 15284.9 15446.2 5926.39 32702.8
527802 175162 57811.5 80703.9 45726 46601.4 33831.3 19667.1 92503.6
411925 191804 17144.7 16571.1 18594 10924.7 12365.8 4391.59 17074.4
431549 65865.5 23410.3 15643 5933.59 8291.04 6049.52 2986.56 16253.5
504543 131891 28578.7 37757.7 42105.2 41358 36531.4 16767.3 52936.3
506326 70397.5 54797.2 40912.3 51775.2 39723 42691.9 18967.7 64905.8
434587 23501.2 28292.1 35830 22174.5 19826.8 18190.1 7962.88 25344.4
440259 87181.6 27316.2 39730.7 23830.4 21534.3 19266.1 12422.8 29400.4
470209 134679 136145 61415.3 53463.8 17542.9 35035.4 18787.3 49664.1
398641 28587.8 16819.2 7173.04 3717.58 2561.38 4806.93 1659.41 8404.34
477467 82921.7 41149.4 36577.9 26257.1 29566.4 23737 14217.9 45907.5
520657 67562.5 92367.5 80320.8 50331.2 50934.2 53559.1 30157.5 81309
411359 70626.1 13085.6 17982.5 8425.59 9350.63 9257.52 3681.55 13494.6
452429 113207 41732.6 47248.9 42059.7 28366.6 25437.8 12612.3 46239.3
442888 155129 85028.8 41464.7 34836 25185.6 33015.9 13703.2 34449.6
413657 47518.9 20815.8 65727.7 22616.2 32769 22494.8 16009.9 36120.5
452538 28163.1 57969.1 39695.3 21820.7 43446.3 33550.4 20952.5 64342
454545 192924 52731.4 30938.6 17434.9 19066.8 13560.6 9947.45 30921.6
477817 46707.2 33263.6 39559.4 21546 13772.1 15562.6 8253.36 39890.4
518784 550064 102404 154394 82676.5 63704.7 72198.8 36664.6 95834.5
495159 118815 54671.7 47674.3 22429.8 31339 36438.1 20467.4 49137.4
464083 417491 64600.4 45303.8 42818.3 36973 48065.1 19600.4 43145.1
429908 128265 33638.1 51524.3 25335.1 30402.7 31951.2 16056.2 39190.5
421371 64682.1 35536.3 27236.5 15689 12856.2 9710.76 4635.68 17880.1
438265 91093.5 35656.4 32341.3 18482.7 20886.7 15621.7 6637.02 32596.9
446094 111473 39595 43888.7 8770.32 16838.7 15479 11006.6 31335.4
472727 257274 17814.8 35370.6 24411.8 36506.2 27849.6 12009.8 35357.2
475270 114516 63126.5 71530.3 57755.3 51249.1 58001.9 30494.1 78599.7
457431 95340.9 54945.8 63852.6 37172.8 31354.5 27542.6 11928.1 38784.7
488158 154765 61535.4 81716.7 49956.9 26845.6 24965 14087.9 42547.3
472510 122503 57815.2 42430.4 31357.3 24933.4 22168.6 12813 34215.8
476020 220883 92912.6 43379.1 18157 27767.1 19999.5 9709.13 31263.8
449033 80651.3 51501.2 80529.4 24545.4 37125.3 26659.4 15604.3 34871
533103 333026 68635.5 70202.2 65860.6 54811.9 63205 33636.5 70125.7
493405 130161 53122.9 36142.2 53077.2 57216.5 50028.6 19400.7 74177.1
454349 89331 48118.4 45819.9 20141 17379.6 21222.6 8940.59 25097.5
420996 87031.8 31772.3 39186.6 10742 9044.11 14509.1 6967.96 21480.5
472447 167890 41484.3 66478.8 23107 35066.2 34615.8 12774 55726.6
515192 58980.2 73589.6 41784.4 32764.7 28093.7 27779.9 13149.2 57342.9
447422 251256 35206.8 32440.2 19037.6 25860.8 16768.9 16922.1 30374.4
442003 113337 42630.1 39470.5 18009.2 19911.8 17919.5 9816.21 26851.7
477281 34789.3 39420 38795.4 27674.4 23574.3 24542.6 11881.2 39342.1
415185 71706.6 24331.4 10102.6 7341.82 7256.68 5680.85 3131.47 9732.85
453406 74361.1 43869.1 42829.8 26550.1 27146.5 46320.5 25607.9 53589.1
424393 92774.3 20152.3 38667.2 19683.1 20813.8 22207.5 13019.2 27671.6
423528 84640 25146.2 36919.6 23248.4 20606 18441.7 8020.35 22521.8
451090 97726.2 61873.8 59188.1 43971 49406.9 45217 18119.1 51824.2
494128 113504 45786.2 52683.3 24235.5 38730.5 31144 18061.4 63454.3
430404 42966 52482.3 36809.8 24465 15485.3 24482.3 7812.09 28462.8
443390 288993 27113.4 33863.1 24041.1 16697.2 16816.1 8527.63 26658.5
436496 106611 29577.5 39274.5 16452.3 31742.6 21362.6 14795.3 37115.5
448480 51805.3 46938.7 35097.8 19488.3 25992.1 23305.3 15939.8 47246.4
410315 19013.6 19090.8 28148.9 22369.6 12356.9 16247.3 7998.35 32290.3
520578 126220 49624.8 71584.4 49820.6 58394.7 70120.7 22614.3 73368
487854 155162 78393.7 40945.9 34845.7 42019.4 41621 24012.5 83258.6
441227 45062.4 40977 37661.1 18896.7 19546.2 21357.7 12380.8 30881.9
480351 46082.7 39349.9 74276.6 24435.2 25544.8 22841.1 14224.7 32975.3
444171 81085 32826.3 36256.8 29466.3 25066.6 30396.3 12848.3 34332.4
423164 110045 25997.3 57104.1 16699.2 20158 15415.6 8441.24 23483.3
456151 58805.9 38303.5 46028.6 29191.5 25374.7 16275 9236.54 34610
460435 214074 37096.1 67159.6 26624.2 29440.4 32211.3 14373.2 36351.3
509924 100487 75676.9 41967.4 39068.1 54086 38362.7 27439.2 81871.9
488480 218832 85165.3 28507.4 19385 35316.8 20876.9 14330.4 38204.9
497522 102106 55688.4 60064.5 39831.5 41314.1 39510.8 20253 65095.3
581036 275824 43377.7 141039 40036.5 67031.9 57313.3 33633.7 118475
404807 23550.6 18468.6 24767.1 11672.8 7831.07 9584.84 3532.4 9909.53
435916 99226.5 10001 39772.7 22596.4 19330.9 21959.6 9391.99 30761.4
448011 234848 93438.6 35269.9 33924.8 20854.7 19370.5 10489.2 25835
478279 103364 29681.6 85170.8 45155.6 37002.2 36228.3 26398.9 62783.1
470363 206468 34636.9 44085.4 37082.6 36285 23478.9 18753.6 39886.9
460627 126594 51289.9 35623.5 22774.9 28418.5 19007.6 12121.2 27755.4
457630 77640.5 30742.7 17462.5 14719.7 15118 16772.1 10397.6 24811.4
474398 36049.9 98693 66988.6 16624 30958.3 18187.2 11147.7 28371.2
397892 89265.4 27732.5 25423.1 27896 15452.4 9503.98 8741.41 17432.7
464579 28210.4 44174.3 19474.1 12404.5 26069.2 22534.6 10959.2 42284
406416 34444.5 14180.8 17909.3 11817.4 10047.3 6606 3363.75 15966.6
542159 285751 60580.2 72970.7 35980 59078.5 45557 29999.3 78483.5
489674 169699 37150.8 62166.4 31602.7 51294.6 44915.5 23866.6 73855.7
494432 253277 115856 48661.6 59196 56921.2 47922.9 21449 62434.3
446175 50346 71294.6 35160.6 25568.8 23810 37954.6 16010 38475.4
405125 70530.1 28795 43447.9 12243.2 15084 13316.5 7019.4 24202.1
480802 202084 76740.2 77494.5 35390.3 33123.7 26312.5 14981.8 38074.2
436100 144119 22388.7 50008.7 26969.6 16667.8 22093.7 10278.1 29459.1
461914 67883.6 57060.1 42387.6 23785 22257.9 20082.7 10710.1 29422
429311 45236.5 30457 22735.5 19396.5 17798.7 14703.2 9288.27 22519.8
461782 314984 46006.4 73695 53684.6 62610 31597.1 13366.3 36195.3
515461 134735 59269.6 72276.1 48776.7 49842.5 56368 31827.5 81182.2
490176 81683.9 54911.8 31101.6 56660.6 21812.6 44774 18852.9 51261
461399 160356 56870.7 43579.4 21010.8 13642.4 15545.2 9281.74 36292.3
527302 150617 56957 89643.4 26447.5 24683.9 35886.4 17068.4 53348.2
400002 60867 29941.1 22404.4 7764.14 6289.91 5520.47 3208.57 10111.4
457762 79295.3 34903.2 85427.9 28894.3 31656.6 25745 13035.8 39401
460653 130128 33303.8 26518 37254.3 23590.3 19076.6 12757.3 43694.2
444486 104229 71026.7 52059.4 32367.7 34943.9 25022.8 13924.7 38053.4
467695 169217 51025.8 53247.6 19411.9 24872 16357.6 12831.7 40472.8
414311 31642.7 11801.3 47182.7 11897.1 15380.8 16721.7 6468.2 27989.6
447684 46732.4 38807.4 39492.3 25442.4 34050.7 28466.4 18015.5 42258.3
458878 55520.1 43072.2 37204.2 23519.3 22121.3 27349.5 16930.8 41617
461677 86518.5 39304 48492.5 23008 21005.3 15420.9 13156.1 39066.7
459149 154604 20043.1 23346.2 12478.5 18379.4 14607.6 8443.93 36380.9
436716 96806.9 32381 50852.2 39115.1 39188.7 29036 20534.2 45013.6
404610 85217.4 15450.5 10474 6937.6 6102.65 5777.98 3124.85 8773.65
457983 131357 25981.2 26626.4 14293.6 20213 17274.3 13682.1 39377.1
490949 148818 43694 48608.5 41435.3 43643.1 37814.3 21446.2 72677.8
443380 48367.5 17678.4 32697 17102 17625.1 13833.5 7699.72 29608.6
493263 135563 15556.7 35606.8 24816.1 23022 18375.3 9562.86 56262.2
457837 88042 49413.3 45917.5 30484.4 27090.4 22851 16240.2 32531.7
423427 18040.5 46708.6 22793.7 12731.5 14951.3 14903 6163.51 25725.5
478265 95728.2 36249.7 61441.1 35084.8 32852.3 39174.8 13412.6 46549.8
521902 271709 76521.7 90709.5 36386.2 42854.5 26722.8 26921.7 75917.3
429865 89901.9 26886 20756.3 12102.9 20383.3 13574.3 7154.81 22467
450090 56543.7 27879.8 16034.4 17935.4 14428.1 21790.6 10173.1 41292.4
430609 49362.8 44147.3 29728.5 18463.5 18136.4 11223.8 7063.94 27630.2
447967 104246 31454.5 40932.3 25672.6 16431.9 22051.5 11428 32699.6
542622 95439.1 64188.6 62186.5 60243.2 42113.2 55377.1 31601.9 93547.5
459702 150398 53338.5 45888.9 24674.9 31811.5 27320.9 20779.9 36317.4
459309 203876 17635.3 29357.9 19823.6 18669.5 15981.7 7069.93 34028.2
439114 265036 33362.2 30277.4 31532.9 27119.3 26886.2 16924.7 35548.3
415558 27537.3 37340.1 24719.1 15156.5 21103.6 24462.8 10944.5 38531
471310 109785 33017.3 20467.2 25010.9 21710.6 14278.5 9040.84 29044.4
552897 87040.7 61035.7 95456.6 47867.3 48993.1 63098.7 32617 98226.6
435258 55088.6 38778.8 28064.1 15196.2 20167.1 23176.2 12262.2 28765.7
454393 33551.1 41751.1 49364 26519.9 21344 16687.8 6716.25 24930.9
531631 243e3 56341.4 71953.1 27433.5 44681.1 44828.7 24853.8 77121.8
469789 124587 34742.4 52881.7 36785.3 38482.7 30797.4 14690.8 38083
446731 81031.1 60036.8 24352 31624.4 24483 22744.4 14699.8 34567
484451 345330 68972.5 42646.4 24207 41996.5 34887.7 23376.6 52453
547988 126760 64337.1 83238.1 51140 57421.7 52204.9 35553.6 105535
464089 176543 71692 41449.6 27361.6 45470.6 44942.1 31992.3 59970.3
451075 121328 99403.5 27539.9 11496.4 13664.2 15551.2 8811.07 29225.4
465543 193458 37055.8 40212.9 21963.1 27934.2 37392.7 18700.9 45384.9
432219 381506 62415.8 32527.2 27155.3 26690.8 20249.6 13760.2 27064.8
444055 82495.6 52752.5 33494.3 36278.9 38440.8 25504.2 16880.9 32069.9
445143 74156.7 27638.5 26432.3 17154 14333.4 6550.39 6797.72 22844.8
451815 109709 48738.8 58206.7 19604.1 15511.6 16173 8078.62 27712.5
441156 42999.5 41254.4 36178 21185.6 16724.4 14029.6 11204.3 34733.4
485123 254893 37125 51789.9 29059.8 16693.5 29202.2 18175.1 40082.3
446354 95655.1 34138.4 25969.5 10705.6 22356.3 18313.9 8612.39 41535.2
461415 93933.3 96541.8 48283 43511.3 26500.8 48271 18769.1 55724.6
431597 41364 13534.3 14834.1 12601.1 12287.4 9810.28 4219.2 16022
478631 66790.3 31063.7 56362.8 58461.4 45568.8 37381.7 22941 45417.4
410887 73214.9 38831.5 9787.68 13235.5 16582.1 15758.8 8590.76 25707.9
460180 92747.1 94390.5 41093.7 63532.2 35832.2 35109.2 18214.4 52006
484201 143214 51347 51484.7 18021 48246.3 35862.9 22069.1 48037.3
498618 184034 116035 88180.6 42998.2 71987.7 47150.6 23267.2 64410.4
471178 139510 74998.5 87850.6 33205.7 37433.6 37053.3 24064 57653.4
489687 156404 58467.5 47706.7 31524.2 31565.7 34586.3 19849.3 53841.3
461181 143121 29535.4 60652.5 41669.6 40730.9 27464.6 16059.8 31575.7
482817 97571.8 25099.1 51745.9 19701.8 34585.7 32104.5 20073.4 64066.1
437882 36656.4 41860.9 51583.6 49718.1 32807.1 30830.9 14981 41205
444469 229433 57009.3 31880.7 36560.6 23058.2 28786.7 8547.2 32331.5
531169 44122 31295 49159.2 59744.5 49253.6 42139.7 38257.7 75068.9
480096 145438 37347.9 31397.8 18782.8 22384.4 25890.3 16138.5 56525.4
511732 162287 76586.6 73881.8 74175.2 54796.3 47563.3 30585.6 84762.6
486106 109376 61410.9 15604.9 18815.2 23740.4 20097.1 12204.3 34311.1
458091 78517.3 58083.9 35333.1 15096.2 18655.6 14001.3 8182.98 33857.2
422969 66093.1 57014.5 71377.1 15875.2 15948.2 12309.7 4947.95 17937.6
495147 132697 41143.7 43497.1 55343.7 55310.5 31623.8 22590.4 73332.2
475959 153551 74327.7 69468.9 13023.8 15016.9 19599.3 14672.1 39696.3
489575 174075 47986.6 89545.4 27299.1 29745.4 24797.7 9596.49 39016.9
460697 90928.9 102761 72108.6 29108.5 34075.2 33413.8 16958.6 50379.4
459388 128843 41190.3 46005.3 12278.6 15643.7 18039 10332.7 34674.3
431465 212492 52480.7 37044.4 28129.9 23966.9 22689 11981 27900.3
443761 75767.6 16692.6 22186 17730.4 28824.6 17888.6 22049.1 43152.1
460672 60518.9 40844.5 24450.1 17546.7 32944.4 33538.1 24430.6 51819.6
466934 110535 38606.2 34765.3 16371.8 34643.6 24689.1 20725.1 46008.5
421348 170331 28678 35362.2 35294.4 23795.2 12825.7 7210.05 18666.6
471516 123411 32532.3 34746.2 41530.7 19030.3 24749.7 10367.5 44930.8
532192 373632 63232.3 89023.2 57700.4 70193 53797.1 33601.7 83267.4
457534 187677 109783 82220.1 26753.1 47450.6 45602.8 20978.2 50026.4
438409 79312.1 38784 24107.2 12062.3 6595.99 8745.03 4611.74 10106.2
549666 223700 104896 95356.3 36517.3 63659.3 46218.9 26914.9 85591.7
495287 102009 45808.2 64643.8 40088.9 29911.5 29752.5 19999.3 62990
431515 45430.9 29154.6 19392.1 8755.59 10911.9 12396.8 7930.72 25944.5
466137 247272 27806.7 27532.5 17016.6 20865.6 17100.1 11694 27392.8
433145 154510 58417.4 30320.2 12474.5 12541.9 9428.74 7530.26 19168.6
395819 34698.6 14402.8 9777.33 17140 10257 8375.34 4550.16 13551.4
461952 43996.3 39510.3 77860.7 36201.9 36342.2 26538.4 13687.1 46884.4
459509 93234.6 62690.9 67208.7 25274.3 64770.5 41497.3 27954.2 62317.1
428876 138907 52789.4 27673.4 17764.9 12919.8 12718.1 10080.7 26603.6
476398 76211.3 51090.5 23878.7 10158.7 16228.6 14087.6 8298.89 25877.7
428149 131367 22094 51442.1 14439.1 12475.8 15288.3 10197.1 25106.8
434681 70224.1 45696.1 28944.2 24452.6 28683.4 22501.4 11401.5 27025.1
466947 60783.1 8838.07 26263.7 17244.2 22253.8 17507.9 10725.4 42387.8
475606 49249.2 27332.4 31690.2 42055.8 29458.3 25509.6 14745.6 43060.4
444296 89088.8 37223.1 20070.6 21035.6 20507.7 14616.9 7299.58 26209.9
425655 197180 20489.1 28069.1 20291.5 23293.1 20949.1 9953.95 33360.7
538097 356724 148255 73081.3 51527.3 55111.6 52855.9 21031.2 62943.9
489617 63890.7 123309 78056.9 47636.1 56991.6 40358.3 31150.2 67720.6
503901 81710.1 129737 90306 36675.6 60976.8 46747.6 24152.2 54555.1
442369 71166.1 57580.8 43991.1 24623.2 27190.7 23994.3 11176.5 33106.5
436879 129111 40282.9 31081.2 17625.9 20589 15462.3 8802.79 28422.3
477529 72777.7 48351 32668.4 34068.4 26706.1 24648.8 16343 46044.4
424649 32062.2 21430.7 11631.5 11673.4 11234 9378.82 8321.19 29754.5
419823 63442 28255.7 33641.3 14220.3 23537.7 17452.6 12336.1 26649.5
429687 68811.4 74866.7 40594.4 42379.8 43785.7 32763.1 16097.5 24638.2
406446 134102 14223.2 11986.5 15674.1 11309 10824.2 7731.38 22798
430073 75266.8 35573.2 35415.4 22808.7 18983.7 16306.7 10075.1 24593.9
447244 74479.9 27657.7 21913.7 18807.1 23030.1 17493.6 10777 45431.4
459591 59726.8 67169.4 38287.8 21216.6 21737.5 18847.4 11656.4 36281.2
436965 342365 55103.7 20258.7 18018.8 23432.5 15895 10530.1 24921.1
423016 80259.7 20924 24267.8 12615.4 16755 15476.3 5519.09 22762.9
462118 74080.7 52554.9 25930.3 20138.9 25990.6 23568.9 15091.6 33766.8
474739 245762 43931.4 31978.1 20785.6 21601.4 19677.7 10441.5 52352.3
479877 122466 93927.4 100197 95583.2 38736.6 37585.3 18854.9 53137.3
454773 92215.9 28777.3 29713.2 20006.8 22523 16230.3 9072.16 37239.3
459503 31634.1 66612.8 44786.7 18495.4 32144.6 32629.1 16371.3 47708.3
476546 82764.7 38667.4 69066.2 32055.3 58174.2 43523.9 28118.8 51321.6
533624 152251 103836 203673 59185 77551.4 49218.2 29263.2 79288.2
443548 192364 29411 66731.5 27578.8 30271.8 20219.2 10872.2 29549.9
452581 205463 51532.9 48598.4 14450.7 16579.9 21919.1 12281.3 34801.4
503363 236143 60517.6 57212.7 27417.2 35885.9 34849.5 16680.6 53136.3
463689 125050 54015.3 46058.1 41561.1 26492.2 21662.8 12856.7 43123.1
435594 83973.3 25308.3 25757 20464.8 19946.4 19719.5 10957.6 21651.9
456793 78560.8 56518.2 58728.7 24618.6 24053.6 25612.1 9453.5 33315.7
444416 206686 35029 29816.3 28045.8 24942.2 23061.5 12306.1 32155.3
442787 100608 33219 32051.5 10211 19869.4 17131.6 7484.96 22657.3
428274 76183.7 43744.9 25553.3 11592.3 15153.7 6583.69 5562.64 18247.1
516402 195333 131252 75679 42293.9 49145.9 37316.4 15126.9 56122.8
466606 152754 24298.5 30387.6 21946.5 31396.3 27588.6 15834.6 37052.4
460195 252986 20345.8 41520.9 17844.3 21126 18767.5 11049.2 29834.3
426843 294199 42417.6 17482.9 14766.3 19083.4 25821 10768.2 23271.6
491250 158856 116877 90072.7 42041.7 48795.6 45409.3 19705.2 65306.1
488298 103107 87035.5 49107.6 35541.1 44747.2 40372.7 18512.3 37402
475303 107673 51563.9 45161.8 26290.3 22784.8 25804.2 9536.23 42652.4
421106 56512.6 16384.7 9638.23 13990 15707.2 12899.7 4774.63 26335.6
405726 18764.5 28354.9 13478.5 7891.47 7170.31 5844.15 2855.15 12059.5
497055 72136.8 49793.4 46788.7 32775.2 40084.2 45227.4 24387.1 49637
496618 205820 58806.8 95793.5 31106.8 66491.6 57095.6 32004.1 77450.1
457536 83691.4 92532.6 56218.1 20881.9 30471.7 30537 13490.9 29193.3
485086 208245 32456.4 37740.6 18501.9 35588.6 28439.8 19895.6 49452.4
466727 264057 62381.2 67801.5 31215.4 37990.8 44056.8 14095.1 59866.7
439520 115179 25876.1 39643.2 13574.1 20845.5 21252.5 8703.33 26516.3
439808 111292 80981.8 21003.5 34268.7 35770.6 36191.8 19248.8 41080.1
479877 122466 93927.4 100197 95583.2 38736.6 37585.3 18854.9 53137.3
511680 109934 44238.2 140710 61569.1 53748.1 46980.6 27930.6 63590.7
483859 62240.4 16978.4 26979.8 18913.6 19612.9 23382.4 14330.5 54878.2
492123 99392 47057.1 52859.2 39066.1 51106.3 59196 28986.2 65675.5
472639 53817.6 168386 58751 27778.1 47242.1 31173.4 15701.6 45657.8
439647 143043 20762.7 26375 11770.7 17051.7 14792.7 7964.18 27800.9
431094 123505 25453.6 16737.8 14840.8 7942.15 6540.52 5890.9 20035
448793 36124.1 55747.4 17847 24919.9 16868.3 17330.9 6406.74 31323.3
402345 89490.7 13951.3 13420 8951.85 5514.66 5861.87 3175.68 7904.3
534492 123738 93655.2 77700.4 69141.4 66211.5 71581.1 48341.9 101785
471765 43933.9 58702.7 27049 19882.6 15688.6 14851.4 7861.03 31690.1
476984 175872 52207.3 19692.2 11280.4 16458.7 17741.6 13069.2 32995.6
431915 104423 45115.8 20521.2 12468.5 20551.3 17418.2 9986.04 27310.6
432955 35145.8 45244.5 28559.1 11249 10410.8 11391.4 6226.8 25299.3
462856 72775.5 44148.5 36726.4 34981.6 57656.7 37401.2 16562.8 43752.1
484158 85834.3 58755.5 85768.3 31227.6 33567 28774.2 17683.4 62557.9
497762 181517 54316.9 60939.7 44845.4 31981 32426.6 22686.1 53316.8
457935 184723 48288.7 25280.7 38882.8 35337.6 48245.2 15793 38313.6
451088 131235 67359.1 74762 37481 41569.5 37782.6 19033.2 41809.2
425036 309764 22694.9 21546.4 22624.1 18380.9 11136.8 6001.72 19525.7
451333 40118.2 61248.9 37133.5 21010.4 29302.2 21193.9 10829.2 35187.1
436981 49964 64712.1 38242 14763 11567.1 12479.7 6211.36 20075.3
448646 61341.3 31341.8 13853.3 9478.62 9737.29 10654.6 10306.6 29557.1
475901 137125 61891.4 50657.9 21636.9 24844 22032.1 12954.9 36128.6
425865 45045.2 42068 24796 10543.4 10764.5 8561.2 4747.03 14107.2
434782 88418.2 95935.4 32665.1 31991.3 32906.9 31030.9 16604.3 38037.9
443613 38058.1 53344 34493.4 21013.1 13158 14270.7 5627.17 21338.7
523762 277481 46841.2 43573 12780.4 20124.9 26257.5 18189.2 54645.2
435013 79545.5 40837.5 29213.4 23843.1 15768.5 15778.6 7353.16 20808.5
404096 154291 20475 29580.1 35188.8 33068.1 21030.6 11116.6 35665.2
487790 120808 42898.2 44223 27631.2 26318.4 31602.8 15433.4 48007.2
548583 182650 134524 90255.9 41602.8 40247.5 39760.5 20492.1 72409.5
422966 76288.1 42410.6 33972.7 30994.1 36380.2 30004.9 17327.8 38816.3
425661 70157.4 28386.9 28355.1 12344.1 22314 16264.7 8061.33 24829.8
486165 228905 39603.7 43287 44398 42926.1 42469 25135.8 55377.6
461950 145699 85164.5 34537.3 16676.3 20220 20188.6 10311.4 36028.4
485787 43938.5 56137.7 35625.2 23287.9 29749.5 32113.9 15673.1 52444.4
470814 254176 40947.8 50598.5 22433.5 23403.5 20189.1 13612.2 38005.6
526458 167246 73968.1 45366.5 43861.5 57156.5 43547.4 23658.5 83397.7
473498 38175 78977.9 38226.9 28362.6 26431.7 24895.8 14289.6 42096.7
435179 235780 10953.8 33e3 22212.9 13021.3 13679.1 4406.66 12222.8
434306 44159.5 42547.3 17386 17884.4 16441.6 9834.12 6870.15 20045.9
436435 154125 11730 18201.7 15632.7 10262.7 8332.74 6295.53 20177
414757 116497 39727.4 41993.5 15380.2 11301.7 12593.5 4881.27 20507.9
460385 122080 21687.5 43258.4 27673.8 26652 29377.2 14219 42140.5
443280 52589.5 40815.7 13588 12272.9 12994.4 11013.8 10130.2 27410.2
469435 211575 60488 72737.6 40066.4 28252.4 24143.6 22046.8 45840.4
498855 186048 112695 56879.8 63083.5 59994.1 65884.3 35880.7 82154.4
606063 393939 65034.2 49093.7 44772 75511.4 68079.7 45404.5 104617
504766 79675.6 80372.4 80142.5 44951.2 42261.5 44992.4 36057.5 65523.3
477491 116938 40317.9 29126.7 12565.2 15220.8 18220.5 8294.43 35051.2
446581 41091.6 32832.4 38590.3 38309.4 19945 25895.1 11835.4 46704
523589 61211.1 60148.8 53513.3 64086.2 60701.8 70020.4 52274.6 122515
470944 98253 102117 51661 80099.4 57188.5 45432.4 29324 52583.3
475583 174541 43434.1 63501.1 27862.5 18366.5 27947.3 13408.3 41864.1
526255 160960 67414.1 57011.2 49071.5 38579.3 38632.4 29446 75981.2
490636 60449.9 47201.4 53311 40647.9 40384.5 43384.2 28110.3 70928.7
409917 84300.2 21592.1 20647.7 17547.9 21771 22145 10068.6 34871.7
475938 133913 55746.3 48593 24274 17580.9 18801.3 10712.1 39400.9
495673 78017 37094.7 40568 29773.3 29320.6 39806.2 21493.3 69837.7
457470 126039 39807 51772 22443.7 28332.9 28395.6 16985.8 54937.9
426558 123080 15026.3 37457.2 29208.1 16739.8 14620.1 7226.67 17409.7
502750 294889 62192.4 96731 44387.5 43510.3 41499.9 17993.8 47798.8
472377 42145.4 24440.2 24148.7 28939.5 37884.8 22829 24316.1 57235
512456 133633 69728.2 41019.7 24995.8 37617.3 34336 25438.2 75037.3
504485 234922 23138.1 81578.4 45387.6 55452.4 51017.9 24656.2 79681
412155 77025.4 26127.3 20475.7 9532.31 13707.6 8503.52 6193.56 16315.4
414417 73717.6 20650.3 27535.6 22974.5 18730.7 18016.3 5952.8 22300.5
443200 35864.5 40406.5 75914 35025.1 32680 26636 15554.7 34104.2
437193 135179 25203.2 30590.7 20928.4 14882.8 20138.3 12590.4 34489.3
494764 214259 28448.1 70733.3 35834 49142.4 32923.5 15550.3 55582.8
504382 155238 109397 113797 53655.5 77373.5 42097 27825.8 64113.7
471914 118904 33150.9 40899.7 23215.9 25223.8 27018.1 10524.1 34075.1
441062 29743.1 28388.6 27298.1 22580.3 24878.1 16948.8 7236.96 25432.4
416808 81530.6 22578.9 28135 19153.4 18617.5 13295.1 8810.99 15017.7
428563 53367.9 100121 18026.7 23276.7 17813.2 17854.5 7469.59 28580.3
458030 190284 78670.6 36656.2 31925 36969.9 41112 20197.7 40930.7
431647 49089.4 45203 37664.5 16932.6 22911.1 17490 11895 26499.9
499401 85356.8 68255.1 50879 42192.6 48183.8 46278.9 25008.8 54822.7
469419 63354.5 50315.2 64202.3 28612.8 38156 27565 16164.4 54258.2
443602 127139 37012.8 50101.8 17544.2 24358.4 26798.3 14692 40722.9
487255 173015 101416 52355.8 27715.1 37404.9 37202.2 22368.7 60353
461931 86726.6 45581.5 37268.4 21823.5 19666.5 14994.1 10243.5 29796.6
433854 159402 76444.3 47278.1 36199.2 20187.4 19430.7 8007.15 21393.7
502310 138398 48410.8 74217.4 13394.7 39527.5 26261.9 16271.9 51577.7
457468 130134 27905.2 34983.3 19681.6 33442.6 21894.9 11024 42474.9
461800 33178.4 43634.8 48311.8 43162.2 28307.9 32165.9 18776.7 43239.2
424927 50024.2 18261.8 17789.9 9745.74 12969.6 10645.1 5025.3 15439.9
481201 133386 58963.9 74158.7 53557.6 53384.8 51493.7 31913.4 61551.8
432513 25413.2 26209.2 25149.9 15047.4 10812.5 10931.3 6569.8 19123.8
430057 57200.5 41646.1 12051.5 20195.9 13402.2 17728.7 10840.5 31036.8
415785 116714 101979 40879.5 17639.2 19914.9 12131.3 6516.16 14813.2
458953 169524 76186.8 42625.6 9057.18 21879.1 15459 9652.88 34525.2
471198 319443 64067.7 29745.1 31912 20384.1 19265.2 13033.7 37362.5
482194 278950 34625.4 29006.7 30880.4 44336.6 56201.5 28297.1 58929.4
480641 62104.3 33238.2 30426 34737.5 28261.8 24231.4 13997.3 64494.2
452966 81916.4 45014 25571.8 10503.4 12376.8 14848.3 6065.42 19685.2
450294 133843 48374.5 77416.3 26874.1 34962.7 25341.7 18268.1 47792.5
447732 64797.4 76772.1 50367.3 37777 22171.5 22025.3 17736.1 24921
438188 141203 24152.2 33118 10771.2 14184 8636.3 4236.62 16202.3
436962 57500.9 50432.9 33327.2 12688.7 10335.6 11309.5 9104.13 23298.6
437913 162677 79298.9 54216.8 16140.1 23548 20982.1 10566.7 19013.3
418417 28054.7 32464.9 34838.3 21932.5 18603.2 14290.3 7516.9 24246.2
424138 190951 27603.3 22158.2 19915.5 15901.2 21291.7 9920.91 27556.8
431227 53869.1 22104 20701.8 14456.5 16460.6 18367.1 12531.5 37972.6
479967 102742 36348.2 74864.3 16320.2 36456.6 37890.9 22960 59623.6
442244 221604 29847.2 51399.7 22783.1 19095.2 26411.2 10346.4 27787.9
513042 194780 78624.2 70499.3 33808.3 26851.5 47720.9 22686.4 62903.3
509799 81799.8 88457.9 40800.7 49191.7 45383 47049.5 18371 59263.8
431672 91309.5 36461 25813 26122.4 18757.2 15184.9 10901.2 30588.2
447067 46107.8 32014.7 18880 17145 19354.5 18923.5 8566.09 33161.4
475571 134513 35549.5 58407.3 41133.1 42455.1 39299.6 26404.6 66597
504791 68886.7 83464.7 59258.9 43454.5 33302.4 41512.2 20925.2 65197.1
466582 84718 47761.7 28855.8 17881.7 16901.1 21176.6 13414.5 45601.7
491191 385586 29893.4 78314.7 25693.4 37360.7 41952.7 21224.8 41102.4
448300 76682.6 33959.3 46238.2 15515.7 14966.3 15941.4 13837.6 38050.2
436687 112738 45196.1 32701.5 30680.2 29020.6 21857.6 10252.8 20260.1
452512 118333 39896.5 21831.1 22363.5 19088.5 16385.9 8725.24 30372.1
432797 87264 54797.9 22316.5 10905.9 13301 17471 14464.2 37039.5
412623 74360.4 11397.8 12800.7 6329.83 5925.28 5477.51 3407.48 16496.7
445824 151260 28000.8 31672.8 22748.2 17715.4 18735.3 10986 27888.8
438052 89853.7 17833 22215.5 24061.9 15664.6 16634.3 5477.64 30428.6
418460 44533.8 19630.7 17874.9 10559.2 12211.2 9007.6 4506.51 17292
439477 59110 80025.7 36693.3 33414.1 33120 23231.5 11747.5 39434.8
455888 114447 25893.9 33709.5 21769.1 22919.6 19651.1 13492 35584.5
476422 213572 134115 79343.2 64509.9 27098.7 43715.1 18417.4 56763.6
473505 151365 77769.5 88377.6 33294.5 35832.6 26921.6 12853.3 43652.1
397095 23709.9 20520.9 16259.3 13065.6 8422.07 8080.11 5193.21 12256
489462 105918 84490 42065.9 21513.9 26407 26991.7 14672 50748
475270 193485 40347 36913.6 46399.2 34560.7 40495.6 22343.8 49882.8
428314 127214 29976.8 60872.4 27484.7 29015.3 25170.5 11213.1 33209.6
426731 57591.4 30601.2 42504.1 14992.8 22289.8 20777.6 10931.6 27673.6
448734 93756.5 78069.6 38094.9 19517.8 13601.5 15530.6 12906 39135.5
462682 39129.4 64655.8 54112.6 35631.1 36131.8 28061.3 15014.3 45113.1
415579 201053 31272.3 30761.1 9979.58 17354.1 14064.2 6363.83 17582.7
487780 102784 54532 88847.1 52986.2 37230.9 43042.8 22158.7 67853.4
440058 124053 16621.8 34368 15558.9 16684.5 16192.7 10785.4 29343.2
474311 220313 45967.3 61944.1 49505.2 70907.8 33275.2 22598.8 44091.6
476761 107239 39137.9 35299.8 27647.9 27910.9 35700 17238 44016.3
478917 59116.9 35797.8 76764.6 37511.9 57437.6 35033.8 17616.8 49640.8
413166 26828.3 20101.8 16039.5 24253.9 25192 12566 8005.74 16438.2
504055 289131 130934 94417.8 44289.3 51497.8 53543.6 23624.2 61936.7
462938 295885 43672.5 30510.4 34616.5 29640.2 25456.5 13797.4 49383.6
465899 154071 67406.7 34203.3 27375.9 25629.1 21593 11905.2 37125.1
461232 142883 46664 37298.2 40774.3 30582.8 23582.3 16753.1 49731.9
451619 52208.2 55745.6 29983.7 13991.8 23081.8 22927.4 11247.1 46982.9
469397 33129 18689.5 43415.8 17654.4 17106 26608.6 12160.3 56937
440084 96942.1 18415.7 52113 27918.1 27499.6 26438.9 13688.4 36674.3
474487 41845.1 39645.3 35773.7 19146 18099.7 13462.7 8345.03 30383
489668 161857 54892.2 72623.1 36652 42563.2 28429.3 21653.7 57495.9
508433 69019.9 61822.9 57442.6 54934 41047.2 58886.9 43587.1 76289
464387 78957.8 62946.8 82514 41388 36445.6 39792.8 23479.6 53657.9
474837 78704.4 75084 61127.4 33591.9 32155.7 40761.6 17292.1 47102.1
414670 15529.3 10171.1 23272 17499.6 14860.4 16863.1 6676.36 18073.6
483062 129765 16447.9 27465.4 15084.9 25436.1 24000.3 12970.6 36258.9
483951 135116 62946.3 55152.8 30436.1 45050.6 59827.6 26482.8 61224.5
425143 66887.7 17406.2 27558.7 21559 15440.5 19849.7 6795.64 21890.5
427953 57413.6 18069.2 20865.2 12023.5 18151.8 16342.2 7743.93 23089.7
485390 154317 77127.5 41221.4 16933.7 12541.8 15610.1 7113.98 18933.5
454043 145443 23419.4 44814.6 16219.6 25007.7 16948.1 6546.12 28756.3
500624 56811.7 29702.2 31303.9 17841.4 27053.6 29778.2 14829.5 51512.8
423623 84939 33562.4 17749.3 18225.3 20169 14265.3 10704.6 30782.4
432041 58884.2 29123.8 20406.2 11138.4 17195.7 12101.4 8491.63 25377.5
473004 198947 54123.3 61202.6 29711.8 34758 28185.4 12797.1 40782.3
412155 76283.4 32272.8 21621 26855.3 26137.2 20131.5 8601.44 18743.3
457542 164280 30851.7 52080 45711.4 41042.9 35226.4 14953 40955.2
494911 234322 56117.7 44055.2 30815.6 48110.1 47179.2 27535.1 71744.2
425107 129992 25692.4 14473 5770.5 6741.79 5417.03 3639.74 12100.8
442915 88463.4 16927.6 21582.5 4332.48 5650.26 6594 3894.24 20471.9
516980 101094 47641.3 29563.5 16307.3 17095.2 16737.5 13493.5 44733.7
456185 94217.7 40209.9 20223.5 13713.2 11740.5 15358.9 6879.07 28887.8
449356 150531 42793.1 25961.5 23283.3 28138.3 21291.9 14547.1 39391.7
517184 91805.7 31641.6 60140.9 54851.1 72991.3 54880.5 31280.8 58487.5
447298 121007 40181.1 43449.6 36974.6 36051.6 27259.2 14517.3 32267.3
439406 96176.2 25414.2 40131.2 13592.7 22592.7 18139 12289.8 29866.3
466080 44211.1 61666.7 91882.8 37027.7 40237.7 40156.4 18052.5 55306.1
404649 87766.1 27292.7 55857.5 34905.2 13725.9 23313.5 12834.6 16478.2
475794 58002.7 79534.4 56484.9 26395.6 30070.3 31841.1 15219.2 48602.4
470923 85307.9 36114.2 57896 25153.6 28208.3 36057.8 20012.9 64440.5
437016 111190 44419.9 56597.5 20428.1 29859.2 19671.9 16627.7 40351.5
461200 119210 31923.3 39712.6 25224.5 25692.7 33953.6 14594.4 46054.3
454359 129576 40036.1 27182.6 26799 31603.3 22506.8 9296.88 32849.1
444238 55973.1 31587.8 18898.2 24535.2 17914.3 18396 8714.27 41347.9
442085 99994.4 33157.8 34091.4 30632.2 19101.8 25352.1 11195.2 32068.2
501109 127735 96761 55893.7 30527.9 43271.5 46075 19603.2 49947.4
434011 74421 43565.9 15910.9 17365.9 12155.4 12951.3 4844.64 19867.8
466157 58788.2 23901.1 45216.4 28748 24635.7 35708 25174.5 55743.9
480965 168186 62985.4 67473.9 43655.2 42465.4 40865.6 20673 35987.2
389313 35630.2 33559.6 17989.9 10937 11777.2 8448.68 4589.71 17491.3
425781 52298.7 26376.9 22564.1 10160.2 11261.4 8819.85 5222.25 21402.4
423991 269928 25647.6 41705.2 24731 15290.6 12510.8 9066.2 19799.6
431688 44210.4 54488.8 63121 25613.2 49018 40164.9 24119.2 47085
417186 66464 13852.2 15605.3 9067.96 7814.73 10001 5437.23 19586.1
432836 281689 72060 51694.9 21658.5 21736.1 24177.9 13391.6 34711.4
465899 120673 35599 33081.3 20194.2 17696.3 20966.4 13909.7 28141.4
468607 190657 40802.7 44392.6 52637.9 35975 31676.3 29087.4 67158.1
430041 34613.2 30247.6 19704.8 10768.9 13727.7 14447.8 6678.2 23792
472429 136869 83420.3 38910.6 35767.7 20994 18823.5 12552.9 39810
457353 135778 44319.5 48584.8 23268.4 25774.5 26485.4 9366.95 34499.8
434018 80833.7 36913.6 37980.6 23381.3 39006.5 31496.9 14808.3 38844.7
432112 66471.2 22433.7 21408.7 12533.6 11333 10723.3 5932.51 23299.7
431152 32528.6 28381.3 16945.5 16409.1 19920.5 13818 9700.44 38432.8
481644 47513.9 50505.1 53553.3 25283.4 43928.7 48866.3 26047.7 74581.2
444238 156371 55405.6 52869 34039.4 40286.3 32419.1 14186.8 31054.5
487338 84675.2 43780.3 70129.7 37508.9 60441 42253.1 23607.4 65711.9
453976 98451.8 35548.5 39610.3 30292.7 42881.4 31965.7 14449.3 52954.5
425797 107427 56056.8 23871.7 16958.5 26671.9 17855.2 8913.24 24388
421124 90086.6 20025.5 33304.9 31811.2 23390 19608.9 10762.7 26611.8
452486 44281.6 31812.8 12044.9 4944.41 7141.31 9909.94 3962.49 22469.6
462340 480815 38044.8 51050.6 28387.9 25413.9 18842.9 14536.1 31292.1
446081 28097.9 50170.8 79215.2 26922.6 36032.5 43384.3 19487.8 39257.7
485317 66068.9 38521.1 46428.1 27699.6 21004.9 19226.8 9440.37 39502.4
446431 57789.3 25701.5 44098.6 44638.1 28278.7 30343.8 15499.3 47030.2
455780 65757.3 68909.9 45934.5 16984.7 32656.6 27674.2 16081 48447.9
445524 115010 37279.5 23034.1 8094.91 12151 7486.39 4512.76 29221.3
462509 58429.1 59663.6 43832.1 52128.9 44690.7 35672.1 21130.9 50919.4
470186 99685.2 30661.8 26048.5 20738.1 28028.7 30756.1 12255.8 39930.7
451633 298601 74335.2 60408.1 43851.5 34520.9 43296.2 18680.7 40470.2
429415 94986.2 26600.6 41542.9 25955.5 23299.6 27488.7 14237.3 31967.3
480421 292231 34552.9 49971.1 20356.6 18992.5 18757 15635.4 43417.1
452792 153040 12169.1 24637.9 10030.2 15757.4 11055.5 5072.87 23356.2
492813 123293 29058.7 29248.8 23866.6 32658 38615.5 16402.7 64589.9
413442 68935.2 23478.5 29903.2 11029.2 14534.3 13997.1 5927.93 17589.5
489480 66310.7 92026.1 68878.7 30792.3 36986.9 36388.2 21486.7 55971.6
436131 55892 25355.4 16702.7 11103.3 11025.7 10437.1 4196.59 19072
510921 141957 53115.3 52157 25955.3 34211.1 37620 16167.2 50099.9
460052 103676 24874.5 41060.5 15360.5 28622.2 18563.5 16400.7 44443
452649 70120.6 25113.6 31359.8 18340.2 16421.5 10612.4 6824.38 24699.5
485047 437365 74023.3 105319 25474.8 34496.9 40827 17104.4 45822.3
489164 60319.6 53417.4 60648.6 30567.4 40277.2 48578.2 16009.9 66981.8
471132 144193 44652.1 60435.8 20945.2 23882.3 19741 15025.2 53306.4
492568 226687 30692.8 30962.6 23235 32779.9 29557.8 15695.2 45520.4
489303 276834 44326.5 88737.7 49076.7 46545.4 34523.3 17483.3 47976.1
474590 79941.1 38065.8 29766.8 24312 46623.2 35598.8 21556.9 58059.9
451267 44402 19739.1 20778.1 10253.8 10223.9 7899.06 3971.45 17849.3
419726 62594 25818.4 34819.1 25999.1 16204.9 17849.8 10019.1 26092.4
495240 108913 60041 61295.5 43123.5 38957.2 50838.7 23468.4 79301.3
496812 228478 50272.5 101864 39308.9 42104.6 48237.8 25261.3 48755.1
496818 78657.6 70033.6 29410.9 35600.4 27303.3 35480.9 16970.3 55289.1
497046 97796.7 71363.8 126388 50972.7 34754.6 36515.6 15218.5 47553.4
452569 100884 53740.1 18878.3 20155 25619 18059.8 12023.8 49057.8
483505 77260.1 117638 39224.5 22017.7 37458.7 23276.8 10797.3 44437.8
486383 197346 71784.5 89778.2 31052.3 42769 45803.6 28912 46584.2
515918 93615.8 40362.3 31396.4 40005.7 30257.7 30159 15387.6 70699.4
512006 255989 87816 49107.2 40982.9 47051.5 54623.1 23072.1 60884.4
481250 83890.8 42831 33110.8 18487.9 13020.3 22021.7 12967.4 49690.3
444875 51223.1 16774.7 26353.4 4763.44 5683.44 9898.8 6095.93 28216.9
450505 95249.8 35947.4 33594.5 23761.5 32261.3 39242.5 13184.4 42839.2
530162 192282 42699.9 18599.2 17845.1 34283.7 30652.5 14607.6 73129.5
462056 195745 50897.2 42491.2 50533.7 35024.3 32347.3 19730 55557.4
456038 91545.4 13051.2 28325.4 16250.3 20980 18346.5 8930.3 38309.7
495122 65226.8 64238.6 94301.9 33259.2 65095.6 47612.6 29203.1 65162.2
441317 79851.2 58094.8 40645.9 22945 26249.9 25158.9 13397 44290.1
445747 168596 32668.8 12944.4 15423 11401.5 14875.1 7863.52 27601.6
517383 111786 37190.9 34167.9 20527 25166.5 30630.2 24659.9 61873.4
442518 36026.9 60142.1 55783.3 60406 47029.7 32364.2 19047.2 40720.8
431827 67152.2 9834.51 20105.5 6523.59 6472.14 10195.6 3858.77 23422.1
474807 123242 48265 23601.8 24094.4 17271.6 22926.5 12375.1 45059.9
512433 111423 31793.5 63005.4 25227 41112.1 36124 22287.7 60337.2
552207 95263 84131.1 124027 76452.5 77418.4 77523.1 33406.9 89306
450860 114081 38427.7 39655.8 33026.8 22397.9 29525.5 15722.5 38291.5
427049 59933.2 20579.1 45186.7 30531.4 23280.1 21810.1 10291.8 32019.6
512611 159898 25649.6 33831.3 20482.5 36347.4 27207.1 13972.4 59213.6
482127 67569.7 31931.9 52534.2 26739.1 27881.6 27203.6 15696.4 43113.2
450498 77384.7 32043.8 27808.4 11040.4 18132.3 14746 7541.52 26536.8
480816 46764.2 37982.1 32964.5 34416.7 19461.7 22267.9 12483.2 50236
441872 59028.9 32395.5 29259 16917.6 14649.1 19950.2 6956.02 24004.3
402035 31890.3 27576.7 22846.3 24237.6 15614.4 12944.1 6087.42 13726.6
446525 223004 29905.2 19387.7 11052 14046.7 14777.4 9908.87 27820.7
452516 208139 32344.3 39996.1 26941.4 28653.1 26949.1 12387.7 31987.7
429289 92558 78722.4 35972.4 19855.1 24711.3 14845.3 8199.55 26618.9
445675 243898 36977.1 57082 41279.7 23958.6 20179.6 10713.2 25064.1
462067 57381.7 22445 24855.3 12160.3 26718.7 23263.3 14040.3 40141.7
456423 125867 22739.3 27215.8 17386.2 14750.9 18789.4 12057.8 36231.9
496616 98879.1 102257 70315.6 45734.3 63799.3 36505.9 21225.4 61717.5
454600 54725.1 31018.8 34328.7 26063.2 23817.7 22913.4 12352.6 36116.5
582897 99792.3 140930 147774 58595.6 87999.5 52569.9 34999.2 157568
474287 142775 47637.1 30540.5 20630.1 21691.1 17413.9 8966.23 32364.5
526779 132581 47082 55265.1 17557.6 17011.5 12274 9176.63 35037.1
447097 74226.7 35225.2 27873 43844.3 40377.6 38194.5 23797.1 43564.6
425402 57902.4 13493.5 28098.4 15008.2 12101.4 12978.7 7776.38 26493.1
458525 93561.2 25231.9 37798.3 25214.5 21596.7 19241.6 13196.4 43030.7
423501 114133 58613.5 22162.1 15951.7 15964.1 16044.1 7343.7 25588.8
507645 145628 58138.8 72079.4 37483.9 45951.4 36996.9 25071.3 57462.5
465596 113584 44744.2 49323.6 31489.9 37750.2 32230.2 21901.2 49228.4
470759 101826 61689.1 43129.3 34036.7 30397.9 24931.3 14885.2 43050.1
462604 105736 30770 40040 25814.8 25043.4 20637 10549.6 33654.2
443758 295842 27614.6 21873.8 14638.6 14844.8 19171 13914.9 30550.4
398641 28587.8 16819.2 7173.04 3717.58 2561.38 4806.93 1659.41 8404.34
461217 170789 29036.3 20631.1 8129.24 11263.1 10333.9 8042.45 35503
475332 131132 49384.1 56558.3 19117.9 20618.1 15677.2 15030.5 45986.6
434836 149116 8471.95 26705.4 13914.1 21168 18408.8 12321.1 34282.3
497085 74609.7 47541.5 32301.3 24875.9 38888 33053.2 16347.7 66861.2
466540 92912.8 57097.3 39165.6 34884.9 29944.3 25827.1 14414.7 30935.4
505132 117892 59917.9 45826.1 24787.4 31345 35022 18099.3 65540.6
404905 30279.5 38806.5 20085.1 13969.6 11242.7 8988.05 4284.32 6300.14
451548 35345.8 71140.4 29019.1 22313.1 19579.4 24344.5 16055.9 46224.1
477889 104808 38325.6 36027.2 28672 36147.6 19517.8 20892.9 48645.1
486418 166442 90412.4 46359.9 41001.5 46418.7 28837 16471.5 55946
464711 182713 81949.5 37337.9 30974.9 31609.3 26569.7 16114.3 52702.4
458944 68637.5 24852.5 72832.6 25824.2 26555.2 25314.7 17574 43999.8
470893 110576 61409.2 53271.8 24064.9 21799 21191.6 12649.8 34044.6
433678 70428.9 48361.4 38001.9 16491 14813.6 12556.2 8565.69 39797.6
503426 109755 62241.5 47278.6 26695.8 18937.2 25672.5 16393.3 62372.9
481427 165242 68788.6 88535.9 50592.9 61902.6 51089.1 23735.7 62174.3
427565 65950.1 45047.4 23063.4 24466.2 23653.9 25167 11251.9 32111.1
426820 43273.4 78712.3 31440.7 39611 20040.2 21315.5 14008 29042.6
474960 149239 33664.9 47774.8 19493.7 17230.3 19930.1 13189.1 29268.1
446092 58478.4 103587 97131.7 37459.5 28260.9 22884.4 11506.6 25261
472855 168724 36228.8 23146.6 18703.7 22600.8 16126.9 13030.8 40590.6
433160 60883.8 54714.5 47825.7 15092.2 26282.3 17121.8 12610.8 29768.2
477715 51426.6 45069.5 46546.4 15209.2 36615.4 29499.8 10994.3 38476.8
426641 49301.5 15923 14309.1 7741.32 11548.5 8776.1 6161.58 22850.2
434616 205962 28532.8 35364.1 18811 21014.3 21394.6 11133.4 30462.4
455706 198508 58644.8 34613.5 20091.9 27066.9 33650.7 15914.3 46358.8
532461 145814 27026.1 69327 32856.5 59579.7 54301.2 27704.8 99571.8
465182 88376.9 70349.6 64756.5 28340.3 40328.5 27462.2 13811.5 36713.4
522045 138862 95766.1 45993.7 34737.1 29276.1 42495.4 23841.1 56472.9
541402 41700.7 98825.5 111383 73351 48101.1 57311.2 33275.9 98790.4
503611 98353.9 39523.8 61407.1 18014.5 50773 41187.3 30218.6 89408.3
440053 96548.7 12930.5 16993.6 12410.6 14477.7 11910.6 10255.9 18698.7
423596 40921.8 39197.6 14908.5 5380.15 12134.9 14623.7 8246.84 30827.9
552306 124881 99211.4 49732.3 33288.5 53309.4 53403.8 42299.3 89120.5
485432 210012 26283.9 51939 40959.4 53595.7 31998.1 28928.7 55960.7
443685 113962 69306 63511.9 20586.6 19877.6 16466.1 7766.71 26303.7
476586 84993.2 38204.5 33876 28244.5 17943.8 19594.5 8789.73 32601.9
450249 95506.3 58730.9 30141.8 34416.6 18574.4 17125.6 8804.97 29982.8
448614 99287.1 26887.4 45268.5 11538.2 22553.4 21212.5 10270.9 52665.8
396907 51923.6 32200 26516 14194.5 9721.67 10025.5 4689.76 17535.2
506894 172953 98466.8 105885 45769.3 48784.7 54233.8 34929.1 82997.5
443979 127279 39833.3 10635.6 13771.7 17292 19884.9 12944.5 30254
400483 168253 11799.4 24308 14486.3 11947.4 12367.6 6235.24 13698
433873 51195.6 28881.2 35526.8 15354.6 17593.8 19499.4 13246.4 35450.9
470597 29507.9 39119.6 22777.3 13369.6 15913.9 13218.2 8952.23 45547.8
507090 226249 51520.4 39409.3 24114.2 32890 19777.2 17847.4 46249.9
408326 132409 29121.1 28132.6 16356.8 18209.1 10146.9 7248.26 21240.5
475644 40495.3 44692.3 51194.1 35233.6 31324.7 24607.4 17474.7 48223.8
494932 181370 44257.2 51434.6 25201 38582.7 31684.5 16124.4 61609.3
483650 96835.3 56710.7 121355 72627.3 36948.8 48344.5 28809.3 59666.1
423526 33696.5 28770.7 39020.2 20278.7 25993 21429.6 9247.74 28689.4
480789 168226 25226.8 26835.8 35156.6 25685.3 25551.7 13983 47055.3
418095 75099.5 25224.4 28125.9 13516.3 11340.6 10583.8 6184.5 19017.1
480149 102485 57884.8 47208.6 50887.4 42881.4 41364.7 21907.7 49294.6
450323 48328.1 29578.4 45040.1 22137 27221.1 29191.4 16082.6 39648.3
431578 121811 34725.6 39588.1 18453.5 27885.2 31506.1 12487.4 26979
440023 51235.1 33258 22989.6 7679.96 6296.57 8213.28 3327.44 15179.7
487770 68480.1 28434 39070.8 48173.3 32997.5 40930.2 18515.6 64573.6
496562 179652 67035 81799.8 40731.5 41858.5 32134.3 29989.8 78867.1
482581 74332.4 82908.8 58627.6 26477.1 23390.2 22102.7 11036 29304.3
504916 66263.7 42129.4 32501.7 36755.6 40201.8 35857 16695.4 51987.6
450071 117086 34746.6 36325.1 25235.4 28344.2 25167.2 15706 34447.5
440706 172812 36911.7 28141.6 26060.4 12174 13974.5 6996.15 27991
433925 114850 22730 39714.7 31959.9 22242.9 25356 11354.8 34285
508571 275226 49025.8 45541.4 29787.5 41744.5 39396.7 21983.7 57137.5
481497 67025.9 37224.9 38655.5 19974.1 16282.6 23297.5 9890.61 38170
454974 127536 34985.7 43232.7 15330 17376 20397.7 10830.4 29087.2
399685 18832.4 20276.7 13401.8 5372.16 7531.68 6169.29 3407.38 12494.4
416014 53896.9 23452.6 11802.1 6844.78 6879.17 4128.23 4016.53 17087.5
441077 44939.8 48650.4 33953.7 20940.2 37073.8 30613.8 12396.8 36552.8
518168 367507 34771.6 59688.4 31500.2 35162.8 53840.4 28229.8 73047.1
442283 159436 46584.3 51288.3 31956.4 30316.3 31377.3 15402.8 32797.7
475249 256772 48708.9 59634 38444.7 42283.8 37856.9 20565.9 54083.1
447745 123869 47954.4 40247.4 29388.8 17304.8 12712.8 7144.3 20404.6
415034 24257.5 33158.4 18315.5 11855.8 15115.4 16008 7881.75 27594.7
440642 52079 94626.5 41546.9 26702.5 25848 20399.6 12011.5 27930.3
452320 30831.7 9108.35 11015.3 7794.19 10170.5 9716.03 8416.19 30806.2
479049 238722 56126.4 63772 26308.5 40500.1 28557.1 20854.7 50205.8
497028 155058 122100 82241.2 39539.3 30333.2 23927.7 14553.6 51438.4
461325 49939.7 79335.2 96813.8 43827.2 38197.5 29109.5 15854.7 58114.7
501884 183432 87983.3 43206.4 41602.9 36903.1 32962.9 23093.3 60541.5
482595 69286.8 57051.9 70722 19373.3 38493.5 29615.4 15286.9 47625.2
511981 229514 76935.1 69633 22320.1 27181.8 23352.2 11673.5 49707.3
470022 81322 23750.3 32083.5 20256.5 18423.4 19527.6 11089.2 49405.1
444718 31925.9 28785.1 30067.1 8103.94 14301.9 12804.5 7553.78 29802.2
461117 202439 52212.1 63920.9 33390 22148.2 29144.4 13793.8 31081
471743 132727 146372 33843.4 51923.3 42190.3 35099.1 23946.9 48370
461860 167618 43102.2 39426.4 32272.3 28208.2 15771.9 10695.5 26004
468215 111017 27807.1 46637.9 26053.4 33762.3 26636.5 14543.1 34941.9
490038 88713 82524.3 58026.4 12870.2 17731.4 24670.5 11181.8 41845.9
480868 110702 107302 97994.9 55744 48384.3 38109.6 24903.1 71220.6
482028 45011 33990.1 28360.1 13103.2 11308.9 18470.9 9367.88 44965.1
458294 44687.4 20622.6 44389.7 18453.3 16449.1 11345.1 9416.17 28326.8
417989 103556 19879.6 13503.9 8971.58 11801.4 6865.41 7150.87 20798.9
498843 162135 51929.2 63736.9 60186.6 42183.8 48833.1 31701.4 71369.1
389790 38593.1 22927.9 12465 7593.11 8203.83 5816.37 4284.69 13972.2
425176 41427.7 11467.6 27426.6 26860.5 27753.5 12544.1 10293.8 31782.1
459259 64448.9 60408.6 59982.3 41136.1 40016 40851.4 22221.4 55394.5
488430 64232.5 33107.5 33531.9 29434 23065.9 24008.1 14199 50345.5
460809 81984.6 62111.4 50058 31720.2 44934.1 32313.7 19050.9 36444.3
451196 19658.4 34486.1 52780.5 46255 30188.4 28377.5 16626.3 48125.2
496855 165179 53755.4 68770.6 31174.1 32001.8 30245.6 14316.9 41591.7
511506 96088.7 46237.4 72243.5 40398.1 47104.8 44493.2 37318.1 105618
474869 79519.5 55658.1 82680.6 67979.8 82147.6 52035.5 30885.1 64661
489369 154077 36226.1 20376.9 15904.1 29572.8 15506.6 12076.4 43820.8
459892 59773.6 103089 41313.5 23893.1 24418 26765 15472.3 30253.8
443320 40455.3 20563.5 15620.9 14511.4 17086.2 16711.1 7225.46 29247.7
447357 14849.3 45670.8 29068.5 20919 23827.8 24012.1 16729.7 42274.8
452097 132147 43049 21906.6 12214.5 15954.7 14527.4 7405.75 17769.1
478326 170062 55497.6 63654.4 33228.2 41563.8 43494 18624.5 63183.3
438735 60299.3 41294 13373.5 21910.2 13552.4 13827.3 8871.85 22109.9
472310 172509 77461.1 55650.2 34360.3 37352.3 34669.8 24843.9 56919.5
551912 93206.9 74910.2 92989.3 60374.6 95487.2 120222 68929 143772
405780 92997.2 13254.1 23889 14389.1 11074.3 10058.5 7108.26 15436.7
557147 179134 58555.2 111984 72151.4 83821.8 54054.2 40989.6 104463
437546 48338.6 47148.5 25159.9 33532.8 22282.8 18894.7 9478.62 25750.1
440194 101800 59053.5 27058.4 48723.8 25039.4 19645.3 12150.1 30509.8
484104 217042 54612.8 58983.7 21270.1 42908.5 29084.4 19758.1 47986.6
447994 104976 30900.6 43852.3 27153 27117.8 22972.9 13352.2 35864.7
523562 71004 107494 97517.4 38599.6 55379.3 50100.8 30546 84228.1
456534 69685.7 86900 40922.3 29480.7 41476.9 32160.3 20475.7 50524.5
438181 114485 27739.6 27537.1 14374.2 23767.7 20547.8 11365.1 29452.2
383300 55122.3 9737.18 12929 6250.38 8274 5919.38 3096.17 12585.8
412649 47119.9 19690.6 30231.7 17608.8 14957.1 12380.2 5811.13 19360
529486 133636 42939.1 25413.3 20508.2 19068.6 18215 14535.2 55904.3
527071 59516.5 114038 76278.8 45595.7 50402.6 52315.3 23845.9 65694.5
405726 18764.5 28354.9 13478.5 7891.47 7170.31 5844.15 2855.15 12059.5
442513 75738.8 62969.3 42642.6 32339.8 36879.6 35266.2 16742.1 35706.9
417659 108259 26740.3 50570.2 21718.8 21576.5 16766.1 11155.2 23779.2
429533 66437.2 10205.6 26172.2 16686.8 18227.2 16677.8 6044.66 14372.6
524524 85948.6 47361.4 89855.6 55133.1 68096.9 52505 25693.2 84182.7
431329 85193.8 35209 66824.6 17556 22211.6 21849.3 11627.7 28578.7
449668 50750.9 36100.1 22410.4 27942.6 20282.5 16475.1 11324.7 36594.6
469039 161088 128795 34052.6 51577.1 41118.2 35668.6 16839.8 48800.4
498637 112710 98966 52160 34383.6 34764.9 29886.9 17705.5 59877.4
463189 201323 65699.6 30569.8 15201.3 28817.6 21205.5 14510.7 40112.7
503164 256970 82719.7 46601.4 41539.7 45585.8 39871.4 22228.7 62328.5
439736 185051 48307.5 23230.1 13397.8 22594.7 22029.3 12437.9 34202.5
491243 75054.4 33015.5 46344.3 18378.9 42684 28589.7 26510.6 59854.9
441652 125240 25393.4 47937.3 18361.4 12672.1 11727.6 6139.78 23463.2
470006 110014 49647.2 29487.8 33336.2 25554.6 29089.1 13686.7 45502.4
485477 84576.7 27590.9 27707.7 21467.1 15415.2 28561.3 19671.1 50883.1
426357 65483.6 54975.7 16200 20831.7 15732.6 16337.3 5749.76 21867
499993 95832.3 49018.6 31034.3 26458.4 27461.2 27094.2 15858 64573
461562 114526 33686.3 45212.7 18832.7 17510.4 23919.6 11629.9 36168.2
511515 140925 208789 48334.8 46120.3 78704.9 57712.9 38358.4 79871.2
506299 84932.8 22538.1 50684 32494.5 19833.1 32011.8 20162.3 68891.7
496155 47242.5 61642.6 40620.6 41416.7 40665.1 32899.6 19601 53026.3
507719 146700 47787.1 65234.8 17092.5 25876.3 26000.3 11410.1 59710.4
427398 88940.3 39937.7 39777 15410.7 20784.2 18049.3 9718.87 17651.3
443479 70548.5 75678.1 32863.3 17737.6 21799.8 21353 13253.1 35455.7
461970 89520.7 22416.4 24951.1 13132.5 19503.2 16870 9956.06 32127.9
469576 315153 45560 41418.6 49463.2 43311.5 47381.3 23563.1 44062.3
460162 161984 63674.6 46954.3 18369.7 21581.2 33097.1 14876.1 32100.5
445269 166584 43017.4 27403.3 12732.4 17744.9 18409 10624.2 35286.5
463043 68616.4 20474.9 42428.7 17726.4 10446.9 9662.68 8690.7 28198.4
439198 64049.6 21613 24032.3 11697.4 10057.8 11919.5 9478.5 31697.5
446896 113394 14124.7 26579.7 19699.3 19723.2 19526.2 10339.6 37020.8
426786 49756.6 37376.7 26175.5 16690.2 26706.7 33340.9 11023.8 39876.2
511996 83258.1 43447.1 55947.5 26818.1 39831.4 40635.2 17511.5 65313
463162 35006.6 23695 19930 12526.7 21730.4 11826.4 11471.3 39133.9
398220 17669.6 38139.7 50350.7 20692.9 25217.7 25031.3 9497.73 26712.5
425708 18724.5 35341.3 25275.6 27151.3 31305.7 34282.6 12221.5 36308.3
397209 149535 8466.65 10575.9 12646 13079.8 8315.18 6270.53 18400.6
496787 207433 112141 51010.3 33358.2 39324.1 35072.6 19668 50529.3
460454 51827.9 84665 29478.6 43282.9 21143.6 30897.7 15811.5 42002.3
492267 118330 28866.5 58027.1 27732.4 33330.8 24646.9 20487.6 51791.8
431791 93276.5 27664.2 59442 33291 35234.6 26927.1 14619 42204.2
447517 434881 50255.6 38717.5 33144.1 35032 35748.9 17660.9 41325
488847 187957 35134.2 61157.9 30157.5 29799 30684.3 17735.8 41870.7
418458 58234.8 41735.1 15076.1 10563.3 9575.66 5723.55 5122.6 13668.5
457908 55616.1 40460 28417.7 15399.2 15585.7 21297.5 11707 47594.3
424329 41397.3 25411.4 44491.8 18941.9 15600.7 12702.4 7959.31 25576.1
427965 155243 58915.6 18370.8 14474.6 13887.1 14827.7 5705.78 19673.3
415186 67260.1 37812.7 25878.1 23037.4 20885.5 15438 7705.85 28678
440009 67295.7 33526.5 22599.5 24873.3 16377.2 26195.3 14437.1 45683.9
498301 193851 152441 37360.6 33172.4 38124.2 25618 11942.5 38728
504711 69549.3 64734.1 70292.2 27999.7 28003.6 19279.6 15825 56638.2
504717 144291 114270 81035.3 41056.4 35363.2 37023.9 18230.1 50861.3
479903 112282 56079.7 114536 51896.5 26584.7 26325.9 17856.2 47043.6
437092 46164.8 31515.6 33195.4 13750.5 20112.2 16041.5 8143.25 26743.4
414361 39323 48633.9 26073.6 11501.3 13411.1 10100.7 4341.93 19066.5
460058 111866 35144.5 29713.8 22690.2 24049.2 20666 10947.2 30033.7
436561 85388.7 18994.2 24675.3 17028.7 20334.9 13241.3 9929.35 22678.3
504482 158902 93197.6 65107 52781.4 68502.3 59930 21491.2 73404.1
470493 71130.7 79643.6 34007.3 25182.9 26198.4 27609.1 13686.5 49144.1
449740 210244 53914.1 33731.4 27147 28450.2 29690.8 13128 23854
437340 98946.5 19678.7 63429.8 44758.5 41561.5 49974.1 19633.4 49830.6
490526 111005 32302.5 68844.7 35133.8 42428.8 34184 23574.9 64104.3
492291 245610 41969.1 40950.7 42609.3 38473.6 42598 19175.5 51322.6
439293 62563.4 20291.5 28908.3 13040.6 24856.6 22148.1 9888.1 35506.5
444622 97426.9 38867.6 44403.4 33687.8 16621.3 23403.1 10593.9 31820.6
485458 121762 69422.3 75956.4 40470.4 44134.9 49891.5 28380.6 64303.4
498796 121251 79624.5 42484.2 38105.7 47755.1 48141.4 32128.6 60145.5
460933 69347.7 47428 57321.7 75288.4 45919.1 58278.9 26120.1 89301.6
470700 154338 36432.5 32671.7 21942.4 20695 17657.1 11316 50276.7
424291 84702.4 24440.1 18291.5 12225.5 13160.9 10588.5 5171.26 24752.4
495271 269916 26564.4 57237.1 34447.1 20272.8 38423.4 15555.2 64237.1
424591 142748 8026.1 11634.4 9341.5 9415.37 7906 3387.94 19010.6
442447 117106 40596.6 40220.7 25443.1 37265 26772 9972.14 42447.8
452347 138237 70878.8 85631.9 43667.9 53317.2 43317.1 23014.2 39856.4
453248 62066 37535.3 23628.4 31591.7 21629.1 22148.7 9981.51 33371.5
484296 181897 89538.1 89043.8 38273.7 25357.7 45237.8 23581.3 68045.2
419875 40567.6 19955.8 21146.5 16228.8 20794.5 14290.9 7634.06 19223.5
452811 67806.3 31537.2 20093.4 15080 11876.3 13628.5 8880.23 36521.4
465389 203179 52902.4 34591.7 32305.3 24381.6 30842.4 16127.6 40535.5
473435 101620 16779.5 24646.8 11706.8 15004.9 12605.8 5902.19 27290.2
466309 116301 66167.7 49358.8 30823.1 35806.1 40992.4 25163 53340.6
455088 278643 23830.8 47517.1 16512.6 15330.4 19678.1 11482.5 44559.3
468691 136921 28944 42275.4 14704.6 12359.5 7993.83 4951.06 22504.6
406977 86747.7 14931.3 10105.5 8312.99 9077.8 8659.22 5470.68 24065.2
495431 32138.4 53024.1 62438.1 34351 26093 37634 20531.7 45705.7
526970 221655 82365.1 89303.2 76225.1 38096.3 51756.1 31594.6 78785.4
435859 185261 40775.3 52008.8 23371.5 22028.3 13966.7 9377.94 27032.4
481521 80075.6 83442.2 33237.3 20105.8 41658.1 33196.9 17234.3 43823.6
508084 93205.2 26475.1 42462.9 33148.9 26793.4 36926.4 14185.7 54084.6
458130 46688.5 26502.2 37291.1 28598.7 39869.9 31280 19083.2 40210.3
422949 69038.3 23314.9 28316.7 19804.1 27221.3 21041.8 10447.1 22046.9
431960 313686 30649.4 18316.1 11567.3 11081.1 16886.1 5438.36 22704.1
415786 177705 22216.7 33520.7 28197.9 21916.5 23756.9 12198 27111.9
421969 52561.9 25880.1 30334.3 20163.1 22639.2 20798.2 16123.4 37711.2
521360 114378 84197.1 81518.9 51739 49963 51989.6 29935.6 97467.5
433881 27999.6 47249.9 24410.9 19343.9 20486.3 21540.6 12593.8 40947.7
454520 48221.5 14097.4 10002.2 6648.06 11582.1 12672.3 6170.04 25446.2
466417 173181 46203.8 73774.7 20369.8 32407.9 40391.6 20166.8 55535.5
397181 76757.3 31654.2 28209.9 20713.4 16621.1 10417.3 6457.29 21168.9
424048 28440.3 42041.5 39673.7 20852.6 22728 15597.8 12799 32315.2
407780 31236.4 12792.1 15480.5 4088.92 3942.13 3898.57 1799.38 6209.08
437514 35168.4 23105.2 24152.5 13492.4 16184.4 15640.1 10297.7 39651.4
431965 38575.4 35844.7 18765.7 22666.7 13707.9 18472.5 9983.98 34560
412943 28357.8 30035.2 42996.4 19929.5 15497.4 13342.7 11381.6 27235.5
468938 44380.1 25812.4 29251.3 17616.7 20073.6 19286 12830.1 48748.8
437492 117885 20486.8 25265.5 10212 11680.4 10710.5 6200.48 29651.2
515766 103886 57415.8 60747.3 30023.3 48679.5 56247.2 22013.4 59794.1
464780 134548 68495.5 22540.4 12012.8 19992.2 18421.3 10328.3 42317.6
460018 123044 70131.2 46169.4 21440.1 39227.8 38052.2 15555.9 38574.7
430251 33328.9 77695.7 33013.3 19917.2 20984.3 24508.4 17409.4 42399.9
496119 117613 116041 44285.1 29089.4 35284 27208.3 13402.2 41729
423646 32871.7 13328.1 32169.3 14118.9 14609 12458.9 5908.44 28320.4
445739 97042.9 30710.8 29856.3 9840.82 10456.6 12457.2 6724 28899.3
449620 65986.1 52292.7 24069.8 26684.8 16922.3 17762.2 12122.2 25148.1
496980 162691 68403.8 92251.3 24824.3 39111.6 30985.2 14481 48370.2
497890 341191 50063.8 87620.2 43891.9 48610 43895.7 19907.9 78360.5
458339 333694 58773.6 33033.3 29091.1 36142.6 23499.7 13240.9 39694.9
393734 151522 37987.5 16619.7 10009.5 6422.1 4502.88 3021.27 11592.4
449232 91453 51009.5 52898.3 26593.2 23537.4 26360.8 15861.7 53701.3
401621 16327.8 11797.3 21263.7 9401.45 10718.6 11394.6 6190.89 16640
484045 49546.2 39907.7 34317.9 16507 30311.1 28481.3 21295.9 60229.7
430223 182089 29933 20637 14068.2 16950.6 17044 8454.14 30029.6
464189 475497 34594.8 30661.5 9405.44 15521.7 13254.4 6774.72 36751.7
466347 63890.4 29760.3 57064.9 38041.4 36148.4 38762.6 18818.4 59987.1
521644 272943 50675 53802.5 32890.6 51001.9 47783.3 20410.9 62817.6
510452 176268 33959.8 84230.4 73597.9 74844.2 60433.6 38931.4 103229
482425 115429 58734 20061.1 22830.9 19535.9 20015.6 9173.29 36953.4
443308 262049 28672.8 18792.7 8654.89 11761.9 13565.6 5359.46 24250.8
411041 22855.6 21393.2 31200.2 10724.5 5909.39 4816.57 2541.18 16626.3
471761 46968 72417 43563.8 31906 18914.6 17731.2 8136.51 27429.1
467421 197185 29054.4 26025.4 22628.6 19201.1 19299.7 9315.57 35170
531116 57437.5 208377 95357.5 70484.8 55727 48360.4 23576.4 84704.7
456316 215081 31536.8 65211.1 17899.3 22289.8 19312.5 11906.5 30299.6
469717 55390.4 29502 17659.4 19799.4 23868.2 26760 19666.5 59439
538616 125987 56638.6 55813.7 61086.7 45217.3 45680.9 32853.1 76723.6
495425 96789.9 53204.2 37217.9 14852.1 24813.8 19239.9 12993.4 35771.6
440771 48200.6 22324.3 24527.5 15569.5 16832.8 18908.2 10180.8 39031
493645 142620 71264.6 45919.9 34137 39430.2 24946.5 18136.3 47301.5
469209 65498.6 43677.8 57024.1 37601.3 30742.7 33389.3 17095.9 52634.2
481078 148240 26637.7 62346.2 61119.5 46130.2 41557.3 25072.9 53208.4
453062 107434 23981.3 49849.5 20830.8 28046.3 22286.2 10255.9 49112.4
420153 17870.5 22917.6 18565.5 16553.5 14955.5 12015.1 7163.31 28185
518536 164968 53128.7 50362.5 29296.7 35897.6 30068.5 21444.5 59613.3
493582 126333 31564.5 43426.7 22812 18861.4 17948.1 13472.6 50903.2
450353 210453 44022.5 52301 23283.4 24311.6 27355.2 13869.1 40496.4
459958 75157.1 31497 15151.1 14896.1 24595 23401.6 13116.2 44335.7
447356 198845 40137.4 46516.8 39469.6 42675.5 29098.9 14911.9 57585.1
459488 70344.4 69965.3 49951.9 27957.9 29090.5 32062.4 14501.8 41622.9
481767 339650 115893 51987.2 32170.1 63268.2 44798.5 22502.2 50704.8
477476 51659.4 60850.5 39229.4 14179.3 14044.6 18287.9 11166.2 55587.7
484704 150882 28932.1 62689.5 38010.8 31465.8 26736.1 14120.1 34875.3
443287 64845.9 123887 39267.3 18297.1 16157.3 18481.2 13186.3 32374.8
433570 97641.2 30420.1 28487.2 13451.5 14335.4 18104.1 7870.32 25647.5
448142 232497 32819.9 44191.3 20413.1 23609.1 20024.1 12252.4 31934.2
410209 40865.8 21075 17798.9 10097.2 13352.4 12446.3 6125.83 23392.6
426192 31832.9 34106.5 29803.5 18719 18646.7 21177.8 10632 37818.7
452989 66276.1 51345.3 33691.7 31081.4 32213 23741.5 14271.3 34850.3
467365 122465 13864.6 57559.2 30788.4 28273.7 22135.4 13194.1 36829.5
478237 352707 37802.8 27760.5 10878 23747.7 17292.9 9406.14 42538.7
433979 184804 16925.2 24286.8 12631.7 19137.1 11436.5 4937.59 28026.3
459434 119049 26908.7 39124.2 18079.3 17695.1 18868.4 13494.5 51297.5
455179 181235 47425.6 31531.5 23613.6 25099.7 18191.1 8703.9 30290
422909 23064.9 27192.2 21471.7 17414.3 13461.7 11808.6 6583.21 22113.6
467791 84282.5 45656.9 97014.1 26859.3 35488.8 30775.1 10709.1 44312.1
450325 55850.4 45059.2 24035.3 9629.12 9758.07 8873.25 7501.02 28928.4
487755 244122 59448.8 53236.8 27685.2 29970.2 26505 13835.9 51239.3
506945 149967 70216.4 58361.8 47456 37331.3 30550.4 19989.7 45472.7
443906 67550.9 31280.6 41076.5 17082.1 21087.9 16802.1 12126.7 37887.2
499020 77185.2 29944.7 38686.5 32635.5 40274.9 41707.3 29172.6 74114.3
466066 55412.2 24227.4 51079.8 34046.5 33197.2 38500.7 21887 63420.4
510236 76093.6 47505.9 140486 51356.6 57417.3 51074 35267.5 74648.2
465143 123901 68067.1 50006.3 52417 25205.9 20617.5 15819 39583
475132 156803 71006.7 40849.7 31250.3 68016.2 49133.3 26241.4 69914.7
479054 94480.4 51391.4 55555.9 19840.9 33438.9 25721.5 12961.9 45811.4
434137 86892.2 23024.4 20627.4 11088.4 6717.43 13729.7 5605.07 25342
443154 102247 81684.2 81548.3 23448.6 13428.7 14122.1 9307.29 25691.8
458930 79542.2 51862.1 21339.7 22038.2 30193.6 24968.2 14068.3 39065.5
510143 134086 73398.7 36755.2 33746.5 31662 38051.1 21411.3 68492.6
446573 73640.1 44692.3 41084.8 29412.7 27417.9 22691.3 13874.3 43503.7
476431 174009 53516.4 47126.3 30125.5 27007.1 36027.5 14221.7 50623.5
430382 94588.2 31613.5 51234.4 24764.6 26455.7 27147.6 11938.7 36063.6
451937 44056.5 28716.7 45625.1 14816.1 21211.5 11742.2 8633.65 35705.9
443193 65163.9 27176 54725.1 29372.6 40726.2 29571.7 14719.3 32701.9
419930 54701 29023.4 47560.5 15333.5 19298.5 18012.4 6208.15 19906.6
455716 301987 74494.1 38478.5 16210.2 27419 33336.5 12151.8 42173.9
464692 92289.9 66850 53366.7 18623.5 25393.7 19167.9 8491.84 30437.7
453654 112823 29795.6 25719.1 16030.5 13034.5 13186.9 7235.41 24049.7
462314 104544 31933.8 33375.9 17064.2 28622.5 18494.4 11123.1 30563
446285 48839 68483.9 31957 42086.8 19196.7 18088.9 7610.79 22207.2
536486 101498 65115.7 42865.8 44292.6 31910.2 35659.4 22136 77885.3
439190 205361 33122.2 62992.6 29900.9 32814.3 33833.2 15844.3 28688.2
464992 106258 53229.3 37210.8 13365.8 12993 9314.5 6048.62 23944.1
437592 128535 26840.6 37978 51022.3 39627.6 35644.5 16093.1 34541.1
464954 110346 11004.3 49379.3 21376.6 18930.2 17421.5 12603.1 36246
456489 153628 53010.4 36833.9 11392.1 28750.5 18199 10557.1 29080.8
402177 16532.5 37133.3 24144.9 14528.8 22697.3 14077.5 6510.16 17419.8
511631 48891.1 33236.4 60946.5 49190.9 38258.8 37227.7 29529.5 64330.3
412714 77601.6 42293.4 39176.8 13216.2 11427.6 10369.4 5128.31 18907.8
474582 65810.9 48689.8 28071.4 22917.4 30081.4 17077.9 16294.3 57468.7
454384 131781 44095.9 39055.3 29444.7 33021.5 31237.4 24131.4 38951.3
481024 70520.9 42150.3 66881 44116.9 37733 37463.5 20486.1 65460.5
418691 87765.2 60975.8 36814.7 12484.1 16351.5 20662.1 11422 33371.3
422309 52087.7 20779.5 47958.2 26899.7 27455.4 28591.7 10824.7 35732.2
445005 154873 54037.8 34219.6 17981.5 24099.7 15004.7 8333.36 28605
502864 84694.6 57640.8 39256.1 32071.7 26994.2 32642.5 21835.2 78895.8
425551 108926 61534 26569.5 11126.9 10418.3 12428.2 6515.13 22857.9
407961 25866.9 19666 16009.7 11126.8 14091.7 10922.5 6100.76 22208.2
495224 99856.7 47701.8 63044.7 35942.1 31231.2 28929.7 15880.4 51390.8
432866 51420.4 23771.6 25282.8 13028.3 8535.61 10233.2 3786.81 14097.1
525859 111859 64687.8 49087 41761.3 73439.4 54941 33218 95601.8
442175 98133.3 21248.1 25756.4 16696 11076.7 11889.4 8424.3 24098.7
508645 198546 52936.1 83743 36767.8 37047.5 40276.3 13348.4 57559.7
454011 65578.2 81383.8 40484.8 28742.4 29436.6 36417.9 19487.8 44108.1
477009 208735 42815.8 67086.2 20041.3 29028.9 17084.3 10250.5 39870.2
482890 113404 40811.7 43251.2 23911.4 32305.4 35076.8 13749.2 53285.8
457628 49070.8 42353.5 15814.8 29562.1 21336.1 24453.8 13730.8 47384.6
493614 111573 99676.4 63681.7 59126.1 48702.9 38134.7 23373.7 68603.1
449900 72603.9 33661.6 11524.7 16791.4 17314 9778.48 5577.13 26124.9
517079 370594 102717 108751 65428.5 77906.3 58596.5 37691 90752
473357 50095.7 47103.2 34256.2 23610.2 21196.6 18161.4 12372.9 36777.8
459980 231319 73372.4 93208 53684.3 43750.7 31662.5 21464.1 48213.4
459787 141625 45106.3 22306.2 26373.3 24318.5 16730 10809.1 46181.5
479186 65230.1 46074.1 44678.4 25115.8 21364.3 24430.4 16499.8 40866.1
428033 240320 31775.2 22792 20645.5 16968.2 17538.2 9797.08 25062.7
417367 23210.6 24080.5 30385.9 22733.3 14981.5 11495.9 7116.43 20383.6
416774 77094.4 13288.6 14702.4 7069.12 8956.53 7293.07 3685.65 17040.6
482910 100939 33742.1 35671.3 19500.1 22187.8 18922.8 14866.5 40372.7
506960 171004 25009.1 37507 44161.6 26452 19219.7 16545.5 58821.1
469080 159138 67601.3 36427.2 40093.3 38907.6 33540.6 16486.8 47214.5
480315 85980.8 31637.5 29503.7 40550.9 39366.5 36990.5 24280 57330.5
464901 124516 18842.5 44017.8 26219.6 24172.3 32439 16841.5 54222.3
480177 94985.7 104070 51248.2 22309.2 34502.8 27161.7 16155.5 58372.2
398336 36016.8 31892 11758.9 7398.3 6285.33 8148.61 4248.77 11338.7
439273 32156.9 12236.3 23264.1 12088 20397.4 17258.2 8558.5 42143
444448 47351.3 34658 16713.2 11453.4 11503 12178.1 5801.94 24691.8
469816 75237.9 39860 22258.7 19813 22087.6 26606.5 19446.9 51219.9
516065 159563 62124.9 73849.1 39955.3 31454.7 27406.8 16545.7 58087.4
468850 96648.4 90640.3 50839.2 33472.6 57326.4 53752.8 27088.4 47605.1
464783 81922.7 86629.3 69744.6 35421 49564.8 45199.4 24919 65924.1
477029 137728 51263.8 68792.1 39624.1 33375.8 28465.4 22749.9 56244.8
516514 156796 40626.4 87712.3 54920.8 90218.2 80741.9 35446.5 86441
459225 197738 34782 44292.7 28765.2 28661.2 29015.4 17238.6 37167.8
