Proportion of F before Spawning
1 7
1958 2018
2 10
1
   0.5 0.5 0.5 0.5 0.5 0.5 0.5 0.5 0.5			
   0.5 0.5 0.5 0.5 0.5 0.5 0.5 0.5 0.5			
   0.5 0.5 0.5 0.5 0.5 0.5 0.5 0.5 0.5			
   0.5 0.5 0.5 0.5 0.5 0.5 0.5 0.5 0.5			
   0.5 0.5 0.5 0.5 0.5 0.5 0.5 0.5 0.5			
   0.5 0.5 0.5 0.5 0.5 0.5 0.5 0.5 0.5			
   0.5 0.5 0.5 0.5 0.5 0.5 0.5 0.5 0.5			
   0.5 0.5 0.5 0.5 0.5 0.5 0.5 0.5 0.5			
   0.5 0.5 0.5 0.5 0.5 0.5 0.5 0.5 0.5			
   0.5 0.5 0.5 0.5 0.5 0.5 0.5 0.5 0.5			
   0.5 0.5 0.5 0.5 0.5 0.5 0.5 0.5 0.5			
   0.5 0.5 0.5 0.5 0.5 0.5 0.5 0.5 0.5			
   0.5 0.5 0.5 0.5 0.5 0.5 0.5 0.5 0.5			
   0.5 0.5 0.5 0.5 0.5 0.5 0.5 0.5 0.5			
   0.5 0.5 0.5 0.5 0.5 0.5 0.5 0.5 0.5			
   0.5 0.5 0.5 0.5 0.5 0.5 0.5 0.5 0.5			
   0.5 0.5 0.5 0.5 0.5 0.5 0.5 0.5 0.5			
   0.5 0.5 0.5 0.5 0.5 0.5 0.5 0.5 0.5			
   0.5 0.5 0.5 0.5 0.5 0.5 0.5 0.5 0.5			
   0.5 0.5 0.5 0.5 0.5 0.5 0.5 0.5 0.5			
   0.5 0.5 0.5 0.5 0.5 0.5 0.5 0.5 0.5			
   0.5 0.5 0.5 0.5 0.5 0.5 0.5 0.5 0.5			
   0.5 0.5 0.5 0.5 0.5 0.5 0.5 0.5 0.5			
   0.5 0.5 0.5 0.5 0.5 0.5 0.5 0.5 0.5			
   0.5 0.5 0.5 0.5 0.5 0.5 0.5 0.5 0.5			
   0.5 0.5 0.5 0.5 0.5 0.5 0.5 0.5 0.5			
   0.5 0.5 0.5 0.5 0.5 0.5 0.5 0.5 0.5			
   0.5 0.5 0.5 0.5 0.5 0.5 0.5 0.5 0.5			
   0.5 0.5 0.5 0.5 0.5 0.5 0.5 0.5 0.5			
   0.5 0.5 0.5 0.5 0.5 0.5 0.5 0.5 0.5			
   0.5 0.5 0.5 0.5 0.5 0.5 0.5 0.5 0.5			
   0.5 0.5 0.5 0.5 0.5 0.5 0.5 0.5 0.5			
   0.5 0.5 0.5 0.5 0.5 0.5 0.5 0.5 0.5			
   0.5 0.5 0.5 0.5 0.5 0.5 0.5 0.5 0.5			
   0.5 0.5 0.5 0.5 0.5 0.5 0.5 0.5 0.5			
   0.5 0.5 0.5 0.5 0.5 0.5 0.5 0.5 0.5			
   0.5 0.5 0.5 0.5 0.5 0.5 0.5 0.5 0.5			
   0.5 0.5 0.5 0.5 0.5 0.5 0.5 0.5 0.5			
   0.5 0.5 0.5 0.5 0.5 0.5 0.5 0.5 0.5			
   0.5 0.5 0.5 0.5 0.5 0.5 0.5 0.5 0.5			
   0.5 0.5 0.5 0.5 0.5 0.5 0.5 0.5 0.5			
   0.5 0.5 0.5 0.5 0.5 0.5 0.5 0.5 0.5			
   0.5 0.5 0.5 0.5 0.5 0.5 0.5 0.5 0.5			
   0.5 0.5 0.5 0.5 0.5 0.5 0.5 0.5 0.5			
   0.5 0.5 0.5 0.5 0.5 0.5 0.5 0.5 0.5			
   0.5 0.5 0.5 0.5 0.5 0.5 0.5 0.5 0.5			
   0.5 0.5 0.5 0.5 0.5 0.5 0.5 0.5 0.5			
   0.5 0.5 0.5 0.5 0.5 0.5 0.5 0.5 0.5			
   0.5 0.5 0.5 0.5 0.5 0.5 0.5 0.5 0.5			
   0.5 0.5 0.5 0.5 0.5 0.5 0.5 0.5 0.5			
   0.5 0.5 0.5 0.5 0.5 0.5 0.5 0.5 0.5			
   0.5 0.5 0.5 0.5 0.5 0.5 0.5 0.5 0.5			
   0.5 0.5 0.5 0.5 0.5 0.5 0.5 0.5 0.5			
   0.5 0.5 0.5 0.5 0.5 0.5 0.5 0.5 0.5			
   0.5 0.5 0.5 0.5 0.5 0.5 0.5 0.5 0.5			
   0.5 0.5 0.5 0.5 0.5 0.5 0.5 0.5 0.5			
   0.5 0.5 0.5 0.5 0.5 0.5 0.5 0.5 0.5			
   0.5 0.5 0.5 0.5 0.5 0.5 0.5 0.5 0.5			
   0.5 0.5 0.5 0.5 0.5 0.5 0.5 0.5 0.5
   0.5 0.5 0.5 0.5 0.5 0.5 0.5 0.5 0.5	
   0.5 0.5 0.5 0.5 0.5 0.5 0.5 0.5 0.5				 		