Mean Weight in Stock (kilograms)
1 4
1958 2018
2 10
1
   0.096   0.115   0.162   0.185   0.205   0.217   0.227   0.232   0.230
   0.087   0.119   0.166   0.185   0.200   0.210   0.217   0.230   0.231
   0.093   0.122   0.156   0.191   0.205   0.207   0.220   0.225   0.239
   0.098   0.127   0.156   0.185   0.207   0.212   0.220   0.235   0.235
   0.109   0.146   0.170   0.187   0.210   0.227   0.232   0.237   0.240
   0.103   0.139   0.194   0.205   0.217   0.230   0.237   0.245   0.251
   0.105   0.139   0.182   0.215   0.225   0.230   0.237   0.245   0.253
   0.103   0.143   0.180   0.212   0.232   0.243   0.243   0.256   0.260
   0.122   0.154   0.191   0.212   0.237   0.248   0.240   0.253   0.257
   0.119   0.158   0.185   0.217   0.243   0.251   0.256   0.259   0.264
   0.119   0.166   0.196   0.215   0.235   0.248   0.256   0.262   0.266
   0.122   0.164   0.200   0.217   0.237   0.245   0.264   0.264   0.262
   0.128   0.162   0.200   0.225   0.240   0.253   0.264   0.276   0.272
   0.117   0.166   0.200   0.225   0.245   0.253   0.262   0.267   0.283
   0.132   0.170   0.194   0.220   0.245   0.259   0.264   0.270   0.285
   0.125   0.174   0.205   0.215   0.245   0.262   0.262   0.285   0.285
   0.141   0.180   0.210   0.225   0.237   0.259   0.262   0.288   0.270
   0.137   0.187   0.215   0.240   0.251   0.260   0.270   0.279   0.284
   0.137   0.174   0.205   0.235   0.259   0.270   0.279   0.288   0.293
   0.134   0.185   0.212   0.222   0.243   0.267   0.259   0.292   0.298
   0.127   0.189   0.217   0.240   0.279   0.276   0.291   0.297   0.302
   0.127   0.174   0.212   0.230   0.253   0.273   0.291   0.279   0.284
   0.117   0.174   0.207   0.237   0.259   0.276   0.270   0.270   0.275
   0.115   0.172   0.210   0.245   0.267   0.276   0.297   0.309   0.315
   0.115   0.154   0.194   0.237   0.262   0.273   0.279   0.288   0.293
   0.109   0.148   0.198   0.220   0.276   0.282   0.276   0.319   0.325
   0.093   0.142   0.185   0.213   0.213   0.245   0.246   0.263   0.262
   0.104   0.140   0.170   0.201   0.234   0.248   0.256   0.260   0.263
   0.112   0.155   0.172   0.187   0.215   0.248   0.276   0.284   0.332
   0.096   0.138   0.186   0.192   0.204   0.231   0.255   0.267   0.284
   0.097   0.132   0.168   0.203   0.209   0.215   0.237   0.257   0.283
   0.106   0.129   0.151   0.169   0.194   0.199   0.210   0.221   0.240
   0.099   0.137   0.153   0.167   0.188   0.208   0.209   0.229   0.251
   0.092   0.128   0.168   0.182   0.190   0.206   0.229   0.236   0.251
   0.096   0.123   0.150   0.177   0.191   0.194   0.212   0.228   0.248
   0.092   0.129   0.155   0.180   0.201   0.204   0.210   0.225   0.240
   0.097   0.135   0.168   0.179   0.190   0.210   0.218   0.217   0.227
   0.088   0.126   0.151   0.178   0.188   0.198   0.207   0.227   0.227
   0.088   0.118   0.147   0.159   0.185   0.196   0.207   0.219   0.231
   0.093   0.124   0.141   0.157   0.172   0.192   0.206   0.216   0.220
   0.099   0.121   0.153   0.163   0.173   0.185   0.199   0.204   0.225
   0.090   0.120   0.149   0.167   0.180   0.183   0.202   0.209   0.208
   0.092   0.111   0.148   0.168   0.185   0.187   0.197   0.210   0.224
   0.082   0.107   0.139   0.162   0.177   0.190   0.185   0.204   0.229
   0.096   0.115   0.139   0.156   0.184   0.196   0.203   0.211   0.223
   0.078   0.100   0.130   0.141   0.156   0.158   0.168   0.200   0.213
   0.077   0.127   0.133   0.151   0.156   0.168   0.216   0.228   0.257
   0.074   0.103   0.145   0.143   0.155   0.161   0.175   0.221   0.233
   0.085   0.104   0.123   0.153   0.150   0.157   0.164   0.177   0.188
   0.068   0.101   0.122   0.138   0.156   0.159   0.163   0.167   0.251
   0.083   0.117   0.140   0.156   0.170   0.180   0.177   0.189   0.232
   0.076   0.117   0.142   0.158   0.168   0.176   0.170   0.186   0.226
   0.076   0.106   0.127   0.139   0.152   0.157   0.164   0.188   0.180
   0.067   0.108   0.127   0.138   0.148   0.160   0.170   0.194   0.197
   0.061   0.094   0.125   0.138   0.149   0.159   0.161   0.165   0.167
   0.060   0.101   0.126   0.144   0.153   0.159   0.168   0.170   0.186
   0.065   0.100   0.128   0.142   0.153   0.158   0.163   0.177   0.169
   0.065   0.098   0.119   0.133   0.140   0.146   0.153   0.160   0.162
   0.059   0.096   0.117   0.131   0.139   0.143   0.150   0.160   0.165
   0.055   0.079   0.088   0.116   0.139   0.158   0.164   0.170   0.177
   0.065    0.095   0.121   0.142   0.154   0.166   0.171   0.166   0.170



